#time [s]
6.366e-06
5.794e-06
5.662e-06
5.654e-06
5.668e-06
5.679e-06
5.667e-06
5.652e-06
5.656e-06
5.702e-06
5.671e-06
5.664e-06
5.651e-06
5.667e-06
5.665e-06
5.676e-06
5.652e-06
5.659e-06
5.657e-06
5.68e-06
5.669e-06
5.658e-06
5.655e-06
5.669e-06
5.673e-06
5.665e-06
5.646e-06
5.665e-06
5.664e-06
5.678e-06
5.654e-06
5.655e-06
5.657e-06
5.679e-06
5.667e-06
5.661e-06
5.653e-06
5.668e-06
5.677e-06
5.672e-06
5.647e-06
5.66e-06
5.661e-06
5.68e-06
5.657e-06
5.659e-06
5.653e-06
5.675e-06
5.664e-06
5.662e-06
5.645e-06
5.669e-06
5.676e-06
5.671e-06
5.65e-06
5.658e-06
5.661e-06
5.682e-06
5.658e-06
5.66e-06
5.651e-06
5.675e-06
5.666e-06
5.666e-06
5.655e-06
5.667e-06
5.67e-06
5.672e-06
5.656e-06
5.656e-06
5.667e-06
5.676e-06
5.666e-06
5.658e-06
5.655e-06
5.671e-06
5.675e-06
5.672e-06
5.653e-06
5.658e-06
5.669e-06
5.668e-06
5.66e-06
5.655e-06
5.663e-06
5.677e-06
5.669e-06
5.65e-06
5.655e-06
5.673e-06
5.673e-06
5.662e-06
5.654e-06
5.656e-06
5.668e-06
5.673e-06
5.662e-06
5.656e-06
5.661e-06
5.679e-06
5.67e-06
5.658e-06
5.654e-06
5.662e-06
5.673e-06
5.665e-06
5.656e-06
5.654e-06
5.667e-06
5.673e-06
5.664e-06
5.662e-06
5.658e-06
5.666e-06
5.673e-06
5.664e-06
5.652e-06
5.661e-06
5.673e-06
5.673e-06
5.657e-06
5.657e-06
5.663e-06
5.671e-06
5.666e-06
5.657e-06
5.657e-06
5.672e-06
5.673e-06
5.667e-06
5.653e-06
5.667e-06
5.669e-06
5.669e-06
5.659e-06
5.652e-06
5.662e-06
5.677e-06
5.667e-06
5.661e-06
5.654e-06
5.67e-06
5.674e-06
5.674e-06
5.653e-06
5.655e-06
5.669e-06
5.672e-06
5.661e-06
5.652e-06
5.662e-06
5.675e-06
5.672e-06
5.667e-06
5.653e-06
5.665e-06
5.674e-06
5.666e-06
5.655e-06
5.655e-06
5.666e-06
5.678e-06
5.664e-06
5.661e-06
5.659e-06
5.668e-06
5.672e-06
5.658e-06
5.652e-06
5.661e-06
5.672e-06
5.668e-06
5.657e-06
5.657e-06
5.663e-06
5.676e-06
5.665e-06
5.661e-06
5.649e-06
5.674e-06
5.666e-06
5.669e-06
5.645e-06
5.666e-06
5.663e-06
5.677e-06
5.659e-06
5.656e-06
5.656e-06
5.676e-06
5.665e-06
5.663e-06
5.658e-06
5.671e-06
5.667e-06
5.671e-06
5.647e-06
5.665e-06
5.662e-06
5.679e-06
5.655e-06
5.659e-06
5.663e-06
5.675e-06
5.672e-06
5.66e-06
5.652e-06
1.5019e-05
5.799e-06
5.689e-06
5.693e-06
5.69e-06
5.676e-06
5.658e-06
5.653e-06
5.661e-06
5.675e-06
5.667e-06
5.656e-06
5.66e-06
5.665e-06
5.68e-06
5.659e-06
5.659e-06
5.662e-06
5.673e-06
5.672e-06
5.665e-06
5.655e-06
5.665e-06
5.675e-06
5.67e-06
5.654e-06
5.657e-06
5.672e-06
5.68e-06
5.671e-06
5.658e-06
5.666e-06
5.674e-06
5.67e-06
5.662e-06
5.66e-06
5.663e-06
5.675e-06
5.666e-06
5.661e-06
5.655e-06
5.666e-06
5.675e-06
5.671e-06
5.657e-06
5.658e-06
5.663e-06
5.675e-06
5.665e-06
5.655e-06
5.66e-06
5.673e-06
5.672e-06
5.664e-06
5.649e-06
5.665e-06
5.675e-06
5.671e-06
5.658e-06
5.655e-06
5.661e-06
5.677e-06
5.667e-06
5.657e-06
5.655e-06
5.672e-06
5.67e-06
5.665e-06
5.654e-06
5.662e-06
5.668e-06
5.673e-06
5.66e-06
5.655e-06
5.66e-06
5.676e-06
5.67e-06
5.659e-06
5.656e-06
5.669e-06
5.671e-06
5.668e-06
5.651e-06
5.659e-06
5.67e-06
5.676e-06
5.659e-06
5.654e-06
5.657e-06
5.674e-06
5.667e-06
5.662e-06
5.655e-06
5.667e-06
5.673e-06
5.669e-06
5.657e-06
5.659e-06
5.668e-06
5.676e-06
5.665e-06
5.654e-06
5.655e-06
5.673e-06
5.67e-06
5.662e-06
5.654e-06
5.664e-06
5.675e-06
5.671e-06
5.658e-06
5.655e-06
5.666e-06
5.676e-06
5.668e-06
5.658e-06
5.658e-06
5.67e-06
5.674e-06
5.665e-06
5.65e-06
5.661e-06
5.672e-06
5.673e-06
5.661e-06
5.655e-06
5.66e-06
5.676e-06
5.67e-06
5.659e-06
5.657e-06
5.669e-06
5.677e-06
5.668e-06
5.65e-06
5.66e-06
5.669e-06
5.674e-06
5.663e-06
5.655e-06
5.663e-06
5.675e-06
5.668e-06
5.661e-06
5.655e-06
5.667e-06
5.675e-06
5.668e-06
5.657e-06
5.658e-06
5.665e-06
5.676e-06
5.666e-06
5.656e-06
5.659e-06
5.673e-06
5.67e-06
5.663e-06
5.649e-06
5.663e-06
5.669e-06
5.672e-06
5.66e-06
5.657e-06
5.665e-06
5.677e-06
5.663e-06
5.657e-06
5.657e-06
5.671e-06
5.675e-06
5.665e-06
5.649e-06
5.662e-06
5.671e-06
5.673e-06
5.657e-06
5.657e-06
5.659e-06
5.676e-06
5.67e-06
5.661e-06
5.652e-06
5.667e-06
5.676e-06
5.667e-06
5.651e-06
5.66e-06
5.666e-06
5.675e-06
5.663e-06
5.655e-06
5.658e-06
5.673e-06
5.667e-06
5.661e-06
5.654e-06
5.665e-06
5.671e-06
5.67e-06
5.657e-06
5.658e-06
5.663e-06
5.677e-06
5.666e-06
5.655e-06
5.659e-06
5.671e-06
5.67e-06
5.663e-06
5.65e-06
5.664e-06
5.674e-06
5.671e-06
5.655e-06
5.656e-06
5.661e-06
5.676e-06
5.663e-06
5.659e-06
5.658e-06
5.67e-06
5.674e-06
5.665e-06
5.654e-06
5.663e-06
5.672e-06
5.673e-06
5.666e-06
5.663e-06
5.658e-06
5.674e-06
5.664e-06
5.666e-06
5.65e-06
5.667e-06
5.675e-06
5.667e-06
5.655e-06
5.66e-06
5.669e-06
5.676e-06
5.663e-06
5.654e-06
5.684e-06
5.673e-06
5.665e-06
5.661e-06
5.657e-06
5.665e-06
5.676e-06
5.67e-06
5.665e-06
5.659e-06
5.668e-06
5.675e-06
5.667e-06
5.657e-06
5.662e-06
5.671e-06
5.676e-06
5.663e-06
5.662e-06
5.665e-06
5.674e-06
5.668e-06
5.66e-06
5.658e-06
5.667e-06
5.675e-06
5.669e-06
5.658e-06
5.66e-06
5.671e-06
5.676e-06
5.664e-06
5.656e-06
5.66e-06
5.673e-06
5.673e-06
5.663e-06
5.655e-06
5.666e-06
5.675e-06
5.677e-06
5.662e-06
5.656e-06
5.666e-06
5.677e-06
5.668e-06
5.657e-06
5.659e-06
5.672e-06
5.676e-06
5.671e-06
5.657e-06
5.662e-06
5.672e-06
5.671e-06
5.661e-06
5.657e-06
5.664e-06
5.677e-06
5.669e-06
5.661e-06
5.659e-06
5.675e-06
5.678e-06
5.666e-06
5.654e-06
5.659e-06
5.671e-06
5.676e-06
5.663e-06
5.657e-06
5.663e-06
5.682e-06
5.674e-06
5.661e-06
5.654e-06
5.665e-06
5.677e-06
5.669e-06
5.659e-06
5.66e-06
5.671e-06
5.683e-06
5.664e-06
5.656e-06
5.661e-06
5.672e-06
5.673e-06
5.661e-06
5.656e-06
5.665e-06
5.674e-06
5.672e-06
5.661e-06
5.656e-06
5.666e-06
5.675e-06
5.666e-06
5.656e-06
5.659e-06
5.67e-06
5.675e-06
5.667e-06
5.655e-06
5.669e-06
5.671e-06
5.673e-06
5.66e-06
5.658e-06
5.665e-06
5.676e-06
5.671e-06
5.659e-06
5.657e-06
5.675e-06
5.678e-06
5.665e-06
5.655e-06
5.659e-06
5.67e-06
5.675e-06
5.664e-06
5.656e-06
5.663e-06
5.675e-06
5.673e-06
5.667e-06
5.657e-06
5.667e-06
5.674e-06
5.669e-06
5.657e-06
5.66e-06
5.669e-06
5.678e-06
5.665e-06
5.662e-06
5.663e-06
5.672e-06
5.672e-06
5.664e-06
5.655e-06
5.666e-06
5.675e-06
5.672e-06
5.659e-06
5.663e-06
5.669e-06
5.676e-06
5.667e-06
5.657e-06
5.657e-06
5.671e-06
5.675e-06
5.667e-06
5.654e-06
5.662e-06
5.674e-06
5.671e-06
5.66e-06
5.655e-06
5.664e-06
5.676e-06
5.672e-06
5.658e-06
5.657e-06
5.669e-06
5.676e-06
5.672e-06
5.655e-06
5.66e-06
5.669e-06
5.675e-06
5.664e-06
5.656e-06
5.662e-06
5.676e-06
5.671e-06
5.661e-06
5.657e-06
5.666e-06
5.678e-06
5.668e-06
5.657e-06
5.658e-06
5.669e-06
5.675e-06
5.666e-06
5.657e-06
5.662e-06
5.673e-06
5.672e-06
5.669e-06
5.654e-06
5.664e-06
5.674e-06
5.671e-06
5.66e-06
5.657e-06
5.667e-06
5.682e-06
5.666e-06
5.663e-06
5.657e-06
5.671e-06
5.677e-06
5.666e-06
5.655e-06
5.664e-06
5.672e-06
5.673e-06
5.663e-06
5.655e-06
5.663e-06
5.676e-06
5.669e-06
5.66e-06
5.657e-06
5.67e-06
5.675e-06
5.668e-06
5.658e-06
5.666e-06
5.673e-06
5.681e-06
5.663e-06
5.655e-06
5.665e-06
5.676e-06
5.672e-06
5.662e-06
5.656e-06
5.669e-06
5.677e-06
5.667e-06
5.655e-06
5.659e-06
5.67e-06
5.677e-06
5.668e-06
5.656e-06
5.66e-06
5.672e-06
5.674e-06
5.663e-06
5.654e-06
5.664e-06
5.673e-06
5.671e-06
5.659e-06
5.656e-06
5.668e-06
5.677e-06
5.669e-06
5.656e-06
5.657e-06
5.669e-06
5.673e-06
5.664e-06
5.656e-06
5.664e-06
5.674e-06
5.673e-06
5.661e-06
5.662e-06
5.663e-06
5.676e-06
5.669e-06
5.661e-06
5.658e-06
5.669e-06
5.675e-06
5.669e-06
5.656e-06
5.66e-06
5.673e-06
5.673e-06
5.665e-06
5.655e-06
5.661e-06
5.674e-06
5.673e-06
5.661e-06
5.655e-06
5.667e-06
5.677e-06
5.671e-06
5.656e-06
5.665e-06
5.667e-06
5.676e-06
5.666e-06
5.656e-06
5.66e-06
5.674e-06
5.674e-06
5.666e-06
5.658e-06
5.668e-06
5.679e-06
5.67e-06
5.659e-06
5.659e-06
5.667e-06
5.678e-06
5.668e-06
5.658e-06
5.661e-06
5.67e-06
5.674e-06
5.664e-06
5.654e-06
5.664e-06
5.673e-06
5.674e-06
5.661e-06
5.656e-06
5.666e-06
5.681e-06
5.672e-06
5.665e-06
5.656e-06
5.67e-06
5.678e-06
5.669e-06
5.656e-06
5.661e-06
5.673e-06
5.682e-06
5.665e-06
5.655e-06
5.663e-06
5.675e-06
5.673e-06
5.662e-06
5.657e-06
5.667e-06
5.675e-06
5.669e-06
5.66e-06
5.658e-06
5.668e-06
5.676e-06
5.664e-06
5.656e-06
5.66e-06
5.672e-06
5.675e-06
5.664e-06
5.657e-06
5.664e-06
5.673e-06
5.67e-06
5.658e-06
5.656e-06
5.667e-06
5.677e-06
5.669e-06
5.658e-06
5.659e-06
5.677e-06
5.674e-06
5.665e-06
5.654e-06
5.664e-06
5.674e-06
5.674e-06
5.662e-06
5.657e-06
5.665e-06
5.678e-06
5.672e-06
5.659e-06
5.659e-06
5.668e-06
5.674e-06
5.668e-06
5.656e-06
5.659e-06
5.671e-06
5.675e-06
5.666e-06
5.655e-06
5.661e-06
5.681e-06
5.67e-06
5.66e-06
5.655e-06
5.666e-06
5.676e-06
5.672e-06
5.658e-06
5.666e-06
5.667e-06
5.682e-06
5.665e-06
5.656e-06
5.662e-06
5.672e-06
5.674e-06
5.663e-06
5.655e-06
5.666e-06
5.677e-06
5.67e-06
5.659e-06
5.655e-06
5.666e-06
5.677e-06
5.668e-06
5.659e-06
5.66e-06
5.671e-06
5.677e-06
5.672e-06
5.657e-06
5.668e-06
5.671e-06
5.674e-06
5.663e-06
5.656e-06
5.665e-06
5.677e-06
5.671e-06
5.666e-06
5.659e-06
5.669e-06
5.674e-06
5.667e-06
5.658e-06
5.66e-06
5.673e-06
5.675e-06
5.664e-06
5.655e-06
5.665e-06
5.674e-06
5.671e-06
5.66e-06
5.655e-06
5.666e-06
5.677e-06
5.669e-06
5.657e-06
5.659e-06
5.671e-06
1.2178e-05
5.793e-06
5.718e-06
5.716e-06
5.703e-06
5.669e-06
5.658e-06
5.668e-06
5.673e-06
5.67e-06
5.657e-06
5.656e-06
5.684e-06
5.677e-06
5.668e-06
5.657e-06
5.663e-06
5.677e-06
5.673e-06
5.662e-06
5.671e-06
5.669e-06
5.661e-06
5.671e-06
5.664e-06
5.654e-06
5.665e-06
5.675e-06
5.668e-06
5.655e-06
5.674e-06
5.667e-06
5.662e-06
5.663e-06
5.654e-06
5.668e-06
5.671e-06
5.672e-06
5.666e-06
5.653e-06
5.663e-06
5.674e-06
5.687e-06
5.657e-06
5.642e-06
5.673e-06
5.675e-06
5.666e-06
5.655e-06
5.658e-06
5.668e-06
5.674e-06
5.682e-06
5.653e-06
5.661e-06
5.681e-06
5.671e-06
5.668e-06
5.654e-06
5.672e-06
5.679e-06
5.668e-06
5.657e-06
5.656e-06
5.661e-06
5.674e-06
5.663e-06
5.655e-06
5.658e-06
5.67e-06
5.673e-06
5.661e-06
5.654e-06
5.662e-06
5.682e-06
5.697e-06
5.659e-06
5.659e-06
5.667e-06
5.68e-06
5.669e-06
5.65e-06
5.662e-06
5.665e-06
5.68e-06
5.667e-06
5.659e-06
5.658e-06
5.668e-06
5.679e-06
5.657e-06
5.65e-06
5.659e-06
5.672e-06
5.673e-06
5.659e-06
5.66e-06
5.669e-06
5.679e-06
5.673e-06
5.651e-06
5.655e-06
5.664e-06
5.679e-06
5.668e-06
5.655e-06
5.666e-06
5.673e-06
5.675e-06
5.666e-06
5.65e-06
5.67e-06
5.672e-06
5.667e-06
5.663e-06
5.651e-06
5.664e-06
5.676e-06
5.669e-06
5.656e-06
5.663e-06
5.675e-06
5.668e-06
5.664e-06
5.648e-06
5.667e-06
5.67e-06
5.672e-06
5.663e-06
5.656e-06
5.662e-06
5.677e-06
5.671e-06
5.658e-06
5.651e-06
5.674e-06
5.68e-06
5.666e-06
5.658e-06
5.662e-06
5.667e-06
5.674e-06
5.665e-06
5.66e-06
5.657e-06
5.679e-06
5.673e-06
5.661e-06
5.65e-06
5.668e-06
5.678e-06
5.667e-06
5.659e-06
5.663e-06
5.663e-06
5.675e-06
5.657e-06
5.658e-06
5.657e-06
5.674e-06
5.675e-06
5.664e-06
5.657e-06
5.665e-06
5.678e-06
5.67e-06
5.651e-06
5.658e-06
5.661e-06
5.676e-06
5.662e-06
5.656e-06
5.663e-06
5.675e-06
5.676e-06
5.668e-06
5.648e-06
5.665e-06
5.676e-06
5.673e-06
5.656e-06
5.656e-06
5.669e-06
5.679e-06
5.671e-06
5.662e-06
5.651e-06
5.67e-06
5.679e-06
5.666e-06
5.648e-06
5.662e-06
5.674e-06
5.677e-06
5.665e-06
5.655e-06
5.667e-06
5.676e-06
5.663e-06
5.664e-06
5.651e-06
5.667e-06
5.678e-06
5.668e-06
5.65e-06
5.66e-06
5.672e-06
5.679e-06
5.657e-06
5.659e-06
5.665e-06
5.674e-06
5.666e-06
5.663e-06
5.658e-06
5.667e-06
5.679e-06
5.674e-06
5.652e-06
5.658e-06
5.671e-06
5.677e-06
5.66e-06
5.656e-06
5.663e-06
5.674e-06
5.676e-06
5.664e-06
5.658e-06
5.664e-06
5.667e-06
5.676e-06
5.653e-06
5.657e-06
5.669e-06
5.677e-06
5.664e-06
5.658e-06
5.66e-06
5.674e-06
5.67e-06
5.67e-06
5.658e-06
5.662e-06
5.665e-06
5.675e-06
5.665e-06
5.654e-06
5.666e-06
5.679e-06
5.664e-06
5.66e-06
5.66e-06
5.668e-06
5.67e-06
5.667e-06
5.658e-06
5.663e-06
5.673e-06
5.675e-06
5.667e-06
5.657e-06
5.656e-06
5.677e-06
5.666e-06
5.663e-06
5.658e-06
5.666e-06
5.672e-06
5.67e-06
5.66e-06
5.662e-06
5.662e-06
5.681e-06
5.67e-06
5.655e-06
5.653e-06
5.672e-06
5.677e-06
5.664e-06
5.657e-06
5.668e-06
5.667e-06
5.672e-06
5.663e-06
5.656e-06
5.661e-06
5.677e-06
5.672e-06
5.659e-06
5.661e-06
5.671e-06
5.678e-06
5.666e-06
5.648e-06
5.666e-06
5.665e-06
5.674e-06
5.665e-06
5.656e-06
5.66e-06
5.674e-06
5.673e-06
5.664e-06
5.65e-06
5.7e-06
5.685e-06
5.673e-06
5.668e-06
5.675e-06
5.679e-06
5.666e-06
5.656e-06
5.661e-06
5.674e-06
5.675e-06
5.661e-06
5.653e-06
5.664e-06
5.671e-06
5.672e-06
5.656e-06
5.657e-06
5.662e-06
5.673e-06
5.664e-06
5.658e-06
5.655e-06
5.671e-06
5.671e-06
5.666e-06
5.649e-06
5.663e-06
5.669e-06
5.67e-06
5.657e-06
5.656e-06
5.659e-06
5.675e-06
5.665e-06
5.659e-06
5.652e-06
5.668e-06
5.671e-06
5.668e-06
5.651e-06
5.661e-06
5.666e-06
5.673e-06
5.659e-06
5.656e-06
5.658e-06
5.674e-06
5.669e-06
5.667e-06
5.646e-06
5.671e-06
5.667e-06
5.664e-06
5.648e-06
5.652e-06
5.66e-06
5.677e-06
5.664e-06
5.656e-06
5.653e-06
5.673e-06
5.667e-06
5.67e-06
5.648e-06
5.665e-06
5.669e-06
5.672e-06
5.662e-06
5.656e-06
5.662e-06
5.678e-06
5.662e-06
5.655e-06
5.654e-06
5.67e-06
5.672e-06
5.666e-06
5.659e-06
5.663e-06
5.67e-06
5.675e-06
5.657e-06
6.336e-06
5.661e-06
5.677e-06
5.665e-06
5.659e-06
5.661e-06
5.67e-06
5.671e-06
5.667e-06
5.651e-06
5.662e-06
5.668e-06
5.675e-06
5.657e-06
5.657e-06
5.658e-06
5.675e-06
5.667e-06
5.661e-06
5.651e-06
5.667e-06
5.671e-06
5.668e-06
5.653e-06
5.663e-06
5.665e-06
5.675e-06
5.66e-06
5.656e-06
5.664e-06
5.673e-06
5.669e-06
5.663e-06
5.65e-06
5.661e-06
5.671e-06
5.672e-06
5.655e-06
5.657e-06
5.664e-06
5.677e-06
5.663e-06
5.657e-06
5.654e-06
5.668e-06
5.669e-06
5.666e-06
5.65e-06
5.663e-06
5.67e-06
5.674e-06
5.656e-06
5.656e-06
5.66e-06
5.676e-06
5.665e-06
5.66e-06
5.653e-06
5.669e-06
5.671e-06
5.669e-06
5.652e-06
5.66e-06
5.666e-06
5.675e-06
5.66e-06
5.656e-06
5.659e-06
5.672e-06
5.667e-06
5.662e-06
5.651e-06
5.667e-06
5.673e-06
5.67e-06
5.653e-06
5.659e-06
5.664e-06
5.674e-06
5.662e-06
5.657e-06
5.656e-06
5.673e-06
5.676e-06
5.663e-06
5.649e-06
5.664e-06
5.671e-06
5.669e-06
5.654e-06
5.657e-06
5.663e-06
5.677e-06
5.67e-06
5.657e-06
5.662e-06
5.671e-06
5.671e-06
5.663e-06
5.651e-06
5.663e-06
5.668e-06
5.674e-06
5.664e-06
5.655e-06
5.66e-06
5.676e-06
5.666e-06
5.657e-06
5.653e-06
5.668e-06
5.671e-06
5.667e-06
5.658e-06
5.661e-06
5.666e-06
5.675e-06
5.66e-06
5.655e-06
5.657e-06
5.674e-06
5.667e-06
5.661e-06
5.651e-06
5.667e-06
5.671e-06
5.669e-06
5.653e-06
5.659e-06
5.664e-06
5.677e-06
5.661e-06
5.66e-06
5.656e-06
5.672e-06
5.67e-06
5.664e-06
5.657e-06
5.664e-06
5.67e-06
5.672e-06
5.656e-06
5.653e-06
5.662e-06
5.675e-06
5.663e-06
5.659e-06
5.655e-06
5.67e-06
5.67e-06
5.667e-06
5.65e-06
5.66e-06
5.667e-06
5.674e-06
5.658e-06
5.657e-06
5.661e-06
5.677e-06
5.666e-06
5.66e-06
5.652e-06
5.669e-06
5.672e-06
5.667e-06
5.651e-06
5.657e-06
5.665e-06
5.677e-06
5.659e-06
5.657e-06
5.66e-06
5.674e-06
5.668e-06
5.662e-06
5.65e-06
5.664e-06
5.671e-06
5.673e-06
5.653e-06
5.658e-06
5.671e-06
5.677e-06
5.67e-06
5.656e-06
5.656e-06
5.669e-06
5.67e-06
5.664e-06
5.65e-06
5.664e-06
5.676e-06
5.672e-06
5.656e-06
5.657e-06
5.662e-06
5.674e-06
5.664e-06
5.657e-06
5.654e-06
5.672e-06
5.673e-06
5.663e-06
5.653e-06
5.659e-06
5.669e-06
5.671e-06
5.659e-06
5.659e-06
5.659e-06
5.679e-06
5.669e-06
5.658e-06
5.653e-06
5.664e-06
5.673e-06
5.665e-06
5.656e-06
5.662e-06
5.665e-06
5.676e-06
5.661e-06
5.652e-06
5.659e-06
5.67e-06
5.671e-06
5.659e-06
5.651e-06
5.669e-06
5.671e-06
5.67e-06
5.655e-06
5.654e-06
5.664e-06
5.674e-06
5.663e-06
5.66e-06
5.659e-06
5.675e-06
5.671e-06
5.661e-06
5.652e-06
5.661e-06
5.671e-06
5.67e-06
5.657e-06
5.659e-06
5.661e-06
5.68e-06
5.668e-06
5.655e-06
5.655e-06
5.666e-06
5.673e-06
5.664e-06
5.651e-06
5.664e-06
5.666e-06
5.678e-06
5.661e-06
5.653e-06
5.661e-06
5.672e-06
5.667e-06
5.658e-06
5.652e-06
5.671e-06
5.671e-06
5.668e-06
5.653e-06
5.657e-06
5.667e-06
5.674e-06
5.664e-06
5.654e-06
5.657e-06
5.677e-06
5.67e-06
5.655e-06
5.652e-06
5.665e-06
5.672e-06
5.668e-06
5.659e-06
5.655e-06
5.662e-06
5.68e-06
5.663e-06
5.653e-06
5.657e-06
5.668e-06
5.671e-06
5.663e-06
5.65e-06
5.666e-06
5.669e-06
5.676e-06
5.66e-06
5.653e-06
5.664e-06
5.673e-06
5.665e-06
5.657e-06
1.23e-05
5.816e-06
5.725e-06
5.691e-06
5.685e-06
5.679e-06
5.67e-06
5.661e-06
5.655e-06
5.664e-06
5.673e-06
5.666e-06
5.654e-06
5.654e-06
5.665e-06
5.672e-06
5.66e-06
5.651e-06
5.657e-06
5.668e-06
5.67e-06
1.341e-05
5.79e-06
5.706e-06
5.951e-06
5.981e-06
5.878e-06
5.918e-06
6.17e-06
1.4962e-05
6.153e-06
5.976e-06
6.122e-06
5.78e-06
1.0502e-05
5.79e-06
6.078e-06
6.024e-06
5.7e-06
5.681e-06
5.679e-06
5.664e-06
5.65e-06
5.668e-06
5.674e-06
5.669e-06
5.658e-06
5.652e-06
5.762e-06
5.673e-06
5.655e-06
5.653e-06
5.654e-06
5.671e-06
5.668e-06
5.661e-06
5.647e-06
5.757e-06
5.689e-06
5.669e-06
5.658e-06
5.662e-06
5.662e-06
5.671e-06
5.664e-06
5.659e-06
5.651e-06
5.666e-06
5.669e-06
5.663e-06
5.649e-06
5.665e-06
5.67e-06
5.675e-06
5.66e-06
5.655e-06
5.659e-06
5.671e-06
5.667e-06
5.655e-06
5.652e-06
5.669e-06
5.665e-06
5.664e-06
5.653e-06
5.657e-06
5.664e-06
5.679e-06
5.662e-06
5.659e-06
5.658e-06
5.669e-06
5.668e-06
5.661e-06
5.65e-06
5.661e-06
5.672e-06
5.673e-06
5.656e-06
5.651e-06
5.663e-06
5.673e-06
5.664e-06
5.655e-06
5.749e-06
5.667e-06
5.677e-06
5.658e-06
5.653e-06
5.658e-06
5.672e-06
5.668e-06
5.657e-06
5.651e-06
5.662e-06
5.672e-06
5.665e-06
5.654e-06
5.656e-06
5.664e-06
5.674e-06
5.662e-06
5.653e-06
5.657e-06
5.661e-06
5.661e-06
5.667e-06
5.653e-06
5.661e-06
5.671e-06
5.669e-06
5.657e-06
5.658e-06
5.661e-06
5.671e-06
5.666e-06
5.661e-06
5.653e-06
5.668e-06
5.672e-06
5.657e-06
5.651e-06
5.657e-06
5.668e-06
5.67e-06
5.659e-06
5.653e-06
5.66e-06
5.671e-06
5.667e-06
5.656e-06
5.651e-06
5.664e-06
5.672e-06
5.663e-06
5.653e-06
5.662e-06
5.667e-06
5.672e-06
5.659e-06
5.652e-06
5.658e-06
5.671e-06
5.667e-06
5.657e-06
5.651e-06
5.661e-06
5.672e-06
5.673e-06
5.655e-06
5.656e-06
5.665e-06
5.674e-06
5.662e-06
5.653e-06
5.656e-06
5.662e-06
5.67e-06
5.667e-06
5.651e-06
5.661e-06
5.67e-06
5.671e-06
5.656e-06
5.657e-06
5.662e-06
5.67e-06
5.664e-06
5.654e-06
5.653e-06
5.667e-06
5.673e-06
5.662e-06
5.652e-06
5.657e-06
5.669e-06
5.67e-06
5.661e-06
5.651e-06
5.659e-06
5.673e-06
5.668e-06
5.656e-06
5.652e-06
5.664e-06
5.672e-06
5.665e-06
5.653e-06
5.655e-06
5.666e-06
5.671e-06
5.661e-06
5.652e-06
5.656e-06
5.671e-06
5.661e-06
5.657e-06
5.65e-06
5.659e-06
5.672e-06
5.673e-06
5.656e-06
5.653e-06
5.664e-06
5.675e-06
5.663e-06
5.651e-06
5.656e-06
5.668e-06
5.671e-06
5.667e-06
5.65e-06
5.664e-06
5.669e-06
5.67e-06
5.656e-06
5.651e-06
5.663e-06
5.672e-06
5.665e-06
5.654e-06
5.653e-06
5.666e-06
5.672e-06
5.662e-06
5.652e-06
5.663e-06
5.922e-06
5.67e-06
5.658e-06
5.651e-06
5.665e-06
5.673e-06
5.67e-06
5.652e-06
5.65e-06
5.665e-06
5.675e-06
5.66e-06
5.65e-06
5.651e-06
5.663e-06
5.674e-06
5.664e-06
5.648e-06
5.656e-06
5.665e-06
5.684e-06
5.662e-06
5.658e-06
5.671e-06
5.682e-06
5.675e-06
5.661e-06
5.662e-06
5.671e-06
5.677e-06
5.667e-06
5.652e-06
5.656e-06
5.666e-06
5.669e-06
5.661e-06
5.653e-06
5.663e-06
5.671e-06
5.667e-06
5.66e-06
5.655e-06
5.666e-06
5.676e-06
5.67e-06
5.657e-06
5.653e-06
5.667e-06
5.676e-06
5.666e-06
5.651e-06
5.661e-06
5.675e-06
5.664e-06
5.666e-06
5.646e-06
5.663e-06
5.675e-06
5.669e-06
5.66e-06
5.654e-06
5.667e-06
1.7119e-05
5.799e-06
5.723e-06
5.724e-06
5.702e-06
5.661e-06
5.659e-06
5.676e-06
5.698e-06
5.659e-06
5.651e-06
5.66e-06
5.672e-06
5.669e-06
5.66e-06
5.655e-06
5.669e-06
5.667e-06
5.666e-06
5.65e-06
5.655e-06
5.666e-06
5.673e-06
5.665e-06
5.649e-06
5.661e-06
5.668e-06
5.673e-06
5.657e-06
5.65e-06
5.66e-06
5.685e-06
5.669e-06
5.666e-06
5.652e-06
5.667e-06
5.672e-06
5.664e-06
5.652e-06
5.659e-06
5.67e-06
5.669e-06
5.664e-06
5.65e-06
5.661e-06
5.673e-06
5.668e-06
5.661e-06
5.652e-06
5.662e-06
5.67e-06
5.665e-06
5.652e-06
5.655e-06
5.667e-06
5.676e-06
5.662e-06
5.652e-06
5.657e-06
5.668e-06
5.67e-06
5.663e-06
5.654e-06
5.66e-06
5.675e-06
5.666e-06
5.656e-06
5.655e-06
5.662e-06
5.673e-06
5.665e-06
5.657e-06
5.658e-06
5.665e-06
5.67e-06
5.661e-06
5.653e-06
5.661e-06
5.668e-06
5.672e-06
5.659e-06
5.654e-06
5.659e-06
5.67e-06
5.665e-06
5.656e-06
5.654e-06
5.667e-06
5.672e-06
5.664e-06
5.651e-06
5.656e-06
5.667e-06
5.675e-06
5.665e-06
5.652e-06
5.662e-06
5.668e-06
5.669e-06
5.661e-06
5.65e-06
5.662e-06
5.667e-06
5.669e-06
5.651e-06
5.655e-06
5.66e-06
5.673e-06
5.665e-06
5.655e-06
5.655e-06
5.668e-06
5.672e-06
5.661e-06
5.653e-06
5.661e-06
5.674e-06
5.665e-06
5.659e-06
5.653e-06
5.666e-06
5.671e-06
5.665e-06
5.654e-06
5.654e-06
5.664e-06
5.671e-06
5.662e-06
5.655e-06
5.658e-06
5.672e-06
5.673e-06
5.658e-06
5.652e-06
5.66e-06
5.674e-06
5.667e-06
5.655e-06
5.653e-06
5.664e-06
5.675e-06
5.664e-06
5.654e-06
5.658e-06
5.667e-06
5.673e-06
5.66e-06
5.652e-06
5.661e-06
5.668e-06
5.672e-06
5.658e-06
5.65e-06
5.662e-06
5.671e-06
5.667e-06
5.656e-06
5.651e-06
5.662e-06
5.672e-06
5.666e-06
5.654e-06
5.658e-06
5.67e-06
5.671e-06
5.661e-06
5.65e-06
5.66e-06
5.671e-06
5.669e-06
5.661e-06
5.652e-06
5.665e-06
5.674e-06
5.666e-06
5.657e-06
5.655e-06
5.665e-06
5.673e-06
5.663e-06
5.65e-06
5.658e-06
5.669e-06
5.671e-06
5.663e-06
5.652e-06
5.659e-06
5.671e-06
5.667e-06
5.659e-06
5.651e-06
5.661e-06
5.676e-06
5.664e-06
5.656e-06
5.658e-06
5.666e-06
5.672e-06
5.662e-06
5.654e-06
5.657e-06
5.669e-06
5.673e-06
5.659e-06
5.655e-06
5.663e-06
5.669e-06
5.669e-06
5.656e-06
5.654e-06
5.663e-06
5.672e-06
5.668e-06
5.652e-06
5.659e-06
5.665e-06
5.67e-06
5.661e-06
5.65e-06
5.658e-06
5.671e-06
5.668e-06
5.658e-06
5.65e-06
5.665e-06
5.671e-06
5.668e-06
5.658e-06
5.654e-06
5.667e-06
5.671e-06
5.664e-06
5.653e-06
5.657e-06
5.67e-06
5.671e-06
5.661e-06
5.653e-06
5.66e-06
5.671e-06
5.668e-06
5.657e-06
5.652e-06
5.664e-06
5.671e-06
5.665e-06
5.657e-06
5.653e-06
5.668e-06
5.672e-06
5.661e-06
5.653e-06
5.658e-06
5.671e-06
5.668e-06
5.657e-06
5.655e-06
5.661e-06
5.673e-06
5.67e-06
5.656e-06
5.652e-06
5.663e-06
5.675e-06
5.665e-06
5.653e-06
5.658e-06
5.666e-06
5.675e-06
5.663e-06
5.65e-06
5.661e-06
5.67e-06
5.67e-06
5.665e-06
5.652e-06
5.665e-06
5.673e-06
5.67e-06
5.653e-06
5.651e-06
5.664e-06
5.671e-06
5.664e-06
5.653e-06
5.656e-06
5.665e-06
5.67e-06
5.664e-06
5.651e-06
5.661e-06
5.674e-06
5.669e-06
5.657e-06
5.651e-06
5.662e-06
5.673e-06
5.666e-06
5.658e-06
5.653e-06
5.667e-06
5.675e-06
5.662e-06
5.655e-06
5.656e-06
5.669e-06
5.671e-06
5.659e-06
5.65e-06
5.66e-06
5.672e-06
5.666e-06
5.66e-06
5.652e-06
5.661e-06
5.672e-06
5.665e-06
5.657e-06
5.654e-06
5.665e-06
5.675e-06
5.661e-06
5.654e-06
5.661e-06
5.669e-06
5.67e-06
5.658e-06
5.654e-06
5.659e-06
5.672e-06
5.67e-06
5.656e-06
5.655e-06
5.666e-06
5.671e-06
5.666e-06
5.653e-06
5.656e-06
5.666e-06
5.671e-06
5.664e-06
5.651e-06
5.662e-06
5.669e-06
5.669e-06
5.659e-06
5.65e-06
5.661e-06
5.672e-06
5.665e-06
5.654e-06
5.653e-06
5.668e-06
5.673e-06
5.664e-06
5.655e-06
5.656e-06
5.668e-06
5.669e-06
5.66e-06
5.652e-06
5.66e-06
5.674e-06
5.669e-06
5.659e-06
5.652e-06
5.661e-06
5.672e-06
5.665e-06
5.654e-06
5.655e-06
5.665e-06
5.672e-06
5.662e-06
1.2152e-05
5.803e-06
5.702e-06
5.673e-06
5.679e-06
5.667e-06
5.671e-06
5.669e-06
5.653e-06
5.657e-06
5.667e-06
5.671e-06
5.651e-06
5.64e-06
5.643e-06
5.67e-06
5.659e-06
5.66e-06
5.651e-06
5.66e-06
5.659e-06
5.667e-06
5.643e-06
5.639e-06
5.651e-06
5.675e-06
5.652e-06
5.657e-06
5.641e-06
5.654e-06
5.674e-06
5.65e-06
5.639e-06
5.656e-06
5.656e-06
5.659e-06
5.647e-06
5.652e-06
5.658e-06
5.675e-06
5.669e-06
5.655e-06
5.64e-06
5.661e-06
5.661e-06
5.666e-06
5.641e-06
5.657e-06
5.654e-06
5.675e-06
5.663e-06
5.653e-06
5.659e-06
5.667e-06
5.658e-06
5.657e-06
5.638e-06
5.662e-06
5.67e-06
5.669e-06
5.656e-06
5.655e-06
5.65e-06
5.671e-06
5.682e-06
5.651e-06
5.645e-06
5.655e-06
5.66e-06
5.663e-06
5.65e-06
5.66e-06
5.658e-06
5.667e-06
5.645e-06
5.65e-06
5.649e-06
5.675e-06
5.654e-06
5.657e-06
5.642e-06
5.668e-06
5.675e-06
5.663e-06
5.654e-06
5.655e-06
5.655e-06
5.67e-06
5.647e-06
5.653e-06
5.658e-06
5.673e-06
5.669e-06
5.659e-06
5.639e-06
5.661e-06
5.659e-06
5.664e-06
5.641e-06
5.642e-06
5.652e-06
5.673e-06
5.661e-06
5.654e-06
5.643e-06
5.656e-06
5.656e-06
5.658e-06
5.638e-06
5.648e-06
5.659e-06
5.668e-06
5.654e-06
5.655e-06
5.652e-06
5.674e-06
5.652e-06
5.652e-06
5.642e-06
5.654e-06
5.659e-06
5.663e-06
5.65e-06
5.66e-06
5.657e-06
5.671e-06
5.66e-06
5.64e-06
5.649e-06
5.671e-06
5.655e-06
5.643e-06
5.641e-06
5.666e-06
5.671e-06
5.665e-06
5.639e-06
5.655e-06
5.653e-06
5.671e-06
5.661e-06
5.653e-06
5.647e-06
5.672e-06
5.656e-06
5.66e-06
5.652e-06
5.66e-06
5.673e-06
5.653e-06
5.643e-06
5.652e-06
5.653e-06
5.675e-06
5.661e-06
5.656e-06
5.657e-06
5.668e-06
5.659e-06
5.659e-06
5.637e-06
5.658e-06
5.657e-06
5.656e-06
5.644e-06
5.654e-06
5.661e-06
5.675e-06
5.652e-06
5.642e-06
5.641e-06
5.664e-06
5.661e-06
5.649e-06
5.639e-06
5.66e-06
5.667e-06
5.673e-06
5.646e-06
5.653e-06
5.648e-06
5.669e-06
5.656e-06
5.655e-06
5.64e-06
5.665e-06
5.671e-06
5.667e-06
5.64e-06
5.658e-06
5.653e-06
5.671e-06
5.649e-06
5.651e-06
5.645e-06
5.656e-06
5.671e-06
5.661e-06
5.65e-06
5.663e-06
5.659e-06
5.654e-06
5.642e-06
5.651e-06
5.651e-06
5.661e-06
5.65e-06
5.654e-06
5.653e-06
5.669e-06
5.672e-06
5.662e-06
5.651e-06
5.659e-06
5.67e-06
5.657e-06
5.659e-06
5.652e-06
5.662e-06
5.673e-06
5.668e-06
5.655e-06
5.655e-06
5.653e-06
5.673e-06
5.653e-06
5.654e-06
5.657e-06
5.67e-06
5.671e-06
5.649e-06
5.653e-06
5.66e-06
5.659e-06
5.669e-06
5.646e-06
5.654e-06
5.669e-06
5.693e-06
5.667e-06
5.656e-06
5.655e-06
5.671e-06
5.675e-06
5.667e-06
5.64e-06
5.658e-06
5.657e-06
5.672e-06
5.661e-06
5.652e-06
5.661e-06
5.673e-06
5.669e-06
5.676e-06
5.658e-06
5.667e-06
5.674e-06
5.668e-06
5.655e-06
5.676e-06
5.672e-06
5.67e-06
5.662e-06
5.653e-06
5.66e-06
5.673e-06
5.675e-06
5.659e-06
5.64e-06
5.68e-06
5.673e-06
5.667e-06
5.656e-06
5.657e-06
5.666e-06
5.674e-06
5.669e-06
5.654e-06
5.645e-06
5.686e-06
5.673e-06
5.662e-06
5.652e-06
5.661e-06
5.671e-06
5.672e-06
5.645e-06
5.652e-06
5.669e-06
5.674e-06
5.653e-06
5.674e-06
5.656e-06
5.668e-06
5.671e-06
5.665e-06
5.652e-06
5.659e-06
5.674e-06
5.672e-06
5.649e-06
5.67e-06
5.663e-06
5.673e-06
5.668e-06
5.659e-06
5.652e-06
5.665e-06
5.679e-06
5.665e-06
5.659e-06
5.657e-06
5.656e-06
5.692e-06
5.662e-06
5.653e-06
5.659e-06
5.673e-06
5.669e-06
5.661e-06
5.657e-06
5.662e-06
5.661e-06
5.687e-06
5.658e-06
5.655e-06
5.665e-06
5.674e-06
5.664e-06
5.657e-06
5.645e-06
5.669e-06
5.678e-06
5.661e-06
5.64e-06
5.678e-06
5.671e-06
5.67e-06
5.659e-06
5.655e-06
5.663e-06
5.674e-06
5.671e-06
5.656e-06
5.643e-06
5.685e-06
5.675e-06
5.664e-06
5.652e-06
5.659e-06
5.668e-06
5.675e-06
5.648e-06
5.652e-06
5.666e-06
5.672e-06
5.656e-06
5.677e-06
5.653e-06
5.665e-06
5.673e-06
5.668e-06
5.655e-06
5.657e-06
5.672e-06
5.673e-06
5.651e-06
5.671e-06
5.66e-06
5.671e-06
5.671e-06
5.661e-06
5.653e-06
5.665e-06
5.659e-06
5.667e-06
5.661e-06
5.654e-06
5.653e-06
5.692e-06
5.666e-06
5.654e-06
5.656e-06
5.671e-06
5.673e-06
5.662e-06
5.657e-06
5.661e-06
5.659e-06
5.688e-06
5.658e-06
5.652e-06
5.663e-06
5.675e-06
5.667e-06
5.657e-06
5.659e-06
5.666e-06
5.679e-06
5.664e-06
5.641e-06
5.677e-06
5.67e-06
5.673e-06
5.661e-06
5.655e-06
5.661e-06
5.672e-06
5.673e-06
5.658e-06
5.641e-06
5.683e-06
5.674e-06
5.667e-06
5.653e-06
5.656e-06
5.666e-06
5.676e-06
5.651e-06
5.651e-06
5.664e-06
5.67e-06
5.658e-06
5.679e-06
5.653e-06
5.663e-06
5.672e-06
5.67e-06
5.657e-06
5.656e-06
5.7e-06
5.682e-06
5.669e-06
5.671e-06
5.672e-06
5.677e-06
5.659e-06
5.677e-06
5.657e-06
5.679e-06
5.671e-06
5.662e-06
5.654e-06
5.67e-06
5.678e-06
5.69e-06
5.651e-06
5.662e-06
5.664e-06
5.68e-06
5.659e-06
5.658e-06
5.661e-06
5.672e-06
5.678e-06
5.662e-06
5.656e-06
5.666e-06
5.676e-06
5.67e-06
5.659e-06
5.661e-06
5.669e-06
5.683e-06
5.67e-06
5.659e-06
5.66e-06
5.671e-06
5.677e-06
5.664e-06
5.654e-06
5.659e-06
5.672e-06
5.677e-06
5.659e-06
5.66e-06
5.665e-06
5.672e-06
5.665e-06
5.663e-06
5.657e-06
5.675e-06
5.674e-06
5.672e-06
5.656e-06
5.665e-06
5.673e-06
5.67e-06
5.663e-06
5.651e-06
5.659e-06
5.671e-06
5.672e-06
5.666e-06
5.656e-06
5.662e-06
5.675e-06
5.667e-06
5.653e-06
5.663e-06
5.669e-06
5.683e-06
5.661e-06
5.651e-06
5.659e-06
5.677e-06
5.675e-06
5.667e-06
5.651e-06
5.661e-06
5.671e-06
5.666e-06
5.655e-06
5.651e-06
5.665e-06
5.671e-06
5.667e-06
5.653e-06
5.658e-06
5.666e-06
5.675e-06
5.67e-06
5.651e-06
5.659e-06
5.675e-06
5.667e-06
5.663e-06
5.66e-06
5.666e-06
5.672e-06
5.665e-06
5.654e-06
5.657e-06
5.664e-06
5.672e-06
5.663e-06
5.661e-06
5.666e-06
5.672e-06
5.68e-06
5.688e-06
5.652e-06
5.656e-06
5.674e-06
5.669e-06
5.655e-06
5.656e-06
5.661e-06
5.675e-06
5.663e-06
5.657e-06
5.657e-06
5.668e-06
5.671e-06
5.665e-06
5.651e-06
5.661e-06
5.657e-06
5.667e-06
5.657e-06
5.655e-06
5.664e-06
5.675e-06
5.67e-06
5.654e-06
5.642e-06
5.662e-06
5.661e-06
5.661e-06
5.641e-06
5.655e-06
5.655e-06
5.674e-06
5.659e-06
5.654e-06
5.657e-06
5.667e-06
5.658e-06
5.662e-06
5.64e-06
5.659e-06
5.661e-06
5.67e-06
5.658e-06
5.656e-06
5.663e-06
5.675e-06
5.661e-06
5.656e-06
5.646e-06
5.665e-06
5.67e-06
5.663e-06
5.654e-06
5.663e-06
5.673e-06
5.666e-06
5.647e-06
5.649e-06
5.652e-06
5.671e-06
5.656e-06
5.653e-06
5.642e-06
5.669e-06
5.672e-06
5.666e-06
5.64e-06
5.66e-06
5.665e-06
5.673e-06
5.657e-06
5.654e-06
5.657e-06
5.674e-06
5.671e-06
5.655e-06
5.65e-06
5.665e-06
5.662e-06
5.663e-06
5.651e-06
5.653e-06
5.655e-06
5.67e-06
5.665e-06
5.653e-06
5.66e-06
5.667e-06
5.658e-06
5.661e-06
5.64e-06
5.659e-06
5.67e-06
5.666e-06
5.653e-06
5.656e-06
5.667e-06
5.671e-06
5.661e-06
5.655e-06
5.644e-06
5.669e-06
5.669e-06
5.658e-06
5.64e-06
5.656e-06
5.671e-06
5.672e-06
5.656e-06
5.649e-06
5.66e-06
5.675e-06
5.655e-06
5.659e-06
5.642e-06
5.667e-06
5.675e-06
5.665e-06
5.655e-06
5.655e-06
5.655e-06
5.669e-06
5.649e-06
5.654e-06
5.658e-06
5.669e-06
5.671e-06
5.66e-06
5.655e-06
5.665e-06
5.661e-06
5.669e-06
5.667e-06
5.658e-06
5.654e-06
5.675e-06
5.661e-06
5.655e-06
5.66e-06
5.666e-06
5.667e-06
5.661e-06
5.64e-06
5.658e-06
5.67e-06
5.666e-06
5.646e-06
5.649e-06
5.666e-06
1.5966e-05
5.802e-06
5.72e-06
5.707e-06
5.687e-06
5.653e-06
5.652e-06
5.669e-06
5.674e-06
5.665e-06
5.649e-06
5.659e-06
5.669e-06
5.675e-06
5.656e-06
5.656e-06
5.661e-06
5.672e-06
5.668e-06
5.658e-06
5.653e-06
5.665e-06
5.673e-06
5.668e-06
5.653e-06
5.662e-06
5.664e-06
5.672e-06
5.662e-06
5.653e-06
5.66e-06
5.67e-06
5.667e-06
5.655e-06
5.649e-06
5.661e-06
5.671e-06
5.666e-06
5.654e-06
5.652e-06
5.663e-06
5.673e-06
5.663e-06
5.653e-06
5.653e-06
5.667e-06
5.669e-06
5.66e-06
5.652e-06
5.66e-06
5.672e-06
5.671e-06
5.659e-06
5.652e-06
5.663e-06
5.673e-06
5.663e-06
5.656e-06
5.653e-06
5.668e-06
5.669e-06
5.665e-06
5.65e-06
5.66e-06
5.667e-06
5.67e-06
5.656e-06
5.652e-06
5.661e-06
5.677e-06
5.668e-06
5.657e-06
5.653e-06
5.664e-06
5.673e-06
5.664e-06
5.651e-06
5.657e-06
5.667e-06
5.677e-06
5.661e-06
5.653e-06
5.659e-06
5.67e-06
5.67e-06
5.659e-06
5.649e-06
5.662e-06
5.672e-06
5.667e-06
5.655e-06
5.654e-06
5.665e-06
5.675e-06
5.665e-06
5.653e-06
5.657e-06
5.669e-06
5.672e-06
5.661e-06
5.651e-06
5.665e-06
5.671e-06
5.671e-06
5.659e-06
5.655e-06
5.663e-06
5.673e-06
5.666e-06
5.659e-06
5.655e-06
5.671e-06
5.672e-06
5.667e-06
5.652e-06
5.657e-06
5.669e-06
5.671e-06
5.659e-06
5.652e-06
5.662e-06
5.677e-06
5.669e-06
5.661e-06
5.652e-06
5.664e-06
5.673e-06
5.665e-06
5.654e-06
5.656e-06
5.668e-06
5.673e-06
5.662e-06
5.657e-06
5.66e-06
5.673e-06
5.667e-06
5.658e-06
5.652e-06
5.661e-06
5.672e-06
5.671e-06
5.656e-06
5.658e-06
5.665e-06
5.678e-06
5.663e-06
5.653e-06
5.656e-06
5.667e-06
5.672e-06
5.661e-06
5.652e-06
5.665e-06
5.67e-06
5.673e-06
5.658e-06
5.652e-06
5.663e-06
5.674e-06
5.666e-06
5.655e-06
5.654e-06
5.669e-06
5.672e-06
5.667e-06
5.652e-06
5.658e-06
5.669e-06
5.67e-06
5.661e-06
5.651e-06
5.66e-06
5.676e-06
5.668e-06
5.662e-06
5.652e-06
5.668e-06
5.673e-06
5.665e-06
5.654e-06
5.655e-06
5.667e-06
5.678e-06
5.662e-06
5.657e-06
5.658e-06
5.673e-06
5.671e-06
5.659e-06
5.651e-06
5.662e-06
5.672e-06
5.667e-06
5.656e-06
5.658e-06
5.664e-06
5.677e-06
5.663e-06
5.653e-06
5.656e-06
5.668e-06
5.672e-06
5.661e-06
5.653e-06
5.664e-06
5.67e-06
5.673e-06
5.659e-06
5.655e-06
5.662e-06
5.672e-06
5.665e-06
5.655e-06
5.655e-06
5.67e-06
5.673e-06
5.667e-06
5.653e-06
5.661e-06
5.668e-06
5.672e-06
5.661e-06
5.652e-06
5.66e-06
5.671e-06
5.669e-06
5.663e-06
5.653e-06
5.668e-06
5.673e-06
5.666e-06
5.654e-06
5.656e-06
5.667e-06
5.674e-06
5.662e-06
5.657e-06
5.658e-06
5.674e-06
5.671e-06
5.659e-06
5.651e-06
5.662e-06
5.671e-06
5.667e-06
5.657e-06
5.657e-06
5.665e-06
5.678e-06
5.665e-06
5.658e-06
5.656e-06
5.667e-06
5.672e-06
5.661e-06
5.651e-06
5.664e-06
5.671e-06
5.675e-06
5.659e-06
5.656e-06
5.662e-06
5.673e-06
5.667e-06
5.655e-06
5.654e-06
5.665e-06
5.671e-06
5.669e-06
5.653e-06
5.659e-06
5.668e-06
5.671e-06
5.661e-06
5.652e-06
5.661e-06
5.671e-06
5.669e-06
5.662e-06
5.652e-06
5.664e-06
5.673e-06
5.665e-06
5.653e-06
5.655e-06
5.665e-06
5.672e-06
5.663e-06
5.657e-06
5.658e-06
5.675e-06
5.67e-06
5.664e-06
5.652e-06
5.661e-06
5.671e-06
5.668e-06
5.657e-06
5.657e-06
5.663e-06
5.678e-06
5.665e-06
5.658e-06
5.656e-06
5.668e-06
5.673e-06
5.662e-06
5.652e-06
5.663e-06
5.67e-06
5.675e-06
5.659e-06
5.654e-06
5.663e-06
5.673e-06
5.667e-06
5.655e-06
5.653e-06
5.665e-06
5.673e-06
5.668e-06
5.653e-06
5.659e-06
5.668e-06
5.673e-06
5.66e-06
5.652e-06
5.659e-06
5.67e-06
5.669e-06
5.664e-06
5.653e-06
5.667e-06
5.673e-06
5.666e-06
5.655e-06
5.655e-06
5.666e-06
5.673e-06
5.663e-06
5.657e-06
5.657e-06
5.673e-06
5.671e-06
5.664e-06
5.651e-06
5.661e-06
5.671e-06
5.667e-06
5.657e-06
5.658e-06
5.664e-06
5.677e-06
5.665e-06
5.659e-06
5.655e-06
5.666e-06
5.673e-06
5.662e-06
5.652e-06
5.658e-06
5.671e-06
5.675e-06
5.659e-06
5.656e-06
5.661e-06
5.673e-06
5.667e-06
5.657e-06
5.654e-06
5.665e-06
5.673e-06
5.669e-06
5.654e-06
5.661e-06
5.667e-06
5.674e-06
5.662e-06
5.652e-06
5.66e-06
5.671e-06
5.669e-06
5.663e-06
5.652e-06
5.667e-06
5.674e-06
5.67e-06
5.656e-06
5.655e-06
5.665e-06
5.672e-06
5.663e-06
5.652e-06
5.657e-06
5.673e-06
5.672e-06
5.664e-06
5.651e-06
5.66e-06
5.671e-06
5.668e-06
5.658e-06
5.652e-06
5.663e-06
5.678e-06
5.665e-06
5.659e-06
5.655e-06
5.665e-06
5.672e-06
5.661e-06
5.652e-06
5.658e-06
5.669e-06
5.675e-06
5.66e-06
5.657e-06
5.661e-06
5.677e-06
5.667e-06
5.656e-06
5.653e-06
5.665e-06
5.673e-06
5.669e-06
5.654e-06
5.662e-06
5.667e-06
5.677e-06
5.662e-06
5.652e-06
5.659e-06
5.67e-06
5.669e-06
5.659e-06
5.652e-06
5.668e-06
5.672e-06
5.67e-06
5.656e-06
5.654e-06
5.665e-06
5.674e-06
5.663e-06
5.652e-06
5.657e-06
5.672e-06
5.67e-06
5.663e-06
5.652e-06
5.66e-06
5.671e-06
5.669e-06
5.658e-06
5.653e-06
5.663e-06
5.677e-06
5.665e-06
5.659e-06
5.655e-06
5.67e-06
5.673e-06
5.663e-06
5.653e-06
5.657e-06
5.669e-06
5.675e-06
5.66e-06
5.657e-06
5.661e-06
5.675e-06
5.669e-06
5.651e-06
5.653e-06
5.664e-06
5.673e-06
5.669e-06
5.655e-06
5.661e-06
5.667e-06
5.677e-06
5.662e-06
5.652e-06
5.659e-06
5.671e-06
5.669e-06
5.658e-06
5.652e-06
5.666e-06
5.673e-06
5.671e-06
5.655e-06
5.656e-06
5.665e-06
5.673e-06
5.664e-06
5.652e-06
5.656e-06
5.673e-06
5.672e-06
5.666e-06
5.652e-06
5.664e-06
5.67e-06
5.67e-06
5.658e-06
5.652e-06
5.663e-06
5.678e-06
5.666e-06
5.661e-06
5.654e-06
5.671e-06
5.672e-06
5.663e-06
5.653e-06
5.657e-06
5.669e-06
5.671e-06
5.659e-06
5.657e-06
5.661e-06
5.676e-06
5.668e-06
5.657e-06
5.653e-06
5.664e-06
5.673e-06
5.665e-06
5.654e-06
5.661e-06
5.668e-06
5.676e-06
5.661e-06
5.652e-06
5.658e-06
5.67e-06
5.67e-06
5.659e-06
5.651e-06
5.666e-06
5.673e-06
5.673e-06
5.655e-06
5.659e-06
5.663e-06
5.672e-06
5.662e-06
5.652e-06
5.655e-06
5.673e-06
5.671e-06
5.666e-06
5.652e-06
5.662e-06
5.67e-06
5.67e-06
5.658e-06
5.653e-06
5.662e-06
5.672e-06
5.666e-06
5.659e-06
5.654e-06
5.67e-06
5.673e-06
5.664e-06
5.652e-06
5.655e-06
5.666e-06
5.669e-06
5.658e-06
5.655e-06
5.658e-06
5.674e-06
5.667e-06
5.658e-06
5.653e-06
5.663e-06
5.673e-06
5.665e-06
5.654e-06
5.66e-06
5.667e-06
5.678e-06
5.663e-06
5.655e-06
5.659e-06
5.669e-06
5.671e-06
5.659e-06
5.652e-06
5.666e-06
5.672e-06
5.671e-06
5.656e-06
5.657e-06
5.664e-06
5.673e-06
5.666e-06
5.654e-06
5.657e-06
5.667e-06
5.671e-06
5.665e-06
5.651e-06
5.663e-06
5.67e-06
5.67e-06
5.659e-06
5.652e-06
5.663e-06
5.672e-06
5.666e-06
5.66e-06
5.654e-06
5.669e-06
5.673e-06
5.664e-06
5.653e-06
5.657e-06
5.668e-06
5.671e-06
5.661e-06
5.655e-06
5.66e-06
5.676e-06
5.668e-06
5.663e-06
5.653e-06
5.663e-06
5.673e-06
5.666e-06
5.655e-06
5.655e-06
5.666e-06
5.677e-06
5.662e-06
5.657e-06
5.659e-06
5.669e-06
5.671e-06
5.66e-06
5.651e-06
5.661e-06
5.671e-06
5.673e-06
5.657e-06
5.658e-06
5.664e-06
5.673e-06
5.665e-06
5.654e-06
5.655e-06
5.665e-06
5.672e-06
5.666e-06
5.651e-06
5.663e-06
5.67e-06
5.672e-06
5.659e-06
5.652e-06
5.663e-06
5.672e-06
5.667e-06
5.66e-06
5.654e-06
5.67e-06
5.673e-06
5.666e-06
5.653e-06
5.657e-06
5.668e-06
5.672e-06
5.661e-06
5.657e-06
5.66e-06
5.676e-06
5.669e-06
5.663e-06
5.653e-06
5.663e-06
5.672e-06
5.666e-06
5.655e-06
5.655e-06
5.666e-06
5.678e-06
5.664e-06
5.657e-06
1.4205e-05
5.796e-06
5.699e-06
5.691e-06
5.683e-06
5.683e-06
5.659e-06
5.655e-06
5.656e-06
5.668e-06
5.672e-06
5.664e-06
5.652e-06
5.663e-06
5.673e-06
5.667e-06
5.658e-06
5.652e-06
5.664e-06
5.676e-06
5.664e-06
5.651e-06
5.656e-06
5.669e-06
5.673e-06
5.662e-06
5.652e-06
5.658e-06
5.67e-06
5.669e-06
5.66e-06
5.649e-06
5.662e-06
5.675e-06
5.668e-06
5.655e-06
5.654e-06
5.663e-06
5.672e-06
5.663e-06
5.654e-06
5.655e-06
5.669e-06
5.671e-06
5.662e-06
5.651e-06
5.659e-06
5.673e-06
5.67e-06
5.657e-06
5.653e-06
5.662e-06
5.672e-06
5.667e-06
5.656e-06
5.658e-06
5.665e-06
5.672e-06
5.663e-06
5.651e-06
5.658e-06
5.668e-06
5.671e-06
5.66e-06
5.652e-06
5.663e-06
5.672e-06
5.672e-06
5.657e-06
5.651e-06
5.665e-06
5.672e-06
5.666e-06
5.653e-06
5.656e-06
5.67e-06
5.673e-06
5.661e-06
5.652e-06
5.662e-06
5.671e-06
5.669e-06
5.659e-06
5.65e-06
5.661e-06
5.676e-06
5.668e-06
5.655e-06
5.654e-06
5.668e-06
5.672e-06
5.663e-06
5.652e-06
5.655e-06
5.668e-06
5.671e-06
5.662e-06
5.655e-06
5.659e-06
5.675e-06
5.669e-06
5.658e-06
5.652e-06
5.661e-06
5.674e-06
5.666e-06
5.656e-06
5.654e-06
5.666e-06
5.677e-06
5.663e-06
5.655e-06
5.657e-06
5.667e-06
5.671e-06
5.659e-06
5.651e-06
5.689e-06
5.679e-06
5.667e-06
5.661e-06
5.654e-06
5.663e-06
5.674e-06
5.665e-06
5.654e-06
5.655e-06
5.667e-06
5.672e-06
5.661e-06
5.651e-06
5.661e-06
5.674e-06
5.665e-06
5.66e-06
5.653e-06
5.667e-06
5.673e-06
5.666e-06
5.655e-06
5.658e-06
5.656e-06
5.672e-06
5.665e-06
5.654e-06
5.657e-06
5.673e-06
5.673e-06
5.666e-06
5.651e-06
5.659e-06
5.672e-06
5.672e-06
5.658e-06
5.651e-06
5.663e-06
5.678e-06
5.667e-06
5.654e-06
5.654e-06
5.665e-06
5.673e-06
5.662e-06
5.652e-06
5.657e-06
5.686e-06
5.679e-06
5.661e-06
5.651e-06
5.661e-06
5.672e-06
5.668e-06
5.657e-06
5.654e-06
5.668e-06
5.672e-06
5.665e-06
5.654e-06
5.661e-06
5.667e-06
5.672e-06
5.655e-06
5.655e-06
5.66e-06
5.67e-06
5.671e-06
5.658e-06
5.652e-06
5.663e-06
5.672e-06
5.671e-06
5.656e-06
5.658e-06
5.664e-06
5.677e-06
5.664e-06
5.652e-06
5.658e-06
5.669e-06
5.672e-06
5.666e-06
5.652e-06
5.659e-06
5.671e-06
5.668e-06
5.658e-06
5.655e-06
5.663e-06
5.672e-06
5.666e-06
5.66e-06
5.656e-06
5.666e-06
5.69e-06
5.663e-06
5.646e-06
5.658e-06
5.67e-06
5.67e-06
5.66e-06
5.652e-06
5.662e-06
5.677e-06
5.667e-06
5.655e-06
5.653e-06
5.668e-06
5.674e-06
5.664e-06
5.648e-06
5.661e-06
5.667e-06
5.671e-06
5.661e-06
5.651e-06
5.658e-06
5.673e-06
5.669e-06
5.662e-06
5.652e-06
5.662e-06
5.673e-06
5.673e-06
5.656e-06
5.653e-06
5.664e-06
5.676e-06
5.663e-06
5.651e-06
5.656e-06
5.669e-06
5.672e-06
5.661e-06
5.653e-06
5.665e-06
5.671e-06
5.671e-06
5.657e-06
5.652e-06
5.664e-06
5.673e-06
5.681e-06
5.654e-06
5.649e-06
5.666e-06
5.672e-06
5.66e-06
5.652e-06
5.658e-06
5.669e-06
5.673e-06
5.658e-06
5.657e-06
5.664e-06
5.672e-06
5.668e-06
5.655e-06
5.647e-06
5.664e-06
5.672e-06
5.668e-06
5.652e-06
5.655e-06
5.667e-06
5.676e-06
5.661e-06
5.651e-06
5.66e-06
5.67e-06
5.67e-06
5.662e-06
5.653e-06
5.661e-06
5.673e-06
5.666e-06
5.656e-06
5.659e-06
5.665e-06
5.677e-06
5.661e-06
5.656e-06
5.657e-06
5.668e-06
5.673e-06
5.661e-06
5.652e-06
5.665e-06
5.672e-06
5.672e-06
5.673e-06
5.653e-06
5.663e-06
5.677e-06
5.665e-06
5.654e-06
5.657e-06
5.672e-06
5.674e-06
5.662e-06
5.653e-06
5.658e-06
5.67e-06
5.673e-06
5.658e-06
5.653e-06
5.655e-06
5.673e-06
5.668e-06
5.661e-06
5.654e-06
5.663e-06
5.672e-06
5.668e-06
5.654e-06
5.656e-06
5.668e-06
5.677e-06
5.663e-06
5.657e-06
5.661e-06
5.671e-06
5.668e-06
5.658e-06
5.652e-06
5.662e-06
5.673e-06
5.671e-06
5.655e-06
5.66e-06
5.665e-06
5.673e-06
5.662e-06
5.656e-06
5.656e-06
5.672e-06
5.67e-06
5.66e-06
5.668e-06
5.661e-06
5.671e-06
5.672e-06
5.657e-06
5.652e-06
5.663e-06
5.673e-06
5.667e-06
5.653e-06
5.656e-06
5.667e-06
5.674e-06
5.661e-06
5.653e-06
5.663e-06
5.664e-06
5.67e-06
5.66e-06
5.651e-06
5.662e-06
5.673e-06
5.668e-06
5.655e-06
5.655e-06
5.669e-06
5.674e-06
5.663e-06
5.652e-06
5.66e-06
5.667e-06
5.67e-06
5.66e-06
5.652e-06
5.66e-06
5.67e-06
5.67e-06
5.656e-06
5.653e-06
5.666e-06
5.673e-06
5.665e-06
5.655e-06
5.655e-06
5.666e-06
5.678e-06
5.662e-06
5.656e-06
5.651e-06
5.673e-06
5.672e-06
5.659e-06
5.652e-06
5.661e-06
5.672e-06
5.673e-06
5.658e-06
5.652e-06
5.663e-06
5.677e-06
5.664e-06
5.658e-06
5.655e-06
5.668e-06
5.672e-06
5.662e-06
5.652e-06
5.659e-06
5.669e-06
5.673e-06
5.659e-06
5.651e-06
5.661e-06
5.673e-06
5.667e-06
5.661e-06
5.653e-06
5.67e-06
5.671e-06
5.667e-06
5.653e-06
5.656e-06
5.668e-06
5.671e-06
5.661e-06
5.657e-06
5.66e-06
5.676e-06
5.669e-06
5.657e-06
5.652e-06
5.662e-06
5.674e-06
5.665e-06
5.656e-06
5.661e-06
5.667e-06
5.672e-06
5.663e-06
5.652e-06
5.659e-06
5.669e-06
5.671e-06
5.662e-06
5.653e-06
5.66e-06
5.672e-06
5.673e-06
5.658e-06
5.652e-06
5.665e-06
5.677e-06
5.681e-06
5.654e-06
5.649e-06
5.668e-06
5.674e-06
5.663e-06
5.653e-06
5.664e-06
5.669e-06
5.669e-06
5.659e-06
5.651e-06
5.662e-06
5.673e-06
5.667e-06
5.656e-06
5.653e-06
5.671e-06
5.674e-06
5.667e-06
5.652e-06
5.657e-06
5.669e-06
5.669e-06
5.661e-06
5.652e-06
5.66e-06
5.677e-06
5.669e-06
5.661e-06
5.653e-06
5.662e-06
5.672e-06
5.669e-06
5.653e-06
5.655e-06
5.666e-06
5.678e-06
5.663e-06
5.652e-06
5.659e-06
5.669e-06
5.672e-06
5.662e-06
5.651e-06
5.661e-06
5.673e-06
5.668e-06
5.673e-06
5.652e-06
5.663e-06
5.673e-06
5.664e-06
5.653e-06
5.655e-06
5.667e-06
5.673e-06
5.667e-06
5.652e-06
5.664e-06
5.671e-06
5.678e-06
5.66e-06
5.65e-06
5.65e-06
5.668e-06
5.666e-06
5.658e-06
5.653e-06
5.668e-06
5.673e-06
5.666e-06
5.652e-06
5.66e-06
5.67e-06
5.674e-06
5.662e-06
5.655e-06
5.66e-06
5.672e-06
5.669e-06
5.661e-06
5.651e-06
5.666e-06
5.675e-06
5.669e-06
5.653e-06
9.637e-06
5.693e-06
5.683e-06
5.669e-06
5.665e-06
5.671e-06
5.678e-06
5.673e-06
5.654e-06
5.657e-06
5.672e-06
5.67e-06
5.664e-06
5.65e-06
5.659e-06
5.67e-06
5.668e-06
5.653e-06
5.653e-06
5.66e-06
5.674e-06
5.661e-06
5.655e-06
5.651e-06
5.665e-06
5.672e-06
5.662e-06
5.652e-06
5.659e-06
5.664e-06
5.669e-06
5.655e-06
5.651e-06
5.658e-06
5.67e-06
5.666e-06
5.652e-06
5.657e-06
5.668e-06
5.669e-06
5.664e-06
5.689e-06
5.652e-06
5.668e-06
5.673e-06
5.663e-06
5.652e-06
5.66e-06
5.671e-06
5.672e-06
5.659e-06
5.639e-06
5.65e-06
5.66e-06
5.667e-06
5.656e-06
5.655e-06
5.666e-06
5.674e-06
5.665e-06
1.3522e-05
5.812e-06
5.721e-06
5.701e-06
5.681e-06
5.672e-06
5.673e-06
5.671e-06
5.653e-06
5.658e-06
5.693e-06
5.674e-06
5.663e-06
5.653e-06
5.661e-06
5.675e-06
5.665e-06
5.659e-06
5.649e-06
5.67e-06
5.674e-06
5.663e-06
5.657e-06
5.752e-06
5.67e-06
5.672e-06
5.659e-06
1.2115e-05
5.81e-06
5.708e-06
5.687e-06
5.666e-06
5.665e-06
5.673e-06
5.674e-06
5.652e-06
5.653e-06
5.662e-06
5.674e-06
5.664e-06
5.653e-06
5.654e-06
5.667e-06
5.672e-06
5.659e-06
5.649e-06
5.664e-06
5.672e-06
5.673e-06
5.655e-06
5.652e-06
5.661e-06
5.673e-06
5.661e-06
5.656e-06
5.654e-06
5.67e-06
5.67e-06
5.663e-06
5.649e-06
5.661e-06
5.669e-06
5.676e-06
5.659e-06
5.656e-06
5.657e-06
5.677e-06
5.665e-06
5.656e-06
5.65e-06
5.668e-06
5.67e-06
5.669e-06
5.653e-06
5.657e-06
5.663e-06
5.677e-06
5.662e-06
5.656e-06
5.654e-06
5.67e-06
5.667e-06
5.665e-06
5.651e-06
5.663e-06
5.672e-06
5.671e-06
5.653e-06
5.658e-06
5.661e-06
5.673e-06
5.661e-06
5.652e-06
5.656e-06
5.668e-06
5.669e-06
5.661e-06
5.649e-06
5.663e-06
5.667e-06
5.67e-06
5.655e-06
5.657e-06
5.663e-06
5.672e-06
5.667e-06
5.659e-06
5.654e-06
5.669e-06
5.67e-06
5.663e-06
5.65e-06
5.661e-06
5.665e-06
5.675e-06
5.657e-06
5.652e-06
5.659e-06
5.677e-06
5.668e-06
5.661e-06
5.649e-06
5.667e-06
5.669e-06
5.669e-06
5.654e-06
5.655e-06
5.665e-06
5.677e-06
5.662e-06
5.657e-06
5.655e-06
5.669e-06
5.667e-06
5.664e-06
5.653e-06
5.661e-06
5.671e-06
5.669e-06
5.653e-06
5.657e-06
5.662e-06
5.677e-06
5.665e-06
5.657e-06
5.654e-06
5.667e-06
5.673e-06
5.662e-06
5.648e-06
5.663e-06
5.667e-06
5.674e-06
5.655e-06
5.652e-06
5.659e-06
5.673e-06
5.663e-06
5.66e-06
5.65e-06
5.669e-06
5.673e-06
5.667e-06
5.65e-06
5.657e-06
5.664e-06
5.675e-06
5.658e-06
5.655e-06
5.659e-06
5.673e-06
5.666e-06
5.661e-06
5.649e-06
5.668e-06
5.669e-06
5.665e-06
5.651e-06
5.655e-06
5.665e-06
5.673e-06
5.662e-06
5.656e-06
5.655e-06
5.673e-06
5.668e-06
5.659e-06
5.648e-06
5.66e-06
5.671e-06
5.669e-06
5.654e-06
5.653e-06
5.661e-06
5.677e-06
5.662e-06
5.654e-06
5.652e-06
5.67e-06
5.674e-06
5.662e-06
5.652e-06
5.663e-06
5.669e-06
5.674e-06
5.656e-06
5.652e-06
5.659e-06
5.676e-06
5.664e-06
5.661e-06
5.651e-06
5.665e-06
5.673e-06
5.668e-06
5.654e-06
5.661e-06
5.664e-06
5.676e-06
5.658e-06
5.656e-06
5.659e-06
5.672e-06
5.67e-06
5.663e-06
5.651e-06
5.666e-06
5.67e-06
5.666e-06
5.652e-06
5.658e-06
5.666e-06
5.673e-06
5.663e-06
5.653e-06
5.654e-06
5.672e-06
5.668e-06
5.664e-06
5.648e-06
5.664e-06
5.667e-06
5.668e-06
5.657e-06
5.654e-06
5.665e-06
5.677e-06
5.662e-06
5.658e-06
5.652e-06
5.666e-06
5.669e-06
5.662e-06
5.648e-06
5.662e-06
5.666e-06
5.674e-06
5.66e-06
5.655e-06
5.658e-06
5.671e-06
5.665e-06
5.66e-06
5.65e-06
5.667e-06
5.673e-06
5.665e-06
5.65e-06
5.66e-06
5.664e-06
5.677e-06
5.657e-06
5.652e-06
5.655e-06
5.669e-06
5.67e-06
5.66e-06
5.653e-06
5.666e-06
5.669e-06
5.671e-06
5.652e-06
5.653e-06
5.662e-06
5.672e-06
5.663e-06
5.653e-06
5.657e-06
5.672e-06
5.668e-06
5.665e-06
5.649e-06
5.659e-06
5.668e-06
5.673e-06
5.659e-06
5.652e-06
5.663e-06
5.677e-06
5.666e-06
5.659e-06
5.651e-06
5.666e-06
5.67e-06
5.667e-06
5.649e-06
5.663e-06
5.666e-06
5.672e-06
5.657e-06
5.656e-06
5.661e-06
5.676e-06
5.665e-06
5.656e-06
5.649e-06
5.667e-06
5.673e-06
5.666e-06
5.653e-06
5.659e-06
5.667e-06
5.677e-06
5.658e-06
5.652e-06
5.655e-06
5.674e-06
5.667e-06
5.659e-06
5.651e-06
5.663e-06
5.67e-06
5.672e-06
5.653e-06
5.653e-06
5.661e-06
5.677e-06
5.661e-06
5.652e-06
5.656e-06
5.668e-06
5.672e-06
5.666e-06
5.648e-06
5.663e-06
5.667e-06
5.669e-06
5.655e-06
5.652e-06
5.662e-06
5.672e-06
5.664e-06
5.656e-06
5.654e-06
5.669e-06
5.669e-06
5.664e-06
5.649e-06
5.661e-06
5.664e-06
5.675e-06
5.66e-06
5.653e-06
5.657e-06
5.676e-06
5.665e-06
5.656e-06
5.649e-06
5.667e-06
5.67e-06
5.665e-06
5.654e-06
5.655e-06
5.663e-06
5.676e-06
5.663e-06
5.656e-06
5.655e-06
5.673e-06
5.667e-06
5.66e-06
5.651e-06
5.662e-06
5.672e-06
5.673e-06
5.653e-06
5.657e-06
5.661e-06
5.673e-06
1.3636e-05
5.3477e-05
5.808e-06
5.681e-06
5.697e-06
5.686e-06
5.663e-06
5.66e-06
5.649e-06
5.677e-06
5.67e-06
5.662e-06
5.653e-06
5.669e-06
5.674e-06
5.673e-06
5.66e-06
5.663e-06
5.673e-06
5.669e-06
5.663e-06
5.649e-06
5.647e-06
5.669e-06
5.671e-06
5.659e-06
5.653e-06
5.658e-06
5.673e-06
5.667e-06
5.657e-06
5.653e-06
5.664e-06
5.674e-06
5.665e-06
5.665e-06
5.659e-06
5.679e-06
5.678e-06
5.659e-06
5.658e-06
5.658e-06
5.669e-06
5.66e-06
5.659e-06
5.672e-06
5.661e-06
5.674e-06
5.667e-06
5.652e-06
5.656e-06
5.665e-06
5.672e-06
5.661e-06
5.647e-06
5.658e-06
5.668e-06
5.663e-06
5.659e-06
5.664e-06
5.659e-06
5.67e-06
5.668e-06
5.655e-06
5.647e-06
5.683e-06
5.672e-06
5.666e-06
5.68e-06
5.657e-06
5.664e-06
5.681e-06
5.658e-06
5.66e-06
5.663e-06
5.669e-06
5.668e-06
5.654e-06
5.655e-06
5.66e-06
5.675e-06
5.677e-06
5.66e-06
5.665e-06
5.661e-06
5.685e-06
5.662e-06
5.664e-06
5.661e-06
5.668e-06
5.673e-06
5.659e-06
5.652e-06
5.658e-06
5.669e-06
5.666e-06
5.657e-06
5.653e-06
5.664e-06
5.672e-06
5.665e-06
5.655e-06
5.655e-06
5.662e-06
5.678e-06
5.68e-06
5.651e-06
5.661e-06
5.667e-06
5.671e-06
5.66e-06
5.649e-06
5.662e-06
5.669e-06
5.669e-06
5.655e-06
5.647e-06
5.664e-06
5.673e-06
5.659e-06
5.653e-06
5.667e-06
5.666e-06
5.669e-06
5.661e-06
5.65e-06
5.652e-06
5.67e-06
5.67e-06
5.653e-06
5.652e-06
5.674e-06
5.67e-06
5.665e-06
5.657e-06
5.651e-06
5.659e-06
5.69e-06
5.662e-06
5.653e-06
5.657e-06
5.666e-06
5.673e-06
5.659e-06
5.651e-06
5.676e-06
5.669e-06
5.667e-06
5.657e-06
5.646e-06
5.663e-06
5.67e-06
5.665e-06
5.653e-06
5.654e-06
5.664e-06
5.679e-06
5.681e-06
5.651e-06
5.656e-06
5.668e-06
5.672e-06
5.66e-06
5.65e-06
5.66e-06
5.669e-06
5.674e-06
5.675e-06
5.651e-06
5.661e-06
5.672e-06
5.665e-06
5.654e-06
5.654e-06
5.667e-06
5.671e-06
5.662e-06
5.651e-06
5.657e-06
5.686e-06
5.667e-06
5.652e-06
5.651e-06
5.66e-06
5.671e-06
5.666e-06
5.652e-06
5.651e-06
5.669e-06
5.673e-06
5.665e-06
5.67e-06
5.653e-06
5.669e-06
5.672e-06
5.659e-06
5.652e-06
5.659e-06
5.671e-06
5.667e-06
5.654e-06
5.652e-06
5.662e-06
5.666e-06
5.666e-06
5.668e-06
5.653e-06
5.677e-06
5.673e-06
5.662e-06
5.647e-06
5.658e-06
5.678e-06
5.665e-06
5.66e-06
5.65e-06
5.654e-06
5.683e-06
5.674e-06
5.656e-06
5.646e-06
5.681e-06
5.671e-06
5.667e-06
5.654e-06
5.655e-06
5.666e-06
5.673e-06
5.663e-06
5.648e-06
5.658e-06
5.686e-06
5.667e-06
5.653e-06
5.651e-06
5.66e-06
5.673e-06
5.666e-06
5.653e-06
5.651e-06
5.669e-06
5.674e-06
5.666e-06
5.67e-06
5.652e-06
5.667e-06
5.674e-06
5.66e-06
5.652e-06
5.657e-06
5.669e-06
5.668e-06
5.653e-06
5.653e-06
5.661e-06
5.666e-06
5.667e-06
5.668e-06
5.652e-06
5.663e-06
5.674e-06
5.663e-06
5.648e-06
5.674e-06
5.667e-06
5.673e-06
5.662e-06
5.651e-06
5.66e-06
5.668e-06
5.668e-06
5.677e-06
5.651e-06
5.661e-06
5.671e-06
5.659e-06
5.657e-06
5.654e-06
5.665e-06
5.671e-06
5.664e-06
1.1699e-05
5.79e-06
5.721e-06
5.689e-06
5.679e-06
5.675e-06
5.676e-06
5.67e-06
5.663e-06
5.664e-06
5.666e-06
5.677e-06
5.667e-06
5.657e-06
5.659e-06
5.67e-06
5.675e-06
5.663e-06
5.655e-06
5.663e-06
5.677e-06
5.672e-06
5.663e-06
5.655e-06
5.666e-06
5.676e-06
5.669e-06
5.657e-06
5.656e-06
5.667e-06
5.676e-06
5.661e-06
5.655e-06
5.661e-06
5.672e-06
5.666e-06
5.661e-06
5.651e-06
5.661e-06
5.67e-06
5.669e-06
5.656e-06
5.657e-06
5.662e-06
5.676e-06
5.661e-06
5.657e-06
5.652e-06
5.666e-06
5.674e-06
5.661e-06
5.648e-06
5.662e-06
5.67e-06
5.674e-06
5.656e-06
5.655e-06
5.659e-06
5.673e-06
5.667e-06
5.655e-06
5.654e-06
5.668e-06
5.673e-06
5.667e-06
5.649e-06
5.66e-06
5.664e-06
5.671e-06
5.655e-06
5.65e-06
5.663e-06
5.669e-06
5.663e-06
5.656e-06
5.664e-06
5.667e-06
5.669e-06
5.669e-06
5.649e-06
5.658e-06
5.661e-06
5.671e-06
5.666e-06
5.654e-06
5.67e-06
5.674e-06
5.666e-06
5.664e-06
5.647e-06
5.665e-06
5.675e-06
5.666e-06
5.66e-06
5.653e-06
5.676e-06
5.676e-06
5.659e-06
5.656e-06
5.659e-06
5.671e-06
5.676e-06
5.659e-06
5.651e-06
5.661e-06
5.68e-06
5.669e-06
5.665e-06
5.654e-06
5.666e-06
5.674e-06
5.661e-06
5.653e-06
5.657e-06
5.664e-06
5.684e-06
5.666e-06
5.646e-06
5.657e-06
5.671e-06
5.673e-06
5.655e-06
5.649e-06
5.665e-06
5.671e-06
5.679e-06
5.659e-06
5.648e-06
5.667e-06
5.675e-06
5.668e-06
5.657e-06
5.655e-06
5.67e-06
5.671e-06
5.673e-06
5.65e-06
5.655e-06
5.674e-06
5.671e-06
5.661e-06
5.647e-06
5.661e-06
5.675e-06
5.666e-06
5.666e-06
5.657e-06
5.661e-06
5.676e-06
5.666e-06
5.655e-06
5.661e-06
5.672e-06
5.676e-06
5.659e-06
5.663e-06
5.663e-06
5.666e-06
5.671e-06
5.659e-06
5.656e-06
5.659e-06
5.672e-06
5.669e-06
5.652e-06
5.667e-06
5.671e-06
5.667e-06
5.665e-06
5.654e-06
5.657e-06
5.664e-06
5.667e-06
5.661e-06
5.65e-06
5.673e-06
5.676e-06
5.662e-06
5.659e-06
5.657e-06
5.668e-06
5.677e-06
5.661e-06
5.657e-06
5.655e-06
5.679e-06
5.675e-06
5.655e-06
5.655e-06
5.662e-06
5.674e-06
5.672e-06
5.655e-06
5.656e-06
5.663e-06
5.685e-06
5.669e-06
5.65e-06
5.658e-06
5.668e-06
5.675e-06
5.666e-06
5.651e-06
5.662e-06
5.668e-06
5.682e-06
5.658e-06
5.647e-06
5.665e-06
5.675e-06
5.67e-06
5.651e-06
5.651e-06
5.667e-06
5.672e-06
5.675e-06
5.656e-06
5.652e-06
5.672e-06
5.674e-06
5.665e-06
5.647e-06
5.658e-06
5.666e-06
5.667e-06
5.653e-06
5.656e-06
5.657e-06
5.672e-06
5.661e-06
5.653e-06
5.65e-06
5.666e-06
5.685e-06
5.66e-06
5.647e-06
5.657e-06
5.672e-06
5.668e-06
5.66e-06
5.649e-06
5.656e-06
5.672e-06
5.679e-06
5.655e-06
5.655e-06
5.669e-06
5.667e-06
5.668e-06
5.648e-06
5.655e-06
5.67e-06
5.671e-06
5.672e-06
5.655e-06
5.655e-06
5.674e-06
5.672e-06
5.662e-06
5.655e-06
5.661e-06
5.677e-06
5.665e-06
5.667e-06
5.659e-06
5.661e-06
5.676e-06
5.658e-06
5.656e-06
5.653e-06
5.666e-06
5.674e-06
5.659e-06
5.663e-06
5.658e-06
5.666e-06
5.671e-06
5.659e-06
5.657e-06
5.658e-06
5.671e-06
5.668e-06
5.651e-06
5.667e-06
5.67e-06
5.666e-06
5.665e-06
5.653e-06
5.662e-06
5.665e-06
5.668e-06
5.661e-06
5.65e-06
5.671e-06
5.677e-06
5.661e-06
5.659e-06
5.657e-06
5.668e-06
5.677e-06
5.661e-06
5.656e-06
5.655e-06
5.667e-06
5.674e-06
5.655e-06
5.65e-06
5.663e-06
5.673e-06
5.663e-06
5.655e-06
5.657e-06
5.661e-06
5.684e-06
5.668e-06
5.649e-06
5.659e-06
5.668e-06
5.676e-06
5.657e-06
5.65e-06
5.662e-06
5.667e-06
5.681e-06
5.662e-06
5.648e-06
5.666e-06
5.675e-06
5.67e-06
5.651e-06
5.652e-06
5.668e-06
5.671e-06
5.675e-06
5.655e-06
5.652e-06
5.671e-06
5.673e-06
5.664e-06
5.655e-06
5.659e-06
5.675e-06
5.666e-06
5.669e-06
5.652e-06
5.659e-06
5.677e-06
5.667e-06
5.658e-06
5.651e-06
5.664e-06
5.676e-06
5.661e-06
5.664e-06
5.662e-06
5.665e-06
5.669e-06
5.661e-06
5.655e-06
5.657e-06
5.671e-06
5.662e-06
5.654e-06
5.648e-06
5.668e-06
5.669e-06
5.663e-06
5.65e-06
5.655e-06
5.663e-06
5.67e-06
5.671e-06
5.651e-06
5.655e-06
5.669e-06
5.671e-06
5.661e-06
5.647e-06
5.661e-06
5.668e-06
5.665e-06
5.667e-06
5.654e-06
5.667e-06
5.677e-06
5.657e-06
5.654e-06
5.653e-06
5.667e-06
5.673e-06
5.663e-06
5.651e-06
5.66e-06
5.674e-06
5.671e-06
5.652e-06
5.657e-06
5.667e-06
5.672e-06
5.668e-06
5.651e-06
5.667e-06
5.671e-06
5.665e-06
5.665e-06
5.649e-06
5.663e-06
5.677e-06
5.668e-06
5.662e-06
5.651e-06
5.657e-06
5.672e-06
5.661e-06
5.659e-06
5.65e-06
5.669e-06
5.668e-06
5.662e-06
5.656e-06
5.656e-06
5.679e-06
5.674e-06
5.655e-06
5.649e-06
5.662e-06
5.675e-06
5.662e-06
5.657e-06
5.655e-06
5.661e-06
5.685e-06
5.668e-06
5.649e-06
5.658e-06
5.669e-06
5.676e-06
5.665e-06
5.651e-06
5.662e-06
5.668e-06
5.681e-06
5.657e-06
5.647e-06
5.665e-06
5.675e-06
5.67e-06
5.651e-06
5.652e-06
5.669e-06
5.672e-06
5.675e-06
5.656e-06
5.652e-06
5.671e-06
5.675e-06
5.663e-06
5.655e-06
5.663e-06
5.674e-06
5.666e-06
5.669e-06
5.656e-06
5.659e-06
5.676e-06
5.667e-06
5.658e-06
5.649e-06
5.665e-06
5.677e-06
5.66e-06
5.663e-06
5.662e-06
5.665e-06
5.674e-06
5.661e-06
5.649e-06
5.657e-06
5.671e-06
5.671e-06
5.654e-06
5.666e-06
5.668e-06
5.668e-06
5.667e-06
5.655e-06
5.661e-06
5.671e-06
5.67e-06
5.664e-06
5.649e-06
5.671e-06
5.674e-06
5.664e-06
5.661e-06
5.654e-06
5.667e-06
5.676e-06
5.664e-06
5.658e-06
5.653e-06
5.677e-06
5.676e-06
5.657e-06
5.655e-06
5.66e-06
5.672e-06
5.674e-06
5.657e-06
5.655e-06
5.66e-06
5.675e-06
5.671e-06
5.652e-06
5.657e-06
5.665e-06
5.677e-06
5.663e-06
5.657e-06
5.657e-06
5.671e-06
5.669e-06
5.666e-06
5.648e-06
5.659e-06
5.67e-06
5.672e-06
5.653e-06
5.657e-06
5.662e-06
5.676e-06
5.662e-06
5.654e-06
5.651e-06
5.665e-06
5.674e-06
5.663e-06
5.652e-06
5.661e-06
5.669e-06
5.675e-06
5.656e-06
5.652e-06
5.657e-06
5.67e-06
5.67e-06
5.656e-06
5.648e-06
5.663e-06
5.668e-06
5.664e-06
5.656e-06
5.655e-06
5.669e-06
5.676e-06
5.664e-06
5.65e-06
5.655e-06
5.669e-06
5.681e-06
5.656e-06
5.654e-06
5.66e-06
5.675e-06
5.67e-06
5.658e-06
5.652e-06
5.659e-06
5.671e-06
5.658e-06
5.651e-06
5.659e-06
5.667e-06
5.666e-06
5.66e-06
5.647e-06
5.658e-06
5.673e-06
5.672e-06
5.654e-06
5.657e-06
5.659e-06
5.677e-06
5.666e-06
5.658e-06
5.655e-06
5.67e-06
5.672e-06
5.666e-06
5.647e-06
5.663e-06
5.665e-06
5.674e-06
5.654e-06
5.651e-06
5.662e-06
5.675e-06
5.667e-06
5.66e-06
5.649e-06
5.669e-06
5.669e-06
5.667e-06
5.652e-06
5.657e-06
5.666e-06
5.675e-06
5.66e-06
5.655e-06
5.656e-06
5.669e-06
5.665e-06
5.656e-06
5.648e-06
5.661e-06
5.679e-06
5.667e-06
5.658e-06
5.655e-06
5.673e-06
5.674e-06
5.669e-06
5.655e-06
5.654e-06
5.668e-06
5.673e-06
5.663e-06
5.663e-06
5.659e-06
5.675e-06
5.671e-06
5.651e-06
5.657e-06
5.668e-06
5.671e-06
5.668e-06
5.651e-06
5.668e-06
5.671e-06
5.667e-06
5.664e-06
5.647e-06
5.662e-06
5.674e-06
1.4673e-05
5.798e-06
5.714e-06
5.707e-06
5.675e-06
5.657e-06
5.662e-06
5.679e-06
5.671e-06
5.665e-06
5.649e-06
5.671e-06
5.675e-06
5.674e-06
5.65e-06
5.663e-06
5.674e-06
5.676e-06
5.669e-06
5.655e-06
5.654e-06
5.673e-06
5.692e-06
5.662e-06
5.67e-06
5.664e-06
5.68e-06
5.672e-06
5.661e-06
5.657e-06
5.67e-06
5.672e-06
5.664e-06
5.654e-06
5.658e-06
5.671e-06
5.691e-06
5.671e-06
5.659e-06
5.664e-06
5.677e-06
5.672e-06
5.658e-06
5.653e-06
5.681e-06
5.675e-06
5.673e-06
5.659e-06
5.656e-06
5.671e-06
5.68e-06
5.665e-06
5.658e-06
5.663e-06
5.668e-06
5.671e-06
5.678e-06
5.654e-06
5.662e-06
5.678e-06
5.668e-06
5.661e-06
5.658e-06
5.67e-06
5.678e-06
5.666e-06
5.653e-06
5.657e-06
5.686e-06
5.673e-06
5.667e-06
5.656e-06
5.665e-06
5.673e-06
5.674e-06
5.657e-06
5.653e-06
5.663e-06
5.673e-06
5.669e-06
5.673e-06
5.66e-06
5.674e-06
5.678e-06
5.669e-06
5.655e-06
5.663e-06
5.672e-06
5.689e-06
5.661e-06
5.652e-06
5.667e-06
5.68e-06
5.672e-06
5.661e-06
5.658e-06
5.669e-06
5.671e-06
5.669e-06
5.654e-06
5.656e-06
5.67e-06
5.673e-06
5.666e-06
5.641e-06
5.664e-06
5.677e-06
5.671e-06
5.658e-06
5.655e-06
5.663e-06
5.673e-06
5.666e-06
5.658e-06
5.674e-06
5.665e-06
5.681e-06
5.656e-06
5.642e-06
5.66e-06
5.661e-06
5.672e-06
5.678e-06
5.65e-06
9.609e-06
5.689e-06
5.68e-06
5.67e-06
5.674e-06
5.678e-06
5.674e-06
5.661e-06
5.658e-06
5.67e-06
5.674e-06
5.667e-06
5.656e-06
5.657e-06
5.668e-06
5.674e-06
5.664e-06
5.653e-06
5.655e-06
5.672e-06
5.672e-06
5.661e-06
5.659e-06
5.663e-06
5.69e-06
5.679e-06
5.657e-06
5.654e-06
5.665e-06
5.674e-06
5.665e-06
5.655e-06
5.658e-06
5.67e-06
5.689e-06
5.666e-06
5.653e-06
5.66e-06
5.677e-06
5.67e-06
5.658e-06
5.652e-06
5.664e-06
5.7e-06
5.668e-06
5.655e-06
5.673e-06
5.672e-06
5.674e-06
5.664e-06
5.654e-06
5.66e-06
5.668e-06
5.674e-06
5.663e-06
5.654e-06
5.679e-06
5.678e-06
5.667e-06
5.645e-06
5.655e-06
5.665e-06
5.675e-06
5.664e-06
5.655e-06
5.676e-06
5.664e-06
5.673e-06
5.679e-06
5.658e-06
5.661e-06
5.671e-06
5.671e-06
5.66e-06
5.653e-06
5.667e-06
5.674e-06
5.663e-06
5.675e-06
5.66e-06
5.666e-06
5.662e-06
5.664e-06
5.654e-06
5.658e-06
5.67e-06
5.673e-06
5.656e-06
5.653e-06
5.661e-06
5.689e-06
5.674e-06
5.659e-06
5.654e-06
5.671e-06
5.674e-06
5.667e-06
5.658e-06
5.659e-06
5.686e-06
5.676e-06
5.663e-06
5.67e-06
5.664e-06
5.676e-06
5.672e-06
5.661e-06
5.652e-06
5.662e-06
5.675e-06
5.667e-06
5.658e-06
5.656e-06
5.666e-06
5.676e-06
5.664e-06
5.655e-06
5.657e-06
5.667e-06
5.674e-06
5.664e-06
5.653e-06
5.677e-06
5.677e-06
5.669e-06
5.646e-06
5.658e-06
5.664e-06
5.674e-06
5.667e-06
5.656e-06
5.65e-06
5.668e-06
5.673e-06
5.681e-06
5.658e-06
5.659e-06
5.67e-06
5.672e-06
5.662e-06
5.652e-06
5.664e-06
5.672e-06
5.691e-06
5.658e-06
5.654e-06
5.683e-06
5.678e-06
5.666e-06
5.655e-06
5.659e-06
5.668e-06
5.673e-06
5.662e-06
5.653e-06
5.662e-06
5.688e-06
5.676e-06
5.66e-06
5.653e-06
5.669e-06
5.674e-06
5.668e-06
5.657e-06
5.656e-06
5.662e-06
5.692e-06
5.669e-06
5.655e-06
5.645e-06
5.67e-06
5.672e-06
5.665e-06
5.652e-06
5.662e-06
5.667e-06
5.669e-06
5.658e-06
5.67e-06
5.669e-06
5.674e-06
5.667e-06
5.656e-06
5.657e-06
5.667e-06
5.674e-06
5.663e-06
5.649e-06
5.66e-06
5.668e-06
5.67e-06
5.647e-06
5.658e-06
5.661e-06
5.673e-06
5.667e-06
5.657e-06
5.655e-06
5.667e-06
5.673e-06
5.682e-06
5.659e-06
5.658e-06
5.668e-06
5.675e-06
5.662e-06
5.653e-06
5.664e-06
5.673e-06
5.671e-06
5.676e-06
5.657e-06
5.663e-06
5.661e-06
5.668e-06
5.656e-06
5.656e-06
5.666e-06
5.674e-06
5.658e-06
5.654e-06
5.659e-06
5.687e-06
5.676e-06
5.662e-06
5.651e-06
5.662e-06
5.673e-06
5.668e-06
5.66e-06
5.653e-06
5.667e-06
5.691e-06
5.671e-06
5.654e-06
5.645e-06
5.673e-06
5.674e-06
5.662e-06
5.652e-06
5.66e-06
5.666e-06
5.671e-06
5.661e-06
5.67e-06
5.667e-06
5.673e-06
5.668e-06
5.656e-06
5.654e-06
5.666e-06
5.677e-06
5.665e-06
5.655e-06
5.675e-06
5.674e-06
5.671e-06
5.65e-06
5.653e-06
5.661e-06
5.671e-06
5.669e-06
5.658e-06
5.648e-06
5.664e-06
5.674e-06
5.684e-06
5.66e-06
5.657e-06
5.667e-06
5.673e-06
5.664e-06
5.654e-06
5.66e-06
5.67e-06
5.673e-06
5.677e-06
5.658e-06
5.662e-06
5.662e-06
5.674e-06
5.658e-06
5.654e-06
5.665e-06
5.673e-06
5.659e-06
5.656e-06
5.658e-06
5.685e-06
5.677e-06
5.663e-06
5.653e-06
5.66e-06
5.671e-06
5.671e-06
5.662e-06
5.654e-06
5.665e-06
5.691e-06
5.672e-06
5.656e-06
5.644e-06
5.667e-06
5.675e-06
5.664e-06
5.653e-06
5.659e-06
5.664e-06
5.672e-06
5.662e-06
5.669e-06
5.666e-06
5.674e-06
5.668e-06
5.658e-06
5.655e-06
5.664e-06
5.675e-06
5.665e-06
5.656e-06
5.673e-06
5.672e-06
5.673e-06
5.65e-06
5.658e-06
5.661e-06
5.671e-06
5.671e-06
5.66e-06
5.647e-06
5.663e-06
5.674e-06
5.685e-06
5.662e-06
5.655e-06
5.666e-06
5.674e-06
5.665e-06
5.654e-06
5.661e-06
5.669e-06
5.673e-06
5.679e-06
5.659e-06
5.661e-06
5.66e-06
5.67e-06
5.659e-06
5.653e-06
5.665e-06
5.673e-06
5.661e-06
5.655e-06
5.655e-06
5.684e-06
5.68e-06
5.665e-06
5.654e-06
5.659e-06
5.665e-06
5.672e-06
5.661e-06
5.653e-06
5.662e-06
5.689e-06
5.662e-06
5.657e-06
5.641e-06
5.671e-06
5.674e-06
5.665e-06
5.655e-06
5.656e-06
5.663e-06
5.673e-06
5.662e-06
5.67e-06
5.664e-06
5.672e-06
5.67e-06
5.66e-06
5.654e-06
5.663e-06
5.677e-06
5.669e-06
5.657e-06
5.674e-06
5.671e-06
5.673e-06
5.652e-06
5.654e-06
5.658e-06
5.672e-06
5.673e-06
5.66e-06
5.647e-06
5.661e-06
5.671e-06
5.686e-06
5.663e-06
5.652e-06
5.665e-06
5.674e-06
5.665e-06
5.655e-06
5.66e-06
5.667e-06
5.676e-06
5.68e-06
5.657e-06
5.66e-06
5.659e-06
5.677e-06
5.659e-06
5.653e-06
5.663e-06
5.671e-06
5.663e-06
5.656e-06
5.654e-06
5.683e-06
5.678e-06
5.665e-06
5.654e-06
5.658e-06
5.67e-06
5.674e-06
5.663e-06
5.652e-06
5.663e-06
5.689e-06
5.674e-06
5.66e-06
5.641e-06
5.663e-06
5.673e-06
5.668e-06
5.656e-06
5.654e-06
5.661e-06
5.674e-06
5.663e-06
5.671e-06
5.664e-06
5.67e-06
5.672e-06
5.661e-06
5.653e-06
5.662e-06
5.676e-06
5.669e-06
5.66e-06
5.671e-06
5.67e-06
5.674e-06
5.653e-06
5.66e-06
5.657e-06
5.667e-06
5.672e-06
5.662e-06
5.647e-06
5.66e-06
5.671e-06
5.688e-06
5.664e-06
5.653e-06
5.663e-06
5.673e-06
5.667e-06
5.657e-06
5.658e-06
5.667e-06
5.675e-06
5.682e-06
5.658e-06
5.658e-06
5.657e-06
5.673e-06
5.661e-06
5.652e-06
5.66e-06
5.672e-06
5.665e-06
5.658e-06
5.653e-06
5.681e-06
5.678e-06
5.667e-06
5.657e-06
5.657e-06
5.668e-06
5.673e-06
5.665e-06
5.652e-06
5.661e-06
5.687e-06
5.676e-06
5.66e-06
5.64e-06
5.668e-06
5.674e-06
5.668e-06
5.657e-06
5.654e-06
5.659e-06
5.675e-06
5.666e-06
5.671e-06
5.662e-06
5.667e-06
5.673e-06
5.662e-06
5.653e-06
5.661e-06
5.675e-06
5.669e-06
5.66e-06
5.67e-06
5.668e-06
5.863e-06
5.683e-06
5.68e-06
5.68e-06
5.681e-06
5.657e-06
5.658e-06
5.661e-06
5.667e-06
5.665e-06
5.668e-06
5.656e-06
5.668e-06
5.681e-06
5.669e-06
5.665e-06
5.657e-06
5.667e-06
5.669e-06
5.665e-06
5.649e-06
5.658e-06
5.669e-06
5.68e-06
5.664e-06
5.66e-06
5.661e-06
5.674e-06
5.673e-06
5.653e-06
5.649e-06
5.664e-06
5.677e-06
5.659e-06
5.657e-06
5.647e-06
5.67e-06
5.681e-06
5.666e-06
5.646e-06
5.653e-06
5.671e-06
5.667e-06
5.653e-06
5.647e-06
5.668e-06
5.667e-06
5.661e-06
5.659e-06
5.655e-06
5.667e-06
5.675e-06
5.669e-06
5.648e-06
5.66e-06
5.675e-06
5.668e-06
5.655e-06
5.647e-06
5.651e-06
5.673e-06
5.664e-06
5.655e-06
5.645e-06
5.666e-06
5.665e-06
5.669e-06
5.664e-06
5.655e-06
5.672e-06
5.677e-06
5.665e-06
5.649e-06
5.649e-06
5.672e-06
5.666e-06
5.665e-06
5.66e-06
5.661e-06
5.663e-06
5.665e-06
5.651e-06
5.656e-06
5.664e-06
5.668e-06
5.669e-06
5.659e-06
5.646e-06
5.666e-06
5.666e-06
5.659e-06
5.661e-06
5.653e-06
5.662e-06
5.667e-06
5.654e-06
5.656e-06
5.654e-06
5.673e-06
5.662e-06
5.653e-06
5.645e-06
5.667e-06
5.666e-06
5.669e-06
5.647e-06
5.659e-06
5.66e-06
5.678e-06
5.671e-06
5.654e-06
5.666e-06
5.671e-06
5.663e-06
5.664e-06
5.645e-06
5.657e-06
5.666e-06
5.672e-06
5.65e-06
5.657e-06
5.672e-06
5.674e-06
5.673e-06
5.657e-06
5.649e-06
5.663e-06
5.675e-06
5.658e-06
5.645e-06
5.654e-06
5.678e-06
5.664e-06
5.652e-06
5.652e-06
5.664e-06
5.676e-06
5.666e-06
5.659e-06
5.655e-06
5.669e-06
5.666e-06
5.665e-06
5.645e-06
5.653e-06
5.669e-06
5.664e-06
5.655e-06
5.652e-06
5.655e-06
5.678e-06
5.663e-06
5.661e-06
5.646e-06
5.666e-06
5.666e-06
5.669e-06
5.657e-06
5.65e-06
5.659e-06
5.677e-06
5.656e-06
5.656e-06
5.665e-06
5.671e-06
5.664e-06
5.655e-06
5.645e-06
5.664e-06
5.673e-06
5.665e-06
5.659e-06
5.655e-06
5.657e-06
5.675e-06
5.674e-06
5.65e-06
5.663e-06
5.668e-06
5.667e-06
5.667e-06
5.654e-06
5.655e-06
5.663e-06
5.664e-06
5.667e-06
5.647e-06
5.669e-06
5.674e-06
5.669e-06
5.652e-06
5.646e-06
5.669e-06
5.674e-06
5.669e-06
5.647e-06
5.659e-06
5.661e-06
5.668e-06
5.655e-06
5.648e-06
5.661e-06
5.667e-06
5.663e-06
5.663e-06
5.649e-06
5.666e-06
5.681e-06
5.667e-06
5.649e-06
5.656e-06
5.667e-06
5.669e-06
5.657e-06
5.657e-06
5.651e-06
5.673e-06
5.679e-06
5.662e-06
5.644e-06
5.655e-06
5.664e-06
5.672e-06
5.659e-06
5.648e-06
5.664e-06
5.677e-06
5.659e-06
5.657e-06
5.648e-06
5.668e-06
5.681e-06
5.659e-06
5.653e-06
5.661e-06
5.662e-06
5.679e-06
5.653e-06
5.653e-06
5.659e-06
5.675e-06
5.675e-06
5.658e-06
5.655e-06
5.661e-06
5.666e-06
5.669e-06
5.655e-06
5.66e-06
5.661e-06
5.676e-06
5.654e-06
5.647e-06
5.652e-06
5.665e-06
5.671e-06
5.654e-06
5.645e-06
5.666e-06
5.666e-06
5.669e-06
5.664e-06
5.649e-06
5.672e-06
5.676e-06
5.659e-06
5.658e-06
5.658e-06
5.664e-06
5.665e-06
5.656e-06
5.659e-06
5.655e-06
5.679e-06
5.672e-06
5.651e-06
5.657e-06
5.664e-06
5.677e-06
5.668e-06
5.659e-06
5.662e-06
5.667e-06
5.667e-06
5.658e-06
5.645e-06
5.654e-06
5.662e-06
5.675e-06
5.655e-06
5.655e-06
5.653e-06
5.673e-06
5.676e-06
5.659e-06
5.657e-06
5.666e-06
5.666e-06
5.669e-06
5.656e-06
5.652e-06
5.659e-06
5.675e-06
5.671e-06
5.653e-06
5.667e-06
5.671e-06
5.675e-06
5.661e-06
5.653e-06
5.666e-06
5.666e-06
5.671e-06
5.65e-06
5.649e-06
5.657e-06
5.667e-06
5.658e-06
5.655e-06
5.65e-06
5.671e-06
5.674e-06
5.657e-06
5.645e-06
5.654e-06
5.679e-06
5.665e-06
5.667e-06
5.655e-06
5.664e-06
5.668e-06
5.66e-06
5.659e-06
5.655e-06
5.67e-06
5.665e-06
5.665e-06
5.645e-06
5.652e-06
5.66e-06
5.668e-06
5.662e-06
5.655e-06
5.654e-06
5.676e-06
5.662e-06
5.659e-06
5.645e-06
5.657e-06
5.667e-06
5.669e-06
5.658e-06
5.657e-06
5.673e-06
5.674e-06
5.665e-06
5.655e-06
5.659e-06
5.676e-06
5.678e-06
5.662e-06
5.644e-06
5.665e-06
5.673e-06
5.664e-06
5.659e-06
5.657e-06
5.662e-06
5.673e-06
5.664e-06
5.649e-06
5.66e-06
5.66e-06
5.674e-06
5.661e-06
5.647e-06
5.66e-06
5.671e-06
5.672e-06
5.66e-06
5.65e-06
5.663e-06
5.673e-06
5.669e-06
5.658e-06
5.655e-06
5.671e-06
5.675e-06
5.67e-06
5.654e-06
5.659e-06
5.669e-06
5.672e-06
5.662e-06
5.659e-06
5.661e-06
5.672e-06
5.67e-06
5.66e-06
5.654e-06
5.665e-06
5.673e-06
5.665e-06
5.657e-06
5.662e-06
5.667e-06
5.675e-06
5.665e-06
5.654e-06
5.659e-06
5.674e-06
5.673e-06
5.662e-06
5.654e-06
5.662e-06
5.674e-06
5.669e-06
5.659e-06
5.655e-06
5.665e-06
5.679e-06
5.667e-06
5.655e-06
5.657e-06
5.665e-06
5.673e-06
5.663e-06
5.654e-06
5.66e-06
5.671e-06
5.676e-06
5.66e-06
5.654e-06
5.662e-06
5.674e-06
5.668e-06
5.655e-06
5.656e-06
5.668e-06
5.675e-06
5.67e-06
5.655e-06
5.663e-06
5.67e-06
5.672e-06
5.67e-06
5.654e-06
5.668e-06
5.68e-06
5.669e-06
5.661e-06
5.675e-06
5.664e-06
5.675e-06
5.669e-06
5.657e-06
5.657e-06
5.667e-06
5.673e-06
5.665e-06
5.655e-06
5.659e-06
5.67e-06
5.673e-06
5.666e-06
5.653e-06
5.666e-06
5.673e-06
5.67e-06
5.659e-06
5.661e-06
5.665e-06
5.674e-06
5.666e-06
5.659e-06
5.658e-06
5.668e-06
5.674e-06
5.661e-06
5.653e-06
5.66e-06
5.672e-06
5.678e-06
5.661e-06
5.653e-06
5.663e-06
5.674e-06
5.668e-06
5.657e-06
5.663e-06
5.668e-06
5.678e-06
5.673e-06
5.658e-06
5.66e-06
5.69e-06
5.674e-06
5.663e-06
5.653e-06
5.661e-06
5.672e-06
5.67e-06
5.66e-06
5.654e-06
5.67e-06
5.676e-06
5.672e-06
5.656e-06
5.657e-06
5.668e-06
5.675e-06
5.664e-06
5.653e-06
5.66e-06
5.676e-06
5.673e-06
5.665e-06
5.653e-06
5.667e-06
5.674e-06
5.673e-06
5.657e-06
5.655e-06
5.665e-06
5.675e-06
5.666e-06
5.655e-06
5.657e-06
5.673e-06
5.673e-06
5.664e-06
5.654e-06
5.659e-06
5.672e-06
5.679e-06
5.666e-06
5.655e-06
5.657e-06
5.678e-06
5.66e-06
5.66e-06
5.656e-06
5.667e-06
5.667e-06
5.672e-06
5.647e-06
5.66e-06
5.676e-06
5.674e-06
5.669e-06
5.655e-06
5.669e-06
5.676e-06
5.677e-06
5.662e-06
5.647e-06
5.672e-06
5.667e-06
5.668e-06
5.661e-06
5.66e-06
5.676e-06
5.677e-06
5.666e-06
5.656e-06
5.652e-06
5.672e-06
5.666e-06
5.663e-06
5.652e-06
5.669e-06
5.695e-06
5.669e-06
5.659e-06
5.655e-06
5.665e-06
5.675e-06
5.666e-06
5.661e-06
5.657e-06
5.669e-06
5.674e-06
5.663e-06
5.653e-06
5.665e-06
5.672e-06
5.672e-06
5.659e-06
5.651e-06
5.663e-06
5.675e-06
5.67e-06
5.662e-06
5.655e-06
5.671e-06
5.674e-06
5.666e-06
5.654e-06
5.658e-06
5.67e-06
5.679e-06
5.662e-06
5.653e-06
5.662e-06
5.677e-06
5.672e-06
5.664e-06
5.654e-06
5.663e-06
5.674e-06
5.675e-06
5.663e-06
5.658e-06
5.675e-06
5.678e-06
5.672e-06
5.656e-06
1.2051e-05
5.816e-06
5.719e-06
5.7e-06
5.68e-06
5.676e-06
5.671e-06
5.666e-06
5.651e-06
5.665e-06
5.67e-06
5.665e-06
5.65e-06
5.659e-06
5.667e-06
5.669e-06
5.661e-06
5.649e-06
5.662e-06
5.674e-06
5.669e-06
5.658e-06
5.655e-06
5.665e-06
5.675e-06
5.667e-06
5.655e-06
5.654e-06
5.669e-06
5.671e-06
5.663e-06
5.659e-06
5.669e-06
5.658e-06
5.682e-06
5.657e-06
5.64e-06
5.66e-06
5.673e-06
5.676e-06
5.655e-06
5.649e-06
5.669e-06
5.664e-06
5.668e-06
5.644e-06
5.653e-06
5.671e-06
5.66e-06
5.659e-06
5.64e-06
5.659e-06
5.683e-06
5.657e-06
5.67e-06
5.64e-06
5.659e-06
5.671e-06
5.653e-06
5.654e-06
5.644e-06
5.654e-06
5.684e-06
5.65e-06
5.663e-06
5.647e-06
5.657e-06
5.669e-06
5.668e-06
5.651e-06
5.669e-06
5.68e-06
5.679e-06
5.655e-06
5.663e-06
5.666e-06
5.681e-06
5.663e-06
5.661e-06
5.655e-06
5.675e-06
5.672e-06
5.673e-06
5.653e-06
5.671e-06
5.671e-06
5.665e-06
5.662e-06
5.66e-06
5.661e-06
5.681e-06
5.665e-06
5.665e-06
5.655e-06
5.678e-06
5.671e-06
5.671e-06
5.651e-06
5.655e-06
5.668e-06
5.684e-06
5.661e-06
5.664e-06
5.661e-06
5.682e-06
5.667e-06
5.653e-06
5.652e-06
5.673e-06
5.672e-06
5.685e-06
5.656e-06
5.668e-06
5.666e-06
5.683e-06
5.661e-06
5.649e-06
5.659e-06
5.667e-06
5.668e-06
5.669e-06
5.651e-06
5.675e-06
5.671e-06
5.675e-06
5.653e-06
5.657e-06
5.664e-06
5.669e-06
5.662e-06
5.664e-06
5.657e-06
5.679e-06
5.669e-06
5.671e-06
5.65e-06
5.657e-06
5.67e-06
5.665e-06
5.657e-06
5.663e-06
5.663e-06
5.685e-06
5.664e-06
5.665e-06
5.654e-06
5.663e-06
5.671e-06
5.659e-06
5.651e-06
5.669e-06
5.672e-06
5.665e-06
5.657e-06
5.648e-06
5.661e-06
5.673e-06
5.667e-06
5.655e-06
5.652e-06
5.662e-06
5.671e-06
5.664e-06
5.653e-06
5.653e-06
5.668e-06
5.669e-06
5.661e-06
5.651e-06
5.657e-06
5.671e-06
5.667e-06
5.657e-06
5.653e-06
5.661e-06
5.675e-06
5.662e-06
5.654e-06
5.656e-06
1.6318e-05
5.787e-06
5.695e-06
5.69e-06
5.695e-06
5.673e-06
5.66e-06
5.661e-06
6.119e-06
5.83e-06
5.927e-06
5.899e-06
5.755e-06
5.758e-06
5.873e-06
5.938e-06
6.127e-06
5.871e-06
6.019e-06
5.675e-06
5.676e-06
5.684e-06
5.687e-06
5.669e-06
5.653e-06
1.8567e-05
5.808e-06
5.712e-06
6.148e-06
5.948e-06
5.845e-06
5.774e-06
5.772e-06
5.875e-06
5.741e-06
5.852e-06
5.846e-06
5.863e-06
1.3154e-05
5.787e-06
5.775e-06
5.866e-06
6.094e-06
5.918e-06
5.793e-06
6.183e-06
5.942e-06
5.762e-06
5.73e-06
5.878e-06
5.946e-06
5.956e-06
5.955e-06
6.163e-06
6.084e-06
6.111e-06
7.583e-06
1.3898e-05
5.863e-06
7.541e-06
5.795e-06
5.792e-06
5.8e-06
5.781e-06
5.768e-06
5.765e-06
5.784e-06
5.77e-06
5.733e-06
5.766e-06
5.776e-06
5.783e-06
5.754e-06
5.772e-06
5.776e-06
5.783e-06
5.774e-06
5.761e-06
5.775e-06
5.794e-06
5.761e-06
5.761e-06
5.77e-06
5.967e-06
7.096e-06
9.301e-06
6.531e-06
5.768e-06
6.005e-06
5.916e-06
5.694e-06
5.689e-06
5.679e-06
5.67e-06
5.658e-06
5.677e-06
5.684e-06
5.671e-06
5.659e-06
5.665e-06
5.669e-06
5.677e-06
5.65e-06
5.657e-06
5.661e-06
5.66e-06
5.671e-06
5.661e-06
5.654e-06
5.666e-06
5.675e-06
5.668e-06
5.651e-06
5.657e-06
5.653e-06
5.674e-06
5.665e-06
5.651e-06
5.66e-06
5.672e-06
5.673e-06
5.662e-06
5.648e-06
5.664e-06
5.672e-06
5.671e-06
5.659e-06
5.655e-06
5.665e-06
5.674e-06
5.667e-06
5.655e-06
5.652e-06
5.668e-06
5.669e-06
5.663e-06
5.647e-06
5.658e-06
5.67e-06
5.673e-06
5.661e-06
5.653e-06
5.657e-06
5.675e-06
5.664e-06
5.658e-06
5.655e-06
5.666e-06
5.675e-06
5.666e-06
5.655e-06
5.659e-06
5.664e-06
5.671e-06
5.658e-06
5.653e-06
5.655e-06
5.671e-06
5.67e-06
5.659e-06
5.655e-06
5.664e-06
5.674e-06
5.666e-06
5.652e-06
5.655e-06
5.667e-06
5.675e-06
5.664e-06
5.655e-06
5.659e-06
5.671e-06
5.673e-06
5.662e-06
5.653e-06
5.662e-06
5.672e-06
5.671e-06
5.659e-06
5.651e-06
1.1215e-05
5.685e-06
5.679e-06
5.672e-06
5.68e-06
5.683e-06
5.672e-06
5.664e-06
5.657e-06
5.68e-06
5.681e-06
5.657e-06
5.656e-06
5.657e-06
5.679e-06
5.675e-06
5.661e-06
5.66e-06
5.67e-06
5.681e-06
5.669e-06
5.653e-06
5.662e-06
5.664e-06
5.68e-06
5.672e-06
5.66e-06
5.665e-06
5.676e-06
5.678e-06
5.667e-06
5.649e-06
5.664e-06
5.67e-06
5.675e-06
5.66e-06
5.657e-06
5.672e-06
5.676e-06
5.671e-06
5.661e-06
5.673e-06
5.67e-06
5.677e-06
5.665e-06
5.648e-06
5.662e-06
5.678e-06
5.666e-06
5.668e-06
5.655e-06
5.665e-06
5.676e-06
5.664e-06
5.653e-06
5.652e-06
5.668e-06
5.682e-06
5.667e-06
5.658e-06
5.66e-06
5.666e-06
5.669e-06
5.659e-06
5.648e-06
5.658e-06
5.668e-06
5.667e-06
5.654e-06
5.65e-06
5.659e-06
5.67e-06
5.664e-06
5.652e-06
5.651e-06
5.671e-06
5.671e-06
5.66e-06
5.648e-06
5.655e-06
5.666e-06
5.669e-06
5.657e-06
5.649e-06
5.657e-06
5.669e-06
5.666e-06
5.654e-06
5.649e-06
5.661e-06
5.67e-06
5.67e-06
5.652e-06
5.654e-06
5.664e-06
5.669e-06
5.659e-06
5.65e-06
5.656e-06
5.665e-06
5.667e-06
5.656e-06
5.649e-06
5.659e-06
5.67e-06
5.664e-06
5.653e-06
5.658e-06
5.662e-06
5.67e-06
5.66e-06
5.65e-06
5.653e-06
5.672e-06
5.669e-06
5.666e-06
5.65e-06
5.657e-06
5.667e-06
5.674e-06
5.655e-06
5.649e-06
5.659e-06
1.455e-05
5.802e-06
5.719e-06
5.723e-06
5.713e-06
5.659e-06
5.655e-06
5.668e-06
5.68e-06
5.673e-06
5.656e-06
5.665e-06
5.668e-06
5.682e-06
5.672e-06
5.683e-06
5.658e-06
5.667e-06
5.677e-06
5.659e-06
5.657e-06
5.659e-06
5.678e-06
5.668e-06
5.657e-06
5.655e-06
5.671e-06
5.669e-06
5.67e-06
5.653e-06
5.662e-06
5.669e-06
5.672e-06
5.694e-06
5.673e-06
5.662e-06
5.672e-06
5.673e-06
5.659e-06
5.662e-06
5.65e-06
5.675e-06
5.654e-06
5.656e-06
5.643e-06
5.666e-06
5.66e-06
5.663e-06
5.651e-06
5.661e-06
5.655e-06
5.673e-06
5.663e-06
5.652e-06
5.647e-06
5.672e-06
5.666e-06
5.658e-06
5.64e-06
5.669e-06
5.661e-06
5.665e-06
5.641e-06
5.665e-06
5.665e-06
5.674e-06
5.663e-06
5.653e-06
5.657e-06
5.666e-06
5.669e-06
5.661e-06
5.639e-06
5.664e-06
5.671e-06
5.668e-06
5.659e-06
5.655e-06
5.663e-06
5.673e-06
5.662e-06
5.655e-06
5.644e-06
5.668e-06
5.67e-06
5.663e-06
5.651e-06
5.659e-06
5.657e-06
5.67e-06
5.646e-06
5.662e-06
5.649e-06
5.675e-06
5.653e-06
5.657e-06
5.659e-06
5.663e-06
5.669e-06
5.66e-06
5.65e-06
5.659e-06
5.665e-06
5.674e-06
5.665e-06
5.647e-06
5.657e-06
5.671e-06
5.674e-06
5.655e-06
5.649e-06
5.658e-06
5.67e-06
5.663e-06
5.659e-06
5.657e-06
5.662e-06
5.672e-06
5.671e-06
5.646e-06
5.661e-06
1.2064e-05
5.79e-06
5.695e-06
5.705e-06
5.705e-06
5.667e-06
5.652e-06
5.654e-06
5.663e-06
5.672e-06
5.668e-06
5.659e-06
5.66e-06
5.671e-06
5.679e-06
5.662e-06
5.653e-06
5.662e-06
5.673e-06
5.669e-06
5.66e-06
5.655e-06
5.665e-06
5.674e-06
5.666e-06
5.655e-06
5.657e-06
5.659e-06
5.675e-06
5.659e-06
5.654e-06
5.655e-06
5.672e-06
5.668e-06
5.66e-06
5.65e-06
5.663e-06
5.674e-06
5.658e-06
5.652e-06
5.657e-06
5.662e-06
5.674e-06
5.661e-06
5.653e-06
5.655e-06
5.67e-06
5.669e-06
5.653e-06
5.648e-06
5.663e-06
5.669e-06
5.67e-06
5.653e-06
5.654e-06
5.663e-06
5.675e-06
5.663e-06
5.647e-06
5.653e-06
5.669e-06
5.669e-06
5.663e-06
5.648e-06
5.66e-06
5.668e-06
5.671e-06
5.657e-06
5.644e-06
5.658e-06
5.674e-06
5.663e-06
5.659e-06
5.651e-06
5.667e-06
5.671e-06
5.666e-06
5.651e-06
5.649e-06
5.664e-06
5.674e-06
5.658e-06
5.652e-06
5.656e-06
5.672e-06
5.668e-06
5.659e-06
5.65e-06
5.656e-06
5.67e-06
5.669e-06
5.651e-06
5.657e-06
5.663e-06
5.675e-06
5.662e-06
5.652e-06
5.657e-06
5.661e-06
5.667e-06
5.663e-06
5.649e-06
5.663e-06
5.67e-06
5.669e-06
5.654e-06
5.655e-06
5.662e-06
5.665e-06
5.661e-06
5.656e-06
5.653e-06
5.669e-06
5.668e-06
5.663e-06
5.65e-06
5.661e-06
5.67e-06
5.661e-06
5.655e-06
5.655e-06
5.659e-06
5.674e-06
5.663e-06
5.656e-06
5.653e-06
5.667e-06
5.672e-06
5.656e-06
5.649e-06
5.661e-06
5.665e-06
5.673e-06
5.657e-06
5.653e-06
5.659e-06
5.673e-06
5.665e-06
5.649e-06
5.649e-06
5.667e-06
5.67e-06
5.667e-06
5.651e-06
5.657e-06
5.666e-06
5.673e-06
5.66e-06
5.644e-06
5.655e-06
5.673e-06
5.666e-06
5.661e-06
5.648e-06
5.663e-06
5.675e-06
5.665e-06
5.661e-06
5.655e-06
5.662e-06
5.675e-06
5.661e-06
5.659e-06
5.654e-06
5.669e-06
5.671e-06
5.663e-06
5.649e-06
5.652e-06
5.669e-06
5.671e-06
5.654e-06
5.653e-06
5.664e-06
5.673e-06
5.667e-06
5.656e-06
5.657e-06
5.687e-06
5.675e-06
5.664e-06
5.655e-06
5.661e-06
5.671e-06
5.672e-06
5.661e-06
5.654e-06
5.664e-06
5.674e-06
5.669e-06
5.675e-06
5.655e-06
5.665e-06
5.674e-06
5.665e-06
5.655e-06
5.657e-06
5.67e-06
5.692e-06
5.663e-06
5.653e-06
5.662e-06
5.671e-06
5.671e-06
5.659e-06
5.654e-06
5.681e-06
5.674e-06
5.667e-06
5.655e-06
5.656e-06
5.667e-06
5.675e-06
5.664e-06
5.671e-06
5.66e-06
5.67e-06
5.673e-06
5.662e-06
5.653e-06
5.662e-06
5.672e-06
5.687e-06
5.658e-06
5.656e-06
5.667e-06
5.674e-06
5.666e-06
5.655e-06
5.657e-06
5.686e-06
5.674e-06
5.663e-06
5.653e-06
5.66e-06
5.671e-06
5.671e-06
5.66e-06
5.67e-06
5.663e-06
5.674e-06
5.669e-06
5.658e-06
5.656e-06
5.667e-06
5.675e-06
5.681e-06
5.654e-06
5.658e-06
5.67e-06
5.674e-06
5.661e-06
5.653e-06
5.663e-06
5.69e-06
5.67e-06
5.66e-06
5.654e-06
5.665e-06
5.675e-06
5.666e-06
5.656e-06
5.674e-06
5.669e-06
5.674e-06
5.663e-06
5.654e-06
5.66e-06
5.672e-06
5.671e-06
5.677e-06
5.653e-06
5.662e-06
5.673e-06
5.668e-06
5.657e-06
5.655e-06
5.666e-06
5.691e-06
5.666e-06
5.655e-06
5.659e-06
5.669e-06
5.675e-06
5.662e-06
5.654e-06
5.678e-06
5.672e-06
5.671e-06
5.66e-06
5.655e-06
5.663e-06
5.674e-06
5.667e-06
5.673e-06
5.657e-06
5.667e-06
5.675e-06
5.665e-06
5.654e-06
5.66e-06
5.671e-06
5.69e-06
5.663e-06
5.653e-06
5.661e-06
5.673e-06
5.669e-06
5.658e-06
5.656e-06
5.682e-06
5.675e-06
5.667e-06
5.655e-06
5.657e-06
5.669e-06
5.674e-06
5.663e-06
5.67e-06
5.661e-06
5.672e-06
5.672e-06
5.661e-06
5.654e-06
5.664e-06
5.675e-06
5.685e-06
5.658e-06
5.655e-06
5.666e-06
5.675e-06
5.665e-06
5.655e-06
5.659e-06
5.687e-06
5.674e-06
5.661e-06
5.653e-06
5.661e-06
5.675e-06
5.669e-06
5.658e-06
5.671e-06
5.664e-06
5.675e-06
5.667e-06
5.655e-06
5.657e-06
5.666e-06
5.675e-06
5.681e-06
5.654e-06
5.66e-06
5.671e-06
5.672e-06
5.664e-06
5.653e-06
5.663e-06
5.692e-06
5.669e-06
5.657e-06
5.656e-06
5.666e-06
5.675e-06
5.667e-06
5.654e-06
5.675e-06
5.67e-06
5.673e-06
5.662e-06
5.653e-06
5.661e-06
5.672e-06
5.671e-06
5.677e-06
5.655e-06
5.665e-06
5.673e-06
5.668e-06
5.657e-06
5.656e-06
5.667e-06
5.692e-06
5.664e-06
5.653e-06
5.66e-06
5.67e-06
5.672e-06
5.662e-06
5.653e-06
5.68e-06
5.674e-06
5.669e-06
5.658e-06
5.654e-06
5.666e-06
5.675e-06
5.667e-06
5.672e-06
5.658e-06
5.669e-06
5.675e-06
5.664e-06
5.653e-06
5.661e-06
5.673e-06
5.689e-06
5.661e-06
5.653e-06
5.664e-06
5.674e-06
5.668e-06
5.657e-06
5.655e-06
5.685e-06
5.674e-06
5.665e-06
5.656e-06
5.659e-06
5.669e-06
5.674e-06
5.662e-06
5.669e-06
5.662e-06
5.672e-06
5.67e-06
5.659e-06
5.654e-06
5.665e-06
5.674e-06
5.684e-06
5.656e-06
5.658e-06
5.667e-06
5.674e-06
5.664e-06
5.654e-06
5.66e-06
5.689e-06
5.673e-06
5.66e-06
5.654e-06
5.663e-06
5.675e-06
5.669e-06
5.656e-06
5.672e-06
5.667e-06
5.674e-06
5.666e-06
5.654e-06
5.657e-06
5.669e-06
5.674e-06
5.679e-06
5.653e-06
5.661e-06
5.672e-06
5.67e-06
5.659e-06
5.654e-06
5.665e-06
5.691e-06
5.668e-06
5.657e-06
5.656e-06
5.668e-06
5.675e-06
5.665e-06
5.654e-06
5.676e-06
5.671e-06
5.672e-06
5.661e-06
5.653e-06
5.663e-06
5.674e-06
5.669e-06
5.676e-06
5.655e-06
5.665e-06
5.674e-06
5.666e-06
5.656e-06
5.656e-06
5.669e-06
5.691e-06
5.663e-06
5.654e-06
5.66e-06
5.673e-06
5.672e-06
5.66e-06
5.654e-06
5.681e-06
5.674e-06
5.667e-06
5.658e-06
5.655e-06
5.666e-06
5.675e-06
5.665e-06
5.671e-06
5.658e-06
5.67e-06
5.673e-06
5.661e-06
5.652e-06
5.661e-06
5.674e-06
5.687e-06
5.66e-06
5.655e-06
5.665e-06
5.675e-06
5.667e-06
5.656e-06
5.658e-06
5.685e-06
5.674e-06
5.664e-06
5.653e-06
5.659e-06
5.671e-06
5.672e-06
5.661e-06
5.671e-06
5.664e-06
5.673e-06
5.669e-06
5.658e-06
5.656e-06
5.666e-06
5.675e-06
5.683e-06
5.655e-06
5.659e-06
5.67e-06
5.672e-06
5.663e-06
5.653e-06
5.661e-06
5.689e-06
5.672e-06
5.659e-06
5.655e-06
5.665e-06
5.675e-06
5.667e-06
5.656e-06
5.673e-06
5.667e-06
5.675e-06
5.664e-06
5.653e-06
5.66e-06
5.671e-06
5.672e-06
5.678e-06
5.654e-06
5.662e-06
5.673e-06
5.668e-06
5.658e-06
5.655e-06
5.666e-06
5.691e-06
5.665e-06
5.655e-06
5.659e-06
5.668e-06
5.675e-06
5.663e-06
5.654e-06
5.677e-06
5.672e-06
5.671e-06
5.66e-06
5.653e-06
5.664e-06
5.674e-06
5.669e-06
5.674e-06
5.656e-06
5.667e-06
5.675e-06
5.665e-06
5.654e-06
5.659e-06
5.669e-06
5.69e-06
5.662e-06
5.654e-06
5.663e-06
5.673e-06
5.67e-06
5.66e-06
5.654e-06
5.683e-06
5.675e-06
5.668e-06
5.656e-06
5.657e-06
5.667e-06
5.675e-06
5.663e-06
5.67e-06
5.66e-06
5.671e-06
5.672e-06
5.662e-06
5.653e-06
5.664e-06
5.673e-06
5.686e-06
5.658e-06
5.655e-06
1.554e-05
5.804e-06
5.69e-06
5.699e-06
5.697e-06
5.67e-06
5.655e-06
5.656e-06
5.665e-06
5.667e-06
5.661e-06
5.65e-06
5.667e-06
5.668e-06
5.672e-06
5.656e-06
5.653e-06
5.658e-06
5.666e-06
5.668e-06
5.658e-06
5.655e-06
5.666e-06
5.667e-06
5.665e-06
5.654e-06
5.657e-06
5.669e-06
5.666e-06
5.657e-06
5.653e-06
5.653e-06
5.671e-06
5.664e-06
5.656e-06
5.653e-06
5.663e-06
5.669e-06
5.661e-06
5.652e-06
5.65e-06
5.659e-06
5.667e-06
5.659e-06
5.65e-06
5.659e-06
5.662e-06
5.673e-06
5.655e-06
5.648e-06
5.661e-06
5.672e-06
5.665e-06
5.653e-06
5.654e-06
5.657e-06
5.674e-06
5.665e-06
5.657e-06
5.652e-06
5.66e-06
5.668e-06
5.663e-06
5.647e-06
5.654e-06
5.663e-06
5.668e-06
5.662e-06
5.652e-06
5.656e-06
5.666e-06
5.665e-06
5.654e-06
5.648e-06
5.656e-06
5.671e-06
5.662e-06
5.653e-06
5.654e-06
5.664e-06
5.671e-06
5.659e-06
5.65e-06
5.656e-06
5.665e-06
5.668e-06
5.657e-06
5.65e-06
5.659e-06
5.669e-06
5.666e-06
5.653e-06
5.652e-06
5.663e-06
5.671e-06
5.662e-06
5.652e-06
5.655e-06
5.667e-06
5.669e-06
5.66e-06
5.648e-06
5.657e-06
5.668e-06
5.667e-06
5.657e-06
5.65e-06
5.66e-06
5.668e-06
5.666e-06
5.654e-06
5.651e-06
5.663e-06
5.67e-06
5.662e-06
5.651e-06
5.653e-06
5.666e-06
5.668e-06
5.659e-06
5.649e-06
5.656e-06
5.671e-06
5.664e-06
5.655e-06
5.65e-06
5.66e-06
5.672e-06
5.662e-06
5.653e-06
5.65e-06
5.664e-06
5.672e-06
5.659e-06
5.65e-06
5.655e-06
5.666e-06
5.67e-06
5.657e-06
5.649e-06
5.657e-06
5.669e-06
5.666e-06
5.654e-06
5.65e-06
5.66e-06
5.671e-06
5.664e-06
5.651e-06
5.653e-06
5.662e-06
5.671e-06
5.661e-06
5.65e-06
5.656e-06
5.666e-06
5.669e-06
5.657e-06
5.648e-06
5.659e-06
5.668e-06
5.666e-06
5.652e-06
5.652e-06
5.661e-06
5.67e-06
5.663e-06
5.65e-06
5.653e-06
5.666e-06
5.669e-06
5.66e-06
5.646e-06
5.658e-06
5.668e-06
5.666e-06
5.657e-06
5.648e-06
5.659e-06
5.67e-06
5.664e-06
5.654e-06
5.649e-06
5.665e-06
5.672e-06
5.661e-06
5.651e-06
5.653e-06
5.667e-06
5.67e-06
5.659e-06
5.651e-06
5.656e-06
5.67e-06
5.666e-06
5.656e-06
5.651e-06
5.659e-06
5.672e-06
5.663e-06
5.653e-06
5.653e-06
5.661e-06
5.671e-06
5.659e-06
5.648e-06
5.655e-06
5.665e-06
5.67e-06
5.656e-06
5.649e-06
5.658e-06
5.668e-06
5.667e-06
5.655e-06
5.651e-06
5.661e-06
5.67e-06
5.662e-06
5.651e-06
5.653e-06
5.665e-06
5.671e-06
5.661e-06
5.649e-06
5.656e-06
5.665e-06
5.669e-06
5.658e-06
5.648e-06
5.659e-06
5.669e-06
5.664e-06
5.655e-06
5.65e-06
5.662e-06
5.669e-06
5.662e-06
5.653e-06
5.652e-06
5.666e-06
5.669e-06
5.66e-06
5.65e-06
5.655e-06
5.669e-06
5.666e-06
5.657e-06
5.65e-06
5.658e-06
5.671e-06
5.664e-06
5.653e-06
5.652e-06
5.663e-06
5.671e-06
5.661e-06
5.651e-06
5.653e-06
5.666e-06
5.671e-06
5.658e-06
5.65e-06
5.655e-06
5.668e-06
5.667e-06
5.655e-06
5.65e-06
5.659e-06
5.67e-06
5.664e-06
5.651e-06
5.652e-06
5.661e-06
5.671e-06
5.662e-06
5.649e-06
5.656e-06
5.667e-06
5.67e-06
5.658e-06
5.647e-06
5.659e-06
5.667e-06
5.667e-06
5.656e-06
5.65e-06
5.661e-06
5.67e-06
5.663e-06
5.652e-06
5.652e-06
5.664e-06
5.67e-06
5.661e-06
5.65e-06
5.656e-06
5.668e-06
5.669e-06
5.657e-06
5.649e-06
5.659e-06
5.67e-06
5.664e-06
5.654e-06
5.65e-06
5.664e-06
5.671e-06
5.661e-06
5.651e-06
5.653e-06
5.666e-06
5.671e-06
5.657e-06
5.651e-06
5.654e-06
5.668e-06
5.668e-06
5.656e-06
5.65e-06
5.658e-06
5.67e-06
5.663e-06
5.654e-06
5.652e-06
5.661e-06
5.672e-06
5.659e-06
5.651e-06
5.655e-06
5.664e-06
5.671e-06
5.658e-06
5.649e-06
5.657e-06
5.667e-06
5.668e-06
5.655e-06
5.65e-06
5.66e-06
5.668e-06
5.665e-06
5.651e-06
5.652e-06
5.664e-06
5.669e-06
5.652e-06
5.65e-06
5.644e-06
5.655e-06
5.677e-06
5.648e-06
5.649e-06
5.648e-06
5.668e-06
5.673e-06
5.664e-06
5.649e-06
5.651e-06
5.671e-06
5.663e-06
5.643e-06
5.661e-06
5.672e-06
5.669e-06
5.668e-06
5.64e-06
5.663e-06
5.655e-06
5.669e-06
5.647e-06
5.657e-06
5.658e-06
5.659e-06
5.672e-06
5.645e-06
5.658e-06
5.661e-06
5.66e-06
5.66e-06
5.641e-06
5.643e-06
5.672e-06
5.66e-06
5.668e-06
5.639e-06
5.656e-06
5.675e-06
5.675e-06
5.656e-06
5.639e-06
5.659e-06
5.67e-06
5.655e-06
5.654e-06
5.659e-06
5.662e-06
5.679e-06
5.652e-06
5.658e-06
5.644e-06
5.665e-06
5.66e-06
5.667e-06
5.649e-06
5.647e-06
5.677e-06
5.656e-06
5.664e-06
5.649e-06
5.649e-06
5.671e-06
5.654e-06
5.643e-06
5.659e-06
5.652e-06
5.679e-06
5.651e-06
5.65e-06
5.663e-06
5.673e-06
5.669e-06
5.647e-06
5.648e-06
5.657e-06
5.658e-06
5.665e-06
5.663e-06
5.65e-06
5.668e-06
5.66e-06
5.671e-06
5.642e-06
5.652e-06
5.653e-06
5.679e-06
5.66e-06
5.64e-06
5.663e-06
5.655e-06
5.676e-06
5.658e-06
5.64e-06
5.657e-06
5.659e-06
5.656e-06
5.662e-06
5.64e-06
5.669e-06
5.659e-06
5.663e-06
5.661e-06
5.661e-06
5.664e-06
5.66e-06
5.66e-06
5.65e-06
5.646e-06
5.666e-06
5.676e-06
5.656e-06
5.657e-06
5.648e-06
5.678e-06
5.654e-06
5.654e-06
5.642e-06
5.67e-06
5.671e-06
5.652e-06
5.659e-06
5.644e-06
5.673e-06
5.669e-06
5.649e-06
5.649e-06
5.646e-06
5.657e-06
5.675e-06
5.646e-06
5.658e-06
5.649e-06
5.67e-06
5.673e-06
5.662e-06
5.652e-06
5.652e-06
5.671e-06
5.661e-06
5.639e-06
5.654e-06
5.673e-06
5.669e-06
5.667e-06
5.639e-06
5.665e-06
5.658e-06
5.665e-06
5.645e-06
5.656e-06
5.66e-06
5.66e-06
5.672e-06
5.642e-06
5.66e-06
5.662e-06
5.659e-06
5.66e-06
5.64e-06
5.645e-06
5.673e-06
5.659e-06
5.667e-06
5.639e-06
5.657e-06
5.678e-06
5.673e-06
5.654e-06
5.64e-06
5.661e-06
5.669e-06
5.653e-06
5.653e-06
5.661e-06
5.663e-06
5.679e-06
5.65e-06
5.658e-06
5.645e-06
5.666e-06
5.657e-06
5.666e-06
5.649e-06
5.647e-06
5.677e-06
5.655e-06
5.661e-06
5.651e-06
5.651e-06
5.67e-06
5.652e-06
5.64e-06
5.661e-06
5.655e-06
5.679e-06
5.649e-06
5.649e-06
5.665e-06
5.675e-06
5.667e-06
5.646e-06
5.649e-06
5.659e-06
5.66e-06
5.665e-06
5.661e-06
5.651e-06
5.67e-06
5.661e-06
5.669e-06
5.641e-06
5.654e-06
5.656e-06
5.677e-06
5.659e-06
5.639e-06
5.665e-06
5.659e-06
5.675e-06
5.656e-06
5.639e-06
5.66e-06
5.66e-06
5.655e-06
5.661e-06
5.642e-06
5.67e-06
5.66e-06
5.661e-06
5.659e-06
5.662e-06
5.666e-06
5.659e-06
5.656e-06
5.649e-06
5.647e-06
5.67e-06
5.674e-06
5.654e-06
5.658e-06
5.651e-06
5.669e-06
5.653e-06
5.652e-06
5.643e-06
5.672e-06
5.67e-06
5.668e-06
5.65e-06
5.645e-06
5.674e-06
5.668e-06
5.647e-06
5.649e-06
5.648e-06
5.66e-06
5.674e-06
5.663e-06
5.651e-06
5.651e-06
5.679e-06
5.671e-06
5.64e-06
5.653e-06
5.672e-06
5.679e-06
5.668e-06
5.658e-06
1.2198e-05
5.812e-06
5.699e-06
5.695e-06
5.696e-06
5.67e-06
5.664e-06
5.665e-06
5.656e-06
5.671e-06
5.675e-06
5.662e-06
5.65e-06
5.658e-06
5.668e-06
5.669e-06
5.657e-06
5.651e-06
5.659e-06
5.671e-06
5.664e-06
5.655e-06
5.652e-06
5.664e-06
5.671e-06
5.664e-06
5.651e-06
9.927e-06
5.694e-06
5.683e-06
5.665e-06
5.668e-06
5.677e-06
5.677e-06
5.658e-06
5.654e-06
5.662e-06
5.677e-06
5.671e-06
5.659e-06
5.656e-06
5.665e-06
5.674e-06
5.673e-06
5.657e-06
5.663e-06
5.674e-06
5.675e-06
5.67e-06
5.66e-06
5.661e-06
5.676e-06
5.678e-06
5.661e-06
5.66e-06
5.669e-06
5.679e-06
5.674e-06
5.664e-06
5.655e-06
5.672e-06
5.681e-06
5.671e-06
5.661e-06
5.664e-06
5.67e-06
5.679e-06
5.668e-06
5.655e-06
5.667e-06
5.679e-06
5.671e-06
5.665e-06
5.66e-06
5.671e-06
5.68e-06
5.673e-06
5.656e-06
5.662e-06
5.674e-06
5.674e-06
5.684e-06
5.655e-06
5.661e-06
5.672e-06
5.677e-06
5.662e-06
5.657e-06
5.664e-06
5.674e-06
5.668e-06
5.662e-06
5.657e-06
5.664e-06
5.675e-06
5.665e-06
5.655e-06
5.662e-06
5.668e-06
5.678e-06
5.663e-06
5.655e-06
5.663e-06
5.678e-06
5.67e-06
5.663e-06
5.655e-06
5.659e-06
5.676e-06
5.656e-06
5.649e-06
5.646e-06
5.669e-06
5.67e-06
5.665e-06
5.648e-06
5.656e-06
5.665e-06
5.672e-06
5.662e-06
5.655e-06
5.658e-06
5.68e-06
5.662e-06
5.659e-06
5.655e-06
5.67e-06
5.668e-06
5.66e-06
5.648e-06
5.66e-06
5.666e-06
5.674e-06
5.657e-06
5.649e-06
5.655e-06
5.675e-06
5.671e-06
5.659e-06
5.648e-06
5.66e-06
5.669e-06
5.668e-06
5.651e-06
5.658e-06
5.661e-06
5.669e-06
5.657e-06
5.653e-06
5.66e-06
5.672e-06
5.665e-06
5.655e-06
5.648e-06
5.665e-06
5.675e-06
5.67e-06
5.651e-06
5.651e-06
5.66e-06
5.676e-06
5.666e-06
5.655e-06
5.653e-06
5.666e-06
5.667e-06
5.663e-06
5.649e-06
5.663e-06
5.668e-06
5.664e-06
5.654e-06
5.656e-06
5.667e-06
5.676e-06
5.661e-06
5.651e-06
5.651e-06
5.671e-06
5.675e-06
5.664e-06
5.648e-06
5.656e-06
5.665e-06
5.672e-06
5.655e-06
5.654e-06
5.657e-06
5.669e-06
5.663e-06
5.658e-06
5.658e-06
5.668e-06
5.669e-06
5.662e-06
5.648e-06
5.66e-06
5.67e-06
5.673e-06
5.656e-06
5.659e-06
5.655e-06
5.675e-06
5.671e-06
5.66e-06
5.648e-06
5.661e-06
5.669e-06
5.668e-06
5.656e-06
5.658e-06
5.663e-06
5.669e-06
5.658e-06
5.655e-06
5.662e-06
5.672e-06
5.666e-06
5.655e-06
5.647e-06
5.664e-06
5.669e-06
5.669e-06
5.651e-06
5.651e-06
5.661e-06
5.676e-06
5.66e-06
5.654e-06
5.652e-06
5.665e-06
5.667e-06
5.663e-06
5.653e-06
5.663e-06
5.667e-06
5.666e-06
5.653e-06
5.656e-06
5.66e-06
5.676e-06
5.662e-06
5.651e-06
5.651e-06
5.67e-06
5.67e-06
5.664e-06
5.647e-06
5.655e-06
5.666e-06
5.674e-06
5.661e-06
5.655e-06
5.667e-06
5.672e-06
5.661e-06
5.658e-06
5.651e-06
5.669e-06
5.669e-06
5.66e-06
5.648e-06
5.66e-06
5.665e-06
5.675e-06
5.655e-06
5.648e-06
5.656e-06
5.674e-06
5.67e-06
5.66e-06
5.648e-06
5.661e-06
5.669e-06
5.668e-06
5.651e-06
5.658e-06
5.662e-06
5.67e-06
5.657e-06
5.655e-06
5.655e-06
5.674e-06
5.665e-06
5.656e-06
5.648e-06
5.666e-06
5.675e-06
5.669e-06
5.651e-06
5.661e-06
5.661e-06
5.676e-06
5.666e-06
5.655e-06
5.653e-06
5.666e-06
5.666e-06
5.663e-06
5.649e-06
5.663e-06
5.668e-06
5.665e-06
5.653e-06
5.656e-06
5.666e-06
5.675e-06
5.66e-06
5.651e-06
5.651e-06
5.67e-06
5.675e-06
5.664e-06
5.647e-06
5.656e-06
5.665e-06
5.673e-06
5.655e-06
5.655e-06
5.658e-06
5.67e-06
5.662e-06
5.658e-06
5.657e-06
5.668e-06
5.669e-06
5.671e-06
5.648e-06
5.66e-06
5.67e-06
5.674e-06
5.655e-06
5.649e-06
5.656e-06
5.675e-06
5.671e-06
5.66e-06
5.648e-06
5.661e-06
5.669e-06
5.668e-06
5.656e-06
5.658e-06
5.663e-06
5.669e-06
5.657e-06
5.655e-06
5.662e-06
5.673e-06
5.666e-06
5.655e-06
5.646e-06
5.664e-06
5.668e-06
5.67e-06
5.651e-06
5.65e-06
5.661e-06
5.677e-06
5.66e-06
5.655e-06
5.653e-06
5.665e-06
5.667e-06
5.662e-06
5.655e-06
5.663e-06
5.667e-06
5.666e-06
5.653e-06
5.656e-06
5.661e-06
5.675e-06
5.659e-06
5.651e-06
5.651e-06
5.67e-06
5.676e-06
5.667e-06
5.647e-06
5.656e-06
5.665e-06
5.673e-06
5.662e-06
5.654e-06
5.658e-06
5.67e-06
5.662e-06
5.659e-06
5.651e-06
5.667e-06
5.668e-06
5.67e-06
5.647e-06
5.66e-06
5.665e-06
5.675e-06
5.657e-06
5.649e-06
5.655e-06
5.674e-06
5.672e-06
5.66e-06
5.649e-06
5.66e-06
5.668e-06
5.669e-06
5.651e-06
5.658e-06
5.662e-06
5.67e-06
5.657e-06
5.654e-06
5.655e-06
5.673e-06
5.665e-06
5.656e-06
5.648e-06
5.665e-06
5.675e-06
5.669e-06
5.651e-06
5.652e-06
5.659e-06
5.677e-06
5.667e-06
5.655e-06
5.653e-06
5.665e-06
5.666e-06
5.663e-06
5.649e-06
5.663e-06
5.668e-06
5.676e-06
5.652e-06
5.657e-06
5.666e-06
5.676e-06
5.661e-06
5.651e-06
5.651e-06
5.67e-06
5.676e-06
5.664e-06
5.649e-06
5.656e-06
5.665e-06
5.674e-06
5.655e-06
5.655e-06
5.659e-06
5.669e-06
5.661e-06
5.658e-06
5.657e-06
5.667e-06
5.669e-06
5.671e-06
5.647e-06
5.661e-06
5.671e-06
5.674e-06
5.655e-06
5.649e-06
5.656e-06
5.675e-06
5.664e-06
5.66e-06
5.648e-06
5.661e-06
5.669e-06
5.671e-06
5.65e-06
5.659e-06
5.663e-06
5.674e-06
5.657e-06
5.654e-06
5.66e-06
5.671e-06
5.675e-06
5.66e-06
5.656e-06
5.667e-06
5.675e-06
5.669e-06
5.662e-06
5.656e-06
5.66e-06
5.676e-06
5.667e-06
5.656e-06
5.653e-06
5.671e-06
5.666e-06
5.663e-06
5.655e-06
5.663e-06
5.668e-06
5.67e-06
5.653e-06
5.656e-06
5.667e-06
5.675e-06
5.661e-06
5.652e-06
5.651e-06
5.67e-06
5.673e-06
5.665e-06
5.647e-06
5.663e-06
5.674e-06
5.672e-06
5.659e-06
5.655e-06
5.658e-06
5.676e-06
5.662e-06
5.658e-06
5.658e-06
5.667e-06
5.669e-06
5.664e-06
5.647e-06
5.661e-06
5.669e-06
5.673e-06
5.655e-06
5.655e-06
5.666e-06
5.675e-06
5.671e-06
5.659e-06
5.65e-06
5.668e-06
5.674e-06
5.668e-06
5.657e-06
5.659e-06
5.664e-06
5.671e-06
5.656e-06
5.655e-06
5.664e-06
5.674e-06
5.663e-06
5.655e-06
5.648e-06
5.667e-06
5.676e-06
5.668e-06
5.645e-06
5.657e-06
5.657e-06
5.676e-06
5.664e-06
5.647e-06
5.654e-06
5.672e-06
5.661e-06
5.663e-06
5.655e-06
5.667e-06
5.664e-06
5.669e-06
5.647e-06
5.656e-06
5.667e-06
5.675e-06
5.655e-06
5.656e-06
5.648e-06
5.671e-06
5.675e-06
5.663e-06
5.643e-06
5.663e-06
5.661e-06
5.672e-06
5.672e-06
5.655e-06
5.654e-06
5.676e-06
5.656e-06
5.661e-06
5.658e-06
5.669e-06
5.664e-06
5.664e-06
5.643e-06
5.662e-06
5.673e-06
5.667e-06
5.65e-06
5.654e-06
5.652e-06
5.674e-06
5.669e-06
5.658e-06
5.644e-06
5.667e-06
5.668e-06
5.666e-06
5.655e-06
5.659e-06
5.658e-06
5.673e-06
5.652e-06
5.654e-06
5.662e-06
5.673e-06
5.66e-06
5.659e-06
5.643e-06
5.66e-06
5.675e-06
5.667e-06
5.645e-06
5.658e-06
5.657e-06
5.675e-06
5.665e-06
5.656e-06
5.655e-06
5.671e-06
5.661e-06
5.661e-06
5.654e-06
5.657e-06
5.662e-06
5.669e-06
5.647e-06
5.655e-06
5.667e-06
5.675e-06
5.654e-06
5.655e-06
5.648e-06
5.67e-06
5.674e-06
5.662e-06
5.643e-06
5.662e-06
5.666e-06
5.671e-06
5.66e-06
5.655e-06
5.655e-06
5.674e-06
5.653e-06
5.657e-06
5.659e-06
5.67e-06
5.669e-06
5.664e-06
5.647e-06
5.662e-06
5.673e-06
5.673e-06
5.654e-06
5.653e-06
5.657e-06
1.2271e-05
5.785e-06
5.707e-06
5.707e-06
5.706e-06
5.665e-06
5.649e-06
5.659e-06
5.669e-06
5.667e-06
5.656e-06
5.647e-06
5.665e-06
5.668e-06
5.666e-06
5.651e-06
5.652e-06
5.662e-06
5.668e-06
5.659e-06
5.656e-06
5.652e-06
5.661e-06
5.667e-06
5.659e-06
5.646e-06
5.658e-06
5.666e-06
5.675e-06
5.654e-06
5.656e-06
5.657e-06
5.672e-06
5.661e-06
5.655e-06
5.65e-06
5.67e-06
5.668e-06
5.666e-06
5.649e-06
5.66e-06
5.663e-06
5.67e-06
5.656e-06
5.651e-06
5.656e-06
5.667e-06
5.663e-06
5.659e-06
5.648e-06
5.659e-06
5.667e-06
5.664e-06
5.649e-06
5.655e-06
5.662e-06
5.675e-06
5.658e-06
5.656e-06
5.655e-06
5.669e-06
5.665e-06
5.657e-06
5.647e-06
5.665e-06
5.668e-06
5.669e-06
5.651e-06
5.656e-06
5.66e-06
5.672e-06
5.659e-06
5.652e-06
5.652e-06
5.662e-06
5.667e-06
5.664e-06
5.647e-06
5.654e-06
5.666e-06
5.668e-06
5.653e-06
5.651e-06
5.658e-06
5.675e-06
5.662e-06
5.658e-06
5.65e-06
5.665e-06
5.669e-06
5.662e-06
5.647e-06
5.662e-06
5.664e-06
5.674e-06
5.655e-06
5.655e-06
5.656e-06
5.671e-06
5.663e-06
5.656e-06
5.648e-06
5.658e-06
5.668e-06
5.667e-06
5.649e-06
5.649e-06
5.663e-06
5.672e-06
5.657e-06
5.651e-06
5.655e-06
5.673e-06
5.665e-06
5.661e-06
5.647e-06
5.66e-06
5.668e-06
5.665e-06
5.651e-06
5.658e-06
5.66e-06
5.675e-06
5.66e-06
5.656e-06
5.651e-06
5.667e-06
5.667e-06
5.66e-06
5.647e-06
5.654e-06
5.666e-06
5.671e-06
5.653e-06
5.647e-06
5.659e-06
5.672e-06
5.661e-06
5.654e-06
5.65e-06
5.669e-06
5.668e-06
5.665e-06
5.648e-06
5.662e-06
5.665e-06
5.67e-06
5.655e-06
5.657e-06
5.656e-06
5.675e-06
5.664e-06
5.66e-06
5.648e-06
5.662e-06
5.668e-06
5.664e-06
5.649e-06
5.651e-06
5.662e-06
5.675e-06
5.657e-06
5.647e-06
5.655e-06
5.668e-06
5.665e-06
5.657e-06
5.647e-06
5.664e-06
5.667e-06
5.671e-06
5.651e-06
5.654e-06
5.661e-06
5.673e-06
5.659e-06
5.658e-06
5.651e-06
5.671e-06
5.667e-06
5.664e-06
5.647e-06
5.659e-06
5.667e-06
5.667e-06
5.653e-06
5.647e-06
5.659e-06
5.675e-06
5.661e-06
5.649e-06
5.65e-06
5.664e-06
5.668e-06
5.662e-06
5.648e-06
5.66e-06
5.664e-06
5.673e-06
5.655e-06
5.65e-06
5.656e-06
5.671e-06
5.663e-06
5.662e-06
5.647e-06
5.665e-06
5.668e-06
5.667e-06
5.649e-06
5.655e-06
5.662e-06
5.671e-06
5.657e-06
5.646e-06
5.654e-06
5.672e-06
5.666e-06
5.652e-06
5.647e-06
5.661e-06
5.668e-06
5.665e-06
5.651e-06
5.657e-06
5.661e-06
5.676e-06
5.659e-06
5.652e-06
5.653e-06
5.668e-06
5.667e-06
5.653e-06
5.647e-06
5.663e-06
5.666e-06
5.672e-06
5.653e-06
5.652e-06
5.659e-06
5.672e-06
5.661e-06
5.649e-06
5.651e-06
5.668e-06
5.669e-06
5.657e-06
5.648e-06
5.657e-06
5.665e-06
5.668e-06
5.655e-06
5.654e-06
5.656e-06
5.675e-06
5.663e-06
5.655e-06
5.65e-06
5.662e-06
5.668e-06
5.668e-06
5.649e-06
5.659e-06
5.662e-06
5.675e-06
5.657e-06
5.651e-06
5.655e-06
5.668e-06
5.666e-06
5.653e-06
5.648e-06
5.665e-06
5.667e-06
5.661e-06
5.65e-06
5.653e-06
5.66e-06
5.672e-06
5.659e-06
5.655e-06
5.652e-06
5.671e-06
5.667e-06
5.659e-06
5.647e-06
5.658e-06
5.668e-06
5.673e-06
5.653e-06
5.655e-06
5.658e-06
5.676e-06
5.661e-06
5.653e-06
5.65e-06
5.665e-06
5.668e-06
5.657e-06
5.648e-06
5.66e-06
5.664e-06
5.665e-06
5.655e-06
5.649e-06
5.656e-06
5.671e-06
5.663e-06
5.659e-06
5.648e-06
5.667e-06
5.669e-06
5.664e-06
5.649e-06
5.655e-06
5.661e-06
5.676e-06
5.657e-06
5.655e-06
5.655e-06
5.673e-06
5.665e-06
5.657e-06
5.649e-06
5.661e-06
5.667e-06
5.661e-06
5.65e-06
5.686e-06
5.669e-06
5.675e-06
5.667e-06
5.655e-06
5.666e-06
5.671e-06
5.675e-06
5.664e-06
5.655e-06
5.664e-06
5.672e-06
5.671e-06
5.662e-06
5.658e-06
5.667e-06
5.676e-06
5.665e-06
5.658e-06
5.659e-06
5.67e-06
5.676e-06
1.396e-05
5.802e-06
5.721e-06
5.7e-06
5.672e-06
5.662e-06
5.664e-06
5.675e-06
5.664e-06
5.655e-06
6.025e-06
5.931e-06
2.7171e-05
6.19e-06
1.4904e-05
5.819e-06
5.709e-06
5.677e-06
5.663e-06
5.664e-06
5.674e-06
5.676e-06
5.655e-06
5.657e-06
5.664e-06
5.677e-06
5.667e-06
5.744e-06
5.659e-06
5.671e-06
5.671e-06
5.659e-06
5.652e-06
5.661e-06
5.673e-06
5.664e-06
5.657e-06
5.653e-06
5.664e-06
5.673e-06
5.664e-06
5.653e-06
5.656e-06
5.669e-06
5.678e-06
5.661e-06
5.654e-06
5.66e-06
5.671e-06
5.669e-06
5.659e-06
5.653e-06
5.663e-06
5.672e-06
5.666e-06
5.656e-06
5.655e-06
5.666e-06
5.674e-06
5.663e-06
5.652e-06
5.658e-06
5.669e-06
5.671e-06
5.661e-06
5.652e-06
5.661e-06
5.673e-06
5.668e-06
5.657e-06
5.653e-06
5.671e-06
5.678e-06
5.665e-06
5.653e-06
5.656e-06
5.666e-06
5.673e-06
5.663e-06
5.653e-06
5.658e-06
5.671e-06
5.671e-06
5.66e-06
5.652e-06
5.662e-06
5.673e-06
5.668e-06
5.657e-06
5.654e-06
5.665e-06
5.674e-06
5.665e-06
5.654e-06
5.657e-06
5.668e-06
5.672e-06
5.661e-06
5.652e-06
5.66e-06
5.671e-06
5.671e-06
5.659e-06
5.651e-06
5.662e-06
5.674e-06
5.667e-06
5.655e-06
5.654e-06
5.665e-06
5.674e-06
5.665e-06
5.653e-06
5.657e-06
5.669e-06
5.672e-06
5.66e-06
5.652e-06
5.661e-06
5.671e-06
5.668e-06
5.657e-06
5.653e-06
5.663e-06
5.673e-06
5.666e-06
5.654e-06
5.655e-06
5.666e-06
5.673e-06
5.663e-06
5.652e-06
5.658e-06
5.669e-06
5.671e-06
5.659e-06
5.652e-06
5.662e-06
5.672e-06
5.669e-06
5.656e-06
5.654e-06
5.663e-06
5.674e-06
5.665e-06
5.653e-06
5.657e-06
5.667e-06
5.673e-06
5.662e-06
5.653e-06
5.658e-06
5.67e-06
5.67e-06
5.66e-06
5.652e-06
5.662e-06
5.672e-06
5.667e-06
5.657e-06
5.654e-06
5.665e-06
5.673e-06
5.666e-06
5.653e-06
5.656e-06
5.668e-06
5.672e-06
5.662e-06
5.653e-06
5.659e-06
5.672e-06
5.669e-06
5.658e-06
5.653e-06
5.663e-06
5.673e-06
5.667e-06
5.662e-06
1.3941e-05
5.806e-06
5.726e-06
5.694e-06
5.685e-06
5.678e-06
5.657e-06
5.657e-06
5.653e-06
5.667e-06
5.669e-06
5.665e-06
5.655e-06
5.653e-06
5.668e-06
5.674e-06
5.664e-06
5.646e-06
5.66e-06
5.68e-06
5.674e-06
5.652e-06
5.651e-06
5.658e-06
5.677e-06
5.668e-06
5.659e-06
5.665e-06
5.665e-06
5.682e-06
5.66e-06
5.647e-06
5.662e-06
5.664e-06
5.674e-06
5.663e-06
5.656e-06
5.658e-06
5.672e-06
5.667e-06
5.656e-06
5.655e-06
5.67e-06
5.674e-06
5.67e-06
5.655e-06
5.662e-06
5.667e-06
5.677e-06
5.66e-06
5.659e-06
5.659e-06
5.677e-06
5.669e-06
5.659e-06
5.652e-06
5.661e-06
5.673e-06
5.666e-06
5.656e-06
5.66e-06
5.665e-06
5.678e-06
5.663e-06
5.653e-06
5.658e-06
5.674e-06
5.671e-06
5.66e-06
5.652e-06
5.66e-06
5.671e-06
5.674e-06
5.657e-06
5.659e-06
5.659e-06
5.671e-06
5.66e-06
5.653e-06
5.66e-06
5.669e-06
5.667e-06
5.662e-06
5.647e-06
5.657e-06
5.664e-06
5.669e-06
5.653e-06
5.651e-06
5.657e-06
5.675e-06
5.662e-06
5.658e-06
5.649e-06
5.663e-06
5.669e-06
5.662e-06
5.649e-06
5.656e-06
5.663e-06
5.672e-06
5.656e-06
5.649e-06
5.655e-06
5.669e-06
5.665e-06
5.656e-06
5.646e-06
5.665e-06
5.668e-06
5.672e-06
5.651e-06
5.652e-06
5.661e-06
5.671e-06
5.658e-06
5.651e-06
5.653e-06
5.669e-06
5.666e-06
5.662e-06
5.646e-06
5.659e-06
5.667e-06
