#time [s]
1.0245e-05
9.611e-06
9.55e-06
9.512e-06
9.531e-06
9.547e-06
9.539e-06
9.532e-06
9.513e-06
9.554e-06
9.512e-06
9.522e-06
9.527e-06
9.535e-06
9.536e-06
9.522e-06
9.527e-06
9.556e-06
9.503e-06
9.544e-06
9.515e-06
9.532e-06
9.538e-06
9.521e-06
9.522e-06
9.527e-06
9.518e-06
9.522e-06
9.497e-06
9.523e-06
9.546e-06
9.522e-06
9.542e-06
9.498e-06
9.52e-06
9.541e-06
9.524e-06
9.537e-06
9.522e-06
9.53e-06
9.511e-06
9.511e-06
9.536e-06
9.518e-06
9.519e-06
9.519e-06
9.513e-06
9.553e-06
9.508e-06
9.52e-06
9.533e-06
9.511e-06
9.545e-06
9.514e-06
9.519e-06
9.524e-06
9.508e-06
9.533e-06
9.511e-06
9.519e-06
9.52e-06
9.499e-06
9.533e-06
9.519e-06
9.502e-06
9.524e-06
9.518e-06
9.519e-06
9.513e-06
9.541e-06
9.534e-06
1.5402e-05
9.574e-06
9.52e-06
9.552e-06
9.524e-06
9.514e-06
9.518e-06
9.512e-06
9.543e-06
9.538e-06
9.494e-06
9.527e-06
9.502e-06
9.519e-06
9.529e-06
9.513e-06
9.557e-06
9.513e-06
9.529e-06
9.538e-06
9.502e-06
9.533e-06
9.511e-06
9.512e-06
9.538e-06
9.505e-06
9.526e-06
9.517e-06
9.509e-06
9.534e-06
9.503e-06
9.532e-06
9.516e-06
9.505e-06
9.525e-06
9.503e-06
9.534e-06
9.521e-06
9.509e-06
9.535e-06
9.511e-06
9.521e-06
9.542e-06
9.497e-06
9.533e-06
9.515e-06
9.519e-06
9.511e-06
9.508e-06
9.536e-06
9.509e-06
9.519e-06
9.522e-06
9.499e-06
9.542e-06
9.546e-06
9.528e-06
9.528e-06
9.507e-06
9.543e-06
9.521e-06
9.53e-06
9.529e-06
9.504e-06
9.535e-06
9.522e-06
9.508e-06
9.538e-06
9.506e-06
9.531e-06
9.518e-06
9.534e-06
9.539e-06
9.514e-06
9.526e-06
9.522e-06
9.513e-06
9.536e-06
9.526e-06
9.534e-06
9.52e-06
9.508e-06
9.538e-06
9.514e-06
9.515e-06
9.527e-06
9.513e-06
9.541e-06
9.521e-06
9.525e-06
9.529e-06
9.507e-06
9.537e-06
9.503e-06
9.509e-06
9.513e-06
9.514e-06
9.531e-06
9.501e-06
9.516e-06
9.543e-06
9.503e-06
9.528e-06
9.512e-06
9.508e-06
9.531e-06
9.505e-06
9.53e-06
9.506e-06
9.523e-06
9.544e-06
9.505e-06
9.539e-06
9.514e-06
9.525e-06
9.524e-06
9.519e-06
9.526e-06
9.529e-06
9.51e-06
9.537e-06
9.515e-06
9.516e-06
9.523e-06
9.515e-06
9.547e-06
9.498e-06
9.523e-06
9.531e-06
9.509e-06
9.534e-06
9.508e-06
9.51e-06
9.54e-06
9.505e-06
9.518e-06
9.505e-06
9.516e-06
9.525e-06
9.505e-06
9.552e-06
9.502e-06
9.527e-06
9.519e-06
9.494e-06
9.535e-06
9.506e-06
9.51e-06
9.519e-06
9.488e-06
9.529e-06
9.518e-06
9.503e-06
9.524e-06
9.506e-06
9.518e-06
9.521e-06
9.521e-06
9.522e-06
9.502e-06
9.515e-06
9.51e-06
9.499e-06
9.533e-06
9.502e-06
9.508e-06
9.523e-06
9.509e-06
9.539e-06
9.501e-06
9.51e-06
9.521e-06
9.503e-06
9.527e-06
9.507e-06
9.525e-06
9.521e-06
9.496e-06
9.537e-06
9.523e-06
9.501e-06
9.525e-06
9.495e-06
9.525e-06
9.501e-06
9.505e-06
9.543e-06
9.502e-06
9.517e-06
9.52e-06
9.505e-06
9.529e-06
9.498e-06
9.514e-06
9.514e-06
9.503e-06
9.549e-06
9.504e-06
9.525e-06
9.527e-06
9.502e-06
9.534e-06
9.508e-06
9.541e-06
9.534e-06
9.51e-06
9.531e-06
9.516e-06
9.517e-06
9.52e-06
9.492e-06
9.54e-06
9.508e-06
9.498e-06
9.531e-06
9.51e-06
9.529e-06
9.504e-06
9.495e-06
9.52e-06
9.503e-06
9.532e-06
9.525e-06
9.505e-06
9.54e-06
9.522e-06
9.529e-06
9.519e-06
9.524e-06
9.542e-06
9.502e-06
9.53e-06
9.526e-06
9.526e-06
9.538e-06
9.52e-06
9.527e-06
9.523e-06
9.508e-06
9.534e-06
9.523e-06
9.521e-06
9.53e-06
9.511e-06
9.534e-06
9.515e-06
9.519e-06
9.543e-06
9.508e-06
9.527e-06
9.522e-06
9.517e-06
9.553e-06
9.507e-06
9.541e-06
9.532e-06
9.507e-06
9.552e-06
9.52e-06
9.547e-06
9.541e-06
9.526e-06
9.557e-06
9.503e-06
9.532e-06
9.531e-06
9.494e-06
9.533e-06
9.501e-06
9.524e-06
9.533e-06
9.515e-06
9.537e-06
9.533e-06
9.524e-06
9.534e-06
9.5e-06
9.537e-06
9.529e-06
9.524e-06
9.532e-06
9.516e-06
1.9262e-05
9.648e-06
9.581e-06
9.561e-06
9.558e-06
9.537e-06
9.509e-06
9.539e-06
9.524e-06
9.555e-06
9.537e-06
9.514e-06
9.54e-06
9.521e-06
9.519e-06
9.517e-06
9.511e-06
9.545e-06
9.501e-06
9.541e-06
9.541e-06
9.494e-06
9.537e-06
9.502e-06
9.513e-06
9.532e-06
9.511e-06
9.532e-06
9.513e-06
9.509e-06
9.532e-06
9.515e-06
9.523e-06
9.51e-06
9.519e-06
9.537e-06
9.509e-06
9.532e-06
9.525e-06
9.502e-06
9.527e-06
9.508e-06
9.528e-06
9.506e-06
9.502e-06
9.526e-06
9.518e-06
9.52e-06
9.528e-06
9.507e-06
9.546e-06
9.507e-06
9.515e-06
9.55e-06
9.532e-06
9.529e-06
9.5e-06
9.517e-06
9.544e-06
9.501e-06
9.532e-06
9.516e-06
9.526e-06
9.536e-06
9.498e-06
9.526e-06
9.523e-06
9.499e-06
9.529e-06
9.506e-06
9.534e-06
9.509e-06
9.509e-06
9.542e-06
9.5e-06
9.52e-06
9.528e-06
9.505e-06
9.527e-06
9.522e-06
9.538e-06
9.529e-06
9.501e-06
9.54e-06
9.508e-06
9.52e-06
9.534e-06
9.507e-06
9.544e-06
9.504e-06
9.529e-06
9.522e-06
9.514e-06
9.538e-06
9.52e-06
9.523e-06
9.539e-06
9.498e-06
9.543e-06
9.524e-06
9.51e-06
9.529e-06
9.498e-06
9.543e-06
9.517e-06
9.516e-06
9.542e-06
9.514e-06
9.526e-06
9.513e-06
9.525e-06
9.535e-06
9.524e-06
9.53e-06
9.528e-06
9.513e-06
9.545e-06
9.512e-06
9.514e-06
9.512e-06
9.509e-06
9.528e-06
9.509e-06
9.507e-06
9.52e-06
9.511e-06
9.527e-06
9.507e-06
9.536e-06
9.528e-06
9.5e-06
9.525e-06
9.506e-06
9.502e-06
9.539e-06
9.501e-06
9.531e-06
9.53e-06
9.508e-06
9.53e-06
9.495e-06
9.543e-06
9.528e-06
9.513e-06
9.554e-06
9.526e-06
9.513e-06
9.506e-06
9.514e-06
9.538e-06
9.51e-06
9.528e-06
9.525e-06
9.508e-06
9.548e-06
9.52e-06
9.524e-06
9.523e-06
9.519e-06
9.535e-06
9.506e-06
9.525e-06
9.534e-06
9.513e-06
9.546e-06
9.497e-06
9.508e-06
9.532e-06
9.515e-06
9.526e-06
9.517e-06
9.52e-06
9.527e-06
9.498e-06
9.558e-06
9.513e-06
9.514e-06
9.543e-06
9.515e-06
9.522e-06
9.513e-06
9.529e-06
9.525e-06
9.501e-06
9.553e-06
9.514e-06
9.51e-06
9.519e-06
9.506e-06
9.505e-06
9.535e-06
9.507e-06
9.548e-06
9.526e-06
9.513e-06
9.549e-06
9.497e-06
9.532e-06
9.514e-06
9.523e-06
9.528e-06
9.507e-06
9.529e-06
9.508e-06
9.52e-06
9.524e-06
9.503e-06
9.533e-06
9.526e-06
9.525e-06
9.542e-06
9.519e-06
9.533e-06
9.524e-06
9.51e-06
9.543e-06
9.503e-06
9.517e-06
9.542e-06
9.51e-06
9.549e-06
9.497e-06
9.541e-06
9.536e-06
9.509e-06
9.531e-06
9.528e-06
9.553e-06
9.522e-06
9.514e-06
9.527e-06
9.516e-06
9.526e-06
9.522e-06
9.499e-06
9.526e-06
9.501e-06
9.515e-06
9.519e-06
9.507e-06
9.544e-06
9.523e-06
9.506e-06
9.525e-06
9.493e-06
9.524e-06
9.516e-06
9.527e-06
9.536e-06
9.511e-06
9.521e-06
9.511e-06
9.499e-06
9.537e-06
9.505e-06
9.517e-06
9.526e-06
9.522e-06
9.537e-06
9.494e-06
9.526e-06
9.524e-06
9.514e-06
9.53e-06
9.514e-06
9.532e-06
9.521e-06
9.498e-06
9.533e-06
9.498e-06
9.518e-06
9.535e-06
9.525e-06
9.531e-06
9.5e-06
9.511e-06
9.527e-06
9.517e-06
9.534e-06
9.519e-06
9.518e-06
9.529e-06
9.504e-06
9.535e-06
9.51e-06
9.509e-06
9.541e-06
9.492e-06
9.525e-06
9.52e-06
9.524e-06
9.535e-06
9.494e-06
9.53e-06
9.528e-06
9.516e-06
9.53e-06
9.503e-06
9.53e-06
9.521e-06
9.522e-06
9.547e-06
9.514e-06
9.523e-06
9.528e-06
9.51e-06
9.532e-06
9.536e-06
9.512e-06
9.536e-06
9.515e-06
9.545e-06
9.524e-06
9.529e-06
9.531e-06
9.498e-06
9.53e-06
9.511e-06
9.518e-06
9.534e-06
9.524e-06
9.542e-06
9.506e-06
9.515e-06
9.551e-06
9.52e-06
9.534e-06
9.521e-06
9.505e-06
9.529e-06
9.502e-06
9.535e-06
9.52e-06
9.509e-06
9.542e-06
9.515e-06
9.537e-06
9.524e-06
9.527e-06
9.545e-06
9.501e-06
9.555e-06
9.528e-06
9.529e-06
9.556e-06
9.518e-06
9.533e-06
9.541e-06
9.52e-06
9.529e-06
9.501e-06
1.6121e-05
9.657e-06
9.567e-06
9.534e-06
9.509e-06
9.535e-06
9.513e-06
9.525e-06
9.535e-06
9.519e-06
9.54e-06
9.517e-06
9.512e-06
9.541e-06
9.518e-06
9.535e-06
9.519e-06
9.517e-06
9.538e-06
9.509e-06
9.535e-06
9.519e-06
9.513e-06
9.531e-06
9.503e-06
9.532e-06
9.521e-06
9.518e-06
9.538e-06
9.518e-06
9.529e-06
9.527e-06
9.511e-06
9.55e-06
9.514e-06
9.532e-06
9.533e-06
9.514e-06
9.534e-06
9.534e-06
9.521e-06
9.537e-06
9.504e-06
9.535e-06
9.506e-06
9.528e-06
9.529e-06
9.492e-06
9.534e-06
9.509e-06
9.506e-06
9.551e-06
9.496e-06
9.526e-06
9.519e-06
9.514e-06
9.536e-06
9.497e-06
9.522e-06
9.51e-06
9.516e-06
9.534e-06
9.509e-06
9.524e-06
9.527e-06
9.51e-06
9.546e-06
9.512e-06
9.521e-06
9.547e-06
9.506e-06
9.54e-06
9.496e-06
9.521e-06
9.538e-06
9.52e-06
9.543e-06
9.517e-06
9.516e-06
9.538e-06
9.51e-06
9.546e-06
9.52e-06
9.527e-06
9.538e-06
9.495e-06
9.536e-06
9.505e-06
9.503e-06
9.529e-06
9.494e-06
9.521e-06
9.507e-06
9.502e-06
9.536e-06
9.493e-06
9.53e-06
9.52e-06
9.503e-06
9.559e-06
9.512e-06
9.538e-06
9.541e-06
9.526e-06
9.535e-06
9.502e-06
9.528e-06
9.535e-06
9.514e-06
9.548e-06
9.514e-06
9.524e-06
9.542e-06
9.516e-06
9.562e-06
9.502e-06
9.521e-06
9.531e-06
9.514e-06
9.537e-06
9.51e-06
9.523e-06
9.534e-06
9.509e-06
9.541e-06
9.524e-06
9.516e-06
9.55e-06
9.517e-06
9.526e-06
9.52e-06
9.51e-06
9.541e-06
9.5e-06
9.545e-06
9.53e-06
9.517e-06
9.529e-06
9.523e-06
9.525e-06
9.534e-06
9.52e-06
9.544e-06
9.514e-06
9.529e-06
9.518e-06
9.505e-06
9.563e-06
9.512e-06
9.518e-06
9.539e-06
9.515e-06
9.543e-06
9.535e-06
9.516e-06
9.542e-06
9.503e-06
9.562e-06
9.538e-06
9.511e-06
9.533e-06
9.526e-06
9.547e-06
9.52e-06
9.515e-06
9.525e-06
9.489e-06
9.531e-06
9.511e-06
9.526e-06
9.549e-06
9.508e-06
9.53e-06
9.519e-06
9.493e-06
9.544e-06
9.497e-06
9.555e-06
9.524e-06
9.52e-06
9.537e-06
9.518e-06
9.543e-06
9.515e-06
9.537e-06
9.548e-06
9.493e-06
9.534e-06
9.52e-06
9.526e-06
9.523e-06
9.502e-06
9.559e-06
9.518e-06
9.515e-06
9.537e-06
9.527e-06
9.55e-06
9.515e-06
9.514e-06
9.538e-06
9.495e-06
9.533e-06
9.519e-06
9.508e-06
9.523e-06
9.497e-06
9.53e-06
9.545e-06
9.493e-06
9.524e-06
9.52e-06
9.51e-06
9.53e-06
9.518e-06
9.53e-06
9.505e-06
9.531e-06
9.537e-06
9.527e-06
9.531e-06
9.502e-06
9.518e-06
9.522e-06
9.505e-06
9.524e-06
9.518e-06
9.518e-06
9.542e-06
9.517e-06
9.531e-06
9.509e-06
9.498e-06
9.53e-06
9.502e-06
9.529e-06
9.51e-06
9.505e-06
9.528e-06
9.505e-06
9.524e-06
9.514e-06
9.512e-06
9.522e-06
9.502e-06
9.511e-06
9.528e-06
9.513e-06
9.541e-06
9.503e-06
9.505e-06
9.531e-06
9.501e-06
9.537e-06
9.504e-06
9.518e-06
9.518e-06
9.506e-06
9.535e-06
9.514e-06
9.52e-06
9.534e-06
9.502e-06
9.526e-06
9.514e-06
9.512e-06
9.532e-06
9.51e-06
9.528e-06
9.509e-06
9.504e-06
9.524e-06
9.496e-06
9.518e-06
9.519e-06
9.508e-06
9.538e-06
9.504e-06
9.535e-06
9.525e-06
9.502e-06
9.556e-06
9.519e-06
9.509e-06
9.53e-06
9.514e-06
9.524e-06
9.503e-06
9.529e-06
9.52e-06
9.497e-06
9.519e-06
9.504e-06
9.511e-06
9.534e-06
9.516e-06
9.533e-06
9.51e-06
9.519e-06
9.521e-06
9.504e-06
9.521e-06
9.53e-06
9.504e-06
9.527e-06
9.501e-06
9.546e-06
9.517e-06
9.508e-06
9.537e-06
9.522e-06
9.526e-06
9.519e-06
9.512e-06
9.551e-06
9.505e-06
9.528e-06
9.537e-06
9.507e-06
9.53e-06
9.511e-06
9.514e-06
9.533e-06
9.502e-06
9.533e-06
9.516e-06
9.515e-06
9.53e-06
9.503e-06
9.535e-06
9.526e-06
9.516e-06
9.539e-06
9.502e-06
9.533e-06
9.519e-06
9.501e-06
9.522e-06
9.517e-06
9.532e-06
9.518e-06
9.505e-06
9.532e-06
9.518e-06
9.531e-06
9.517e-06
9.515e-06
9.538e-06
9.521e-06
9.516e-06
9.514e-06
9.489e-06
1.629e-05
9.645e-06
9.585e-06
9.55e-06
1.769e-05
9.892e-06
1.0336e-05
3.5916e-05
9.972e-06
1.0139e-05
9.56e-06
9.547e-06
9.525e-06
9.509e-06
9.556e-06
9.505e-06
9.623e-06
9.524e-06
9.51e-06
9.54e-06
9.51e-06
9.52e-06
9.513e-06
9.606e-06
9.539e-06
9.529e-06
9.521e-06
9.516e-06
9.509e-06
9.535e-06
9.489e-06
9.515e-06
9.533e-06
9.481e-06
9.538e-06
9.513e-06
9.527e-06
9.522e-06
9.514e-06
9.533e-06
9.522e-06
9.52e-06
9.541e-06
9.498e-06
9.528e-06
9.51e-06
9.511e-06
9.528e-06
9.51e-06
9.527e-06
9.504e-06
9.513e-06
9.533e-06
9.495e-06
9.525e-06
9.515e-06
9.533e-06
9.535e-06
9.509e-06
9.513e-06
9.513e-06
9.508e-06
9.538e-06
9.498e-06
9.515e-06
9.518e-06
9.504e-06
9.533e-06
9.508e-06
9.53e-06
9.524e-06
9.516e-06
9.531e-06
9.51e-06
9.528e-06
9.522e-06
9.519e-06
9.525e-06
9.513e-06
9.521e-06
9.524e-06
9.502e-06
9.535e-06
9.524e-06
9.51e-06
9.532e-06
9.517e-06
9.515e-06
9.525e-06
9.516e-06
9.532e-06
9.512e-06
9.52e-06
9.519e-06
9.525e-06
9.525e-06
9.518e-06
9.53e-06
9.516e-06
9.514e-06
9.559e-06
9.511e-06
9.563e-06
9.538e-06
9.505e-06
9.527e-06
9.505e-06
9.54e-06
9.546e-06
9.524e-06
9.553e-06
9.529e-06
9.538e-06
9.527e-06
9.507e-06
9.532e-06
9.51e-06
9.513e-06
9.536e-06
9.502e-06
9.54e-06
9.521e-06
9.52e-06
9.537e-06
9.515e-06
9.536e-06
9.53e-06
9.52e-06
9.546e-06
9.5e-06
9.534e-06
9.506e-06
9.509e-06
9.535e-06
9.513e-06
9.519e-06
9.512e-06
9.498e-06
9.522e-06
9.514e-06
9.53e-06
9.527e-06
9.494e-06
9.532e-06
9.494e-06
9.511e-06
9.541e-06
9.506e-06
9.541e-06
9.514e-06
9.527e-06
9.538e-06
9.511e-06
9.564e-06
9.539e-06
9.509e-06
9.543e-06
9.523e-06
9.533e-06
9.522e-06
9.511e-06
9.538e-06
9.504e-06
9.534e-06
9.522e-06
9.503e-06
9.528e-06
9.5e-06
9.52e-06
9.526e-06
9.497e-06
9.529e-06
9.508e-06
9.515e-06
9.53e-06
9.497e-06
9.535e-06
9.511e-06
9.543e-06
9.516e-06
9.498e-06
9.528e-06
9.497e-06
9.518e-06
9.531e-06
9.498e-06
9.534e-06
9.518e-06
9.52e-06
9.525e-06
9.497e-06
9.537e-06
9.526e-06
9.504e-06
9.518e-06
9.512e-06
9.529e-06
9.521e-06
9.516e-06
9.525e-06
9.503e-06
9.519e-06
9.516e-06
9.506e-06
9.532e-06
9.504e-06
9.537e-06
9.526e-06
9.516e-06
9.548e-06
9.519e-06
1.7663e-05
9.644e-06
9.546e-06
9.536e-06
9.534e-06
9.537e-06
9.493e-06
9.533e-06
9.528e-06
9.501e-06
9.523e-06
9.524e-06
9.527e-06
9.512e-06
9.503e-06
9.534e-06
9.497e-06
9.512e-06
9.531e-06
9.512e-06
9.523e-06
9.516e-06
9.512e-06
9.531e-06
9.52e-06
9.532e-06
9.504e-06
9.515e-06
9.542e-06
9.51e-06
9.535e-06
9.52e-06
9.51e-06
9.543e-06
9.512e-06
9.525e-06
9.514e-06
9.496e-06
9.543e-06
9.503e-06
9.536e-06
9.513e-06
9.502e-06
9.532e-06
9.509e-06
9.536e-06
9.522e-06
9.507e-06
9.547e-06
9.504e-06
9.53e-06
9.522e-06
9.512e-06
9.543e-06
9.516e-06
9.539e-06
9.535e-06
9.512e-06
9.566e-06
9.5e-06
9.528e-06
9.523e-06
9.502e-06
9.542e-06
9.515e-06
9.532e-06
9.538e-06
9.513e-06
9.547e-06
9.512e-06
9.529e-06
9.537e-06
9.503e-06
9.533e-06
9.515e-06
9.515e-06
9.529e-06
9.507e-06
9.529e-06
9.537e-06
9.52e-06
9.546e-06
9.508e-06
9.528e-06
9.532e-06
9.514e-06
9.541e-06
9.539e-06
9.557e-06
9.536e-06
9.508e-06
9.546e-06
9.528e-06
9.53e-06
9.531e-06
9.515e-06
9.534e-06
9.516e-06
9.53e-06
9.54e-06
9.517e-06
9.54e-06
9.525e-06
9.55e-06
9.535e-06
9.503e-06
9.541e-06
9.53e-06
9.532e-06
9.57e-06
9.509e-06
9.53e-06
9.516e-06
9.525e-06
9.537e-06
9.51e-06
9.556e-06
9.529e-06
9.513e-06
9.538e-06
9.512e-06
9.536e-06
9.525e-06
9.497e-06
9.544e-06
9.511e-06
9.517e-06
9.535e-06
9.509e-06
9.536e-06
9.519e-06
9.524e-06
9.522e-06
9.511e-06
9.528e-06
9.526e-06
9.54e-06
9.52e-06
1.5643e-05
9.67e-06
9.522e-06
9.56e-06
9.517e-06
9.53e-06
9.534e-06
9.509e-06
9.544e-06
9.508e-06
9.528e-06
9.55e-06
9.519e-06
9.534e-06
9.539e-06
9.531e-06
9.538e-06
9.518e-06
9.538e-06
9.518e-06
9.528e-06
9.544e-06
9.51e-06
9.542e-06
9.518e-06
9.503e-06
9.535e-06
9.495e-06
9.522e-06
9.525e-06
9.519e-06
9.532e-06
9.503e-06
9.528e-06
9.528e-06
9.507e-06
9.549e-06
9.5e-06
9.514e-06
9.524e-06
9.508e-06
9.525e-06
9.509e-06
9.518e-06
9.522e-06
9.509e-06
9.536e-06
9.522e-06
9.526e-06
9.521e-06
9.492e-06
9.549e-06
9.504e-06
9.52e-06
9.52e-06
9.504e-06
9.522e-06
9.509e-06
9.506e-06
9.534e-06
9.51e-06
9.53e-06
9.52e-06
9.519e-06
9.544e-06
9.499e-06
9.54e-06
9.517e-06
9.509e-06
9.543e-06
9.517e-06
9.56e-06
9.55e-06
9.511e-06
9.539e-06
9.508e-06
9.528e-06
9.528e-06
9.514e-06
9.53e-06
9.521e-06
9.506e-06
9.534e-06
9.51e-06
9.529e-06
9.536e-06
9.508e-06
9.549e-06
9.495e-06
9.525e-06
9.519e-06
9.514e-06
9.531e-06
9.496e-06
9.522e-06
9.507e-06
9.499e-06
9.522e-06
9.513e-06
9.546e-06
9.523e-06
9.516e-06
9.522e-06
9.504e-06
9.532e-06
9.525e-06
9.507e-06
9.547e-06
9.518e-06
9.517e-06
9.525e-06
9.504e-06
9.541e-06
9.528e-06
9.526e-06
9.54e-06
9.516e-06
9.533e-06
9.51e-06
9.51e-06
9.537e-06
9.498e-06
9.546e-06
9.5e-06
9.517e-06
9.533e-06
9.511e-06
9.537e-06
9.514e-06
9.508e-06
9.534e-06
9.502e-06
9.537e-06
9.521e-06
9.511e-06
9.53e-06
9.502e-06
9.53e-06
9.513e-06
9.508e-06
9.54e-06
9.497e-06
9.528e-06
9.54e-06
9.502e-06
9.538e-06
9.505e-06
9.52e-06
9.53e-06
9.524e-06
9.545e-06
9.508e-06
9.558e-06
9.537e-06
9.5e-06
9.534e-06
9.514e-06
9.52e-06
9.545e-06
9.506e-06
9.546e-06
9.525e-06
9.506e-06
9.536e-06
9.513e-06
9.538e-06
9.526e-06
9.52e-06
9.541e-06
9.524e-06
9.52e-06
9.515e-06
9.512e-06
9.549e-06
9.512e-06
9.533e-06
9.527e-06
9.513e-06
9.542e-06
9.514e-06
9.524e-06
9.515e-06
9.509e-06
9.546e-06
9.5e-06
9.523e-06
9.532e-06
9.514e-06
9.53e-06
9.496e-06
9.517e-06
9.528e-06
9.503e-06
9.524e-06
9.5e-06
9.518e-06
9.539e-06
9.51e-06
9.541e-06
9.527e-06
9.502e-06
9.538e-06
9.515e-06
9.525e-06
9.509e-06
9.501e-06
9.535e-06
9.512e-06
9.519e-06
9.517e-06
9.515e-06
9.541e-06
9.5e-06
9.516e-06
9.514e-06
9.5e-06
9.545e-06
9.507e-06
9.515e-06
9.517e-06
9.502e-06
9.522e-06
9.514e-06
9.513e-06
9.524e-06
9.509e-06
9.536e-06
9.516e-06
9.514e-06
9.527e-06
9.493e-06
9.543e-06
9.511e-06
9.517e-06
9.542e-06
9.516e-06
9.538e-06
9.519e-06
9.506e-06
9.533e-06
9.513e-06
9.544e-06
9.511e-06
9.506e-06
9.532e-06
9.508e-06
9.517e-06
9.529e-06
9.494e-06
9.535e-06
9.497e-06
9.517e-06
9.531e-06
9.491e-06
9.548e-06
9.504e-06
9.505e-06
9.516e-06
9.491e-06
9.54e-06
9.514e-06
9.52e-06
9.532e-06
9.503e-06
9.544e-06
9.524e-06
9.527e-06
9.531e-06
9.509e-06
9.549e-06
9.511e-06
9.513e-06
9.537e-06
9.491e-06
9.531e-06
9.522e-06
9.51e-06
9.531e-06
9.499e-06
9.534e-06
9.524e-06
1.4463e-05
9.57e-06
9.527e-06
9.547e-06
9.515e-06
9.526e-06
9.541e-06
9.514e-06
9.531e-06
9.511e-06
9.537e-06
9.526e-06
9.513e-06
9.522e-06
9.515e-06
9.514e-06
9.531e-06
9.508e-06
9.521e-06
9.523e-06
9.502e-06
9.547e-06
9.496e-06
9.525e-06
9.525e-06
9.517e-06
9.527e-06
9.51e-06
9.537e-06
9.529e-06
9.511e-06
9.548e-06
9.525e-06
9.534e-06
9.522e-06
9.507e-06
9.54e-06
9.534e-06
9.54e-06
9.539e-06
9.518e-06
9.529e-06
9.51e-06
9.539e-06
9.531e-06
9.498e-06
9.524e-06
9.512e-06
9.518e-06
9.532e-06
9.496e-06
9.527e-06
9.524e-06
9.515e-06
9.521e-06
9.494e-06
9.527e-06
9.515e-06
9.503e-06
9.529e-06
9.504e-06
9.533e-06
9.507e-06
9.502e-06
9.536e-06
9.514e-06
9.512e-06
9.511e-06
9.512e-06
9.536e-06
1.9018e-05
9.688e-06
9.523e-06
9.542e-06
9.539e-06
9.532e-06
9.548e-06
9.52e-06
9.531e-06
9.522e-06
9.548e-06
9.539e-06
9.497e-06
9.534e-06
9.523e-06
9.509e-06
9.528e-06
9.515e-06
9.524e-06
9.522e-06
9.513e-06
9.536e-06
9.518e-06
9.528e-06
9.509e-06
9.531e-06
9.549e-06
9.503e-06
9.529e-06
9.524e-06
9.508e-06
9.518e-06
9.516e-06
9.525e-06
9.519e-06
9.497e-06
9.523e-06
9.502e-06
9.521e-06
9.521e-06
9.511e-06
9.522e-06
9.508e-06
9.509e-06
9.535e-06
9.527e-06
9.531e-06
9.518e-06
9.504e-06
9.539e-06
9.512e-06
9.532e-06
9.517e-06
9.516e-06
9.533e-06
9.508e-06
9.53e-06
9.532e-06
9.517e-06
9.543e-06
9.501e-06
9.535e-06
9.516e-06
9.505e-06
9.525e-06
9.508e-06
9.528e-06
9.52e-06
9.499e-06
9.539e-06
9.511e-06
9.519e-06
9.552e-06
9.516e-06
9.533e-06
9.516e-06
9.534e-06
9.542e-06
9.514e-06
9.539e-06
9.51e-06
9.525e-06
9.528e-06
9.516e-06
9.536e-06
9.515e-06
9.51e-06
9.534e-06
9.508e-06
9.538e-06
9.518e-06
9.521e-06
9.543e-06
9.504e-06
9.528e-06
9.526e-06
9.507e-06
9.533e-06
9.519e-06
9.532e-06
9.532e-06
9.509e-06
9.543e-06
9.519e-06
9.527e-06
9.55e-06
9.5e-06
9.533e-06
9.524e-06
9.52e-06
9.537e-06
9.502e-06
9.525e-06
9.518e-06
9.524e-06
9.527e-06
9.517e-06
9.552e-06
9.519e-06
9.52e-06
9.545e-06
9.506e-06
9.547e-06
9.524e-06
9.517e-06
9.55e-06
9.504e-06
9.557e-06
9.516e-06
9.509e-06
9.54e-06
9.513e-06
9.534e-06
9.53e-06
9.525e-06
9.555e-06
9.499e-06
9.524e-06
9.526e-06
9.502e-06
9.529e-06
9.513e-06
9.52e-06
9.52e-06
9.497e-06
9.533e-06
9.505e-06
9.511e-06
9.542e-06
9.507e-06
9.531e-06
9.528e-06
9.514e-06
9.53e-06
9.491e-06
9.525e-06
9.535e-06
9.511e-06
9.536e-06
9.5e-06
9.527e-06
9.522e-06
9.517e-06
9.536e-06
9.501e-06
9.541e-06
9.524e-06
9.502e-06
9.526e-06
9.501e-06
9.528e-06
9.518e-06
9.507e-06
9.531e-06
9.501e-06
9.54e-06
9.515e-06
9.512e-06
9.527e-06
9.514e-06
9.52e-06
9.525e-06
9.495e-06
9.536e-06
9.514e-06
9.518e-06
9.525e-06
9.497e-06
9.537e-06
9.514e-06
9.508e-06
9.534e-06
9.495e-06
9.552e-06
9.517e-06
9.522e-06
9.526e-06
9.506e-06
9.529e-06
9.512e-06
9.513e-06
9.531e-06
9.502e-06
9.535e-06
9.527e-06
9.505e-06
9.533e-06
9.518e-06
9.527e-06
9.518e-06
9.516e-06
9.529e-06
9.514e-06
9.554e-06
9.512e-06
9.496e-06
9.528e-06
9.5e-06
9.509e-06
9.519e-06
9.494e-06
9.521e-06
9.501e-06
9.518e-06
9.539e-06
9.501e-06
9.539e-06
9.506e-06
9.508e-06
9.519e-06
9.503e-06
9.529e-06
9.514e-06
9.509e-06
9.55e-06
9.499e-06
9.527e-06
9.518e-06
9.501e-06
9.534e-06
9.52e-06
9.519e-06
9.516e-06
9.511e-06
9.531e-06
9.502e-06
9.522e-06
9.516e-06
9.493e-06
9.54e-06
9.505e-06
9.517e-06
9.548e-06
9.502e-06
9.535e-06
9.5e-06
9.516e-06
9.526e-06
9.499e-06
9.536e-06
9.532e-06
9.534e-06
9.529e-06
9.506e-06
9.528e-06
9.507e-06
9.516e-06
9.535e-06
9.544e-06
9.546e-06
9.515e-06
9.509e-06
9.533e-06
9.518e-06
9.519e-06
9.519e-06
9.509e-06
9.53e-06
9.503e-06
9.518e-06
9.528e-06
9.5e-06
9.529e-06
9.51e-06
9.523e-06
9.532e-06
9.506e-06
9.528e-06
9.515e-06
9.524e-06
9.523e-06
9.498e-06
9.54e-06
9.516e-06
9.509e-06
9.519e-06
9.504e-06
9.534e-06
9.503e-06
9.518e-06
9.523e-06
9.506e-06
9.538e-06
9.526e-06
9.516e-06
9.537e-06
9.505e-06
9.528e-06
9.515e-06
9.52e-06
9.538e-06
9.515e-06
9.525e-06
9.528e-06
9.513e-06
9.539e-06
9.524e-06
9.518e-06
9.525e-06
9.51e-06
9.552e-06
9.536e-06
9.545e-06
9.522e-06
9.501e-06
9.524e-06
9.514e-06
9.51e-06
9.541e-06
9.506e-06
9.538e-06
9.515e-06
9.519e-06
9.534e-06
9.502e-06
1.5997e-05
9.641e-06
9.555e-06
9.534e-06
9.529e-06
9.546e-06
9.499e-06
9.531e-06
9.537e-06
9.527e-06
9.544e-06
9.509e-06
9.545e-06
9.525e-06
9.502e-06
9.544e-06
9.512e-06
9.533e-06
9.541e-06
9.508e-06
9.526e-06
9.505e-06
9.537e-06
9.529e-06
9.519e-06
9.548e-06
9.513e-06
9.526e-06
9.53e-06
9.498e-06
9.543e-06
9.512e-06
9.529e-06
9.533e-06
9.513e-06
9.548e-06
9.524e-06
9.534e-06
9.522e-06
9.524e-06
9.539e-06
9.509e-06
9.521e-06
9.527e-06
9.518e-06
9.544e-06
9.525e-06
9.518e-06
9.53e-06
9.49e-06
9.534e-06
9.524e-06
9.527e-06
9.537e-06
9.523e-06
9.531e-06
9.513e-06
9.526e-06
9.548e-06
9.498e-06
9.546e-06
9.532e-06
9.508e-06
9.554e-06
9.506e-06
9.525e-06
9.53e-06
9.519e-06
9.553e-06
9.509e-06
9.528e-06
9.536e-06
9.514e-06
9.523e-06
9.514e-06
9.516e-06
9.537e-06
9.503e-06
9.525e-06
9.507e-06
9.523e-06
9.525e-06
9.5e-06
9.547e-06
9.514e-06
9.519e-06
9.537e-06
9.515e-06
9.532e-06
9.524e-06
9.523e-06
9.563e-06
9.535e-06
9.539e-06
9.532e-06
9.522e-06
9.549e-06
9.518e-06
9.554e-06
9.526e-06
9.52e-06
9.537e-06
9.522e-06
9.54e-06
9.534e-06
9.515e-06
9.569e-06
9.53e-06
9.518e-06
9.528e-06
9.523e-06
9.531e-06
9.535e-06
9.521e-06
9.527e-06
9.512e-06
9.539e-06
9.517e-06
9.52e-06
9.535e-06
9.506e-06
9.538e-06
9.512e-06
9.51e-06
9.538e-06
9.506e-06
9.54e-06
9.547e-06
9.54e-06
9.524e-06
9.508e-06
9.538e-06
9.524e-06
9.512e-06
9.55e-06
9.542e-06
9.529e-06
9.519e-06
9.517e-06
9.565e-06
9.516e-06
9.525e-06
9.514e-06
9.497e-06
9.539e-06
9.51e-06
9.536e-06
9.53e-06
9.504e-06
9.545e-06
9.498e-06
9.518e-06
9.546e-06
9.528e-06
9.534e-06
9.506e-06
9.51e-06
9.537e-06
9.533e-06
9.543e-06
9.525e-06
9.531e-06
9.525e-06
9.505e-06
9.539e-06
9.519e-06
9.517e-06
9.536e-06
9.499e-06
9.553e-06
9.518e-06
9.52e-06
9.532e-06
9.51e-06
9.553e-06
9.51e-06
9.534e-06
9.56e-06
9.507e-06
9.536e-06
9.532e-06
9.502e-06
9.528e-06
9.499e-06
9.547e-06
9.517e-06
9.506e-06
9.537e-06
9.512e-06
9.535e-06
9.54e-06
9.501e-06
9.537e-06
9.512e-06
9.529e-06
9.531e-06
9.506e-06
9.56e-06
9.513e-06
9.504e-06
9.536e-06
9.505e-06
9.524e-06
9.517e-06
9.512e-06
9.538e-06
9.538e-06
9.558e-06
9.522e-06
9.544e-06
9.535e-06
9.501e-06
9.521e-06
9.537e-06
9.538e-06
9.531e-06
9.505e-06
9.546e-06
9.551e-06
9.511e-06
9.535e-06
9.517e-06
9.526e-06
9.529e-06
9.531e-06
9.54e-06
9.503e-06
9.521e-06
9.556e-06
9.531e-06
9.545e-06
9.52e-06
9.513e-06
9.557e-06
9.505e-06
9.544e-06
9.506e-06
9.51e-06
9.547e-06
9.502e-06
9.531e-06
9.509e-06
9.503e-06
9.535e-06
9.536e-06
9.519e-06
9.521e-06
9.492e-06
9.536e-06
9.505e-06
9.542e-06
9.517e-06
9.506e-06
9.569e-06
9.514e-06
9.529e-06
9.517e-06
9.542e-06
9.544e-06
9.517e-06
9.529e-06
9.54e-06
9.514e-06
9.57e-06
9.523e-06
9.52e-06
9.538e-06
9.512e-06
9.542e-06
9.51e-06
9.547e-06
9.537e-06
9.511e-06
9.539e-06
9.552e-06
9.521e-06
9.533e-06
9.529e-06
9.539e-06
9.508e-06
9.503e-06
9.55e-06
9.535e-06
9.54e-06
9.517e-06
9.535e-06
9.551e-06
9.504e-06
9.532e-06
9.523e-06
9.532e-06
9.579e-06
9.516e-06
9.529e-06
9.545e-06
9.51e-06
9.538e-06
9.51e-06
9.525e-06
9.537e-06
9.526e-06
9.57e-06
9.511e-06
9.517e-06
9.541e-06
9.522e-06
9.573e-06
9.523e-06
9.507e-06
9.548e-06
9.521e-06
9.561e-06
9.508e-06
9.511e-06
9.566e-06
9.497e-06
9.529e-06
9.519e-06
9.514e-06
9.539e-06
9.53e-06
9.545e-06
9.522e-06
9.508e-06
9.541e-06
9.545e-06
9.523e-06
9.53e-06
9.508e-06
9.53e-06
9.526e-06
9.538e-06
9.532e-06
9.521e-06
9.555e-06
9.726e-06
9.571e-06
9.525e-06
9.535e-06
9.532e-06
9.514e-06
9.547e-06
9.519e-06
9.523e-06
9.523e-06
9.51e-06
9.526e-06
9.532e-06
9.54e-06
9.563e-06
9.52e-06
9.564e-06
9.522e-06
9.525e-06
9.534e-06
9.513e-06
9.529e-06
9.51e-06
9.618e-06
9.52e-06
9.511e-06
9.528e-06
9.51e-06
9.514e-06
9.533e-06
9.501e-06
9.529e-06
9.53e-06
9.519e-06
9.526e-06
9.504e-06
9.53e-06
9.514e-06
9.521e-06
9.522e-06
9.505e-06
9.528e-06
9.524e-06
9.492e-06
9.537e-06
9.516e-06
9.522e-06
9.528e-06
9.509e-06
9.545e-06
9.506e-06
9.516e-06
9.535e-06
9.513e-06
9.538e-06
9.523e-06
9.516e-06
9.533e-06
9.506e-06
9.538e-06
9.53e-06
9.511e-06
9.542e-06
9.51e-06
9.532e-06
9.512e-06
9.512e-06
9.525e-06
1.3709e-05
9.592e-06
9.514e-06
9.528e-06
9.516e-06
9.511e-06
9.534e-06
9.498e-06
9.529e-06
9.528e-06
9.509e-06
9.569e-06
9.524e-06
9.508e-06
9.544e-06
9.523e-06
9.531e-06
9.527e-06
9.522e-06
9.543e-06
9.513e-06
9.533e-06
9.522e-06
9.519e-06
9.532e-06
9.5e-06
9.522e-06
9.513e-06
9.511e-06
9.53e-06
9.502e-06
9.523e-06
9.524e-06
9.501e-06
9.542e-06
9.503e-06
9.541e-06
9.525e-06
9.505e-06
9.546e-06
9.517e-06
9.53e-06
9.528e-06
9.793e-06
1.004e-05
9.87e-06
1.0141e-05
9.87e-06
1.0026e-05
9.547e-06
9.523e-06
9.519e-06
9.507e-06
9.547e-06
9.6e-06
9.517e-06
9.517e-06
9.606e-06
9.64e-06
9.519e-06
9.521e-06
9.55e-06
9.513e-06
9.546e-06
9.503e-06
9.54e-06
9.526e-06
9.512e-06
9.535e-06
9.517e-06
9.521e-06
9.529e-06
9.501e-06
9.516e-06
9.508e-06
9.503e-06
9.528e-06
9.493e-06
9.52e-06
9.519e-06
9.508e-06
9.547e-06
9.51e-06
9.528e-06
9.532e-06
9.522e-06
9.541e-06
9.5e-06
9.531e-06
9.521e-06
9.515e-06
9.539e-06
9.514e-06
9.535e-06
9.541e-06
9.508e-06
9.546e-06
9.505e-06
9.518e-06
9.522e-06
9.5e-06
9.525e-06
9.518e-06
9.512e-06
9.523e-06
9.517e-06
9.532e-06
9.505e-06
9.515e-06
9.536e-06
9.509e-06
9.53e-06
9.522e-06
9.509e-06
9.549e-06
9.503e-06
9.538e-06
9.525e-06
9.52e-06
9.541e-06
9.504e-06
9.528e-06
9.526e-06
9.516e-06
9.538e-06
9.518e-06
9.526e-06
9.525e-06
9.512e-06
9.541e-06
9.496e-06
9.53e-06
9.531e-06
9.499e-06
9.545e-06
9.504e-06
9.534e-06
9.523e-06
9.504e-06
9.545e-06
9.498e-06
9.508e-06
9.546e-06
9.509e-06
9.543e-06
9.523e-06
9.514e-06
9.536e-06
9.507e-06
9.527e-06
9.511e-06
9.521e-06
9.533e-06
9.499e-06
9.539e-06
9.504e-06
9.511e-06
9.538e-06
9.526e-06
9.542e-06
9.524e-06
9.5e-06
9.538e-06
9.52e-06
9.518e-06
9.53e-06
9.512e-06
9.532e-06
9.511e-06
9.52e-06
9.525e-06
9.505e-06
9.536e-06
9.506e-06
9.516e-06
9.525e-06
9.51e-06
9.547e-06
9.504e-06
9.53e-06
9.539e-06
9.505e-06
9.539e-06
9.516e-06
9.513e-06
9.526e-06
9.505e-06
9.543e-06
9.522e-06
9.519e-06
9.537e-06
9.516e-06
9.544e-06
9.54e-06
9.513e-06
9.526e-06
9.499e-06
9.527e-06
9.531e-06
9.51e-06
9.539e-06
9.498e-06
9.539e-06
9.527e-06
9.51e-06
9.546e-06
9.51e-06
9.548e-06
9.539e-06
9.501e-06
9.533e-06
9.53e-06
9.762e-06
9.549e-06
9.546e-06
9.54e-06
9.522e-06
9.542e-06
9.515e-06
9.535e-06
9.532e-06
9.538e-06
9.554e-06
9.521e-06
9.546e-06
9.552e-06
9.524e-06
9.56e-06
9.522e-06
9.559e-06
9.545e-06
9.512e-06
9.551e-06
9.524e-06
9.54e-06
9.542e-06
9.521e-06
9.549e-06
9.519e-06
9.526e-06
9.537e-06
9.538e-06
9.568e-06
9.527e-06
9.517e-06
9.573e-06
9.526e-06
9.543e-06
9.535e-06
9.544e-06
9.548e-06
9.533e-06
9.569e-06
9.541e-06
9.538e-06
9.564e-06
9.531e-06
9.537e-06
9.543e-06
9.537e-06
9.54e-06
9.526e-06
9.547e-06
9.54e-06
1.5663e-05
9.654e-06
9.552e-06
9.555e-06
9.526e-06
9.55e-06
9.533e-06
9.518e-06
9.54e-06
9.517e-06
9.529e-06
9.533e-06
9.509e-06
9.569e-06
9.521e-06
9.526e-06
9.543e-06
9.514e-06
9.536e-06
9.512e-06
9.54e-06
9.525e-06
9.525e-06
9.536e-06
9.526e-06
9.517e-06
9.538e-06
9.522e-06
9.547e-06
9.518e-06
9.531e-06
9.541e-06
9.499e-06
9.556e-06
9.524e-06
9.521e-06
9.537e-06
9.511e-06
9.545e-06
9.521e-06
9.521e-06
9.539e-06
9.511e-06
9.532e-06
9.517e-06
9.51e-06
9.537e-06
9.522e-06
9.533e-06
9.529e-06
9.528e-06
9.562e-06
9.518e-06
9.539e-06
9.537e-06
9.532e-06
9.56e-06
9.525e-06
9.541e-06
9.544e-06
9.514e-06
9.55e-06
9.52e-06
9.539e-06
9.547e-06
9.517e-06
9.536e-06
9.516e-06
9.535e-06
9.546e-06
9.527e-06
9.554e-06
9.525e-06
9.53e-06
9.555e-06
9.522e-06
9.55e-06
9.53e-06
9.527e-06
9.537e-06
9.514e-06
9.549e-06
9.533e-06
9.527e-06
9.539e-06
9.521e-06
9.535e-06
9.532e-06
9.526e-06
9.557e-06
9.517e-06
9.543e-06
9.541e-06
9.537e-06
9.545e-06
9.507e-06
9.538e-06
9.553e-06
9.534e-06
9.556e-06
9.525e-06
9.532e-06
9.548e-06
9.517e-06
9.555e-06
9.528e-06
9.531e-06
9.546e-06
9.523e-06
9.548e-06
9.519e-06
9.535e-06
9.559e-06
9.522e-06
9.562e-06
9.561e-06
9.532e-06
9.566e-06
9.511e-06
9.544e-06
9.517e-06
9.542e-06
9.542e-06
9.503e-06
9.53e-06
9.561e-06
9.529e-06
9.557e-06
9.526e-06
9.548e-06
9.523e-06
9.519e-06
9.545e-06
9.538e-06
9.534e-06
9.54e-06
9.521e-06
9.544e-06
9.548e-06
9.535e-06
9.54e-06
9.54e-06
9.557e-06
9.524e-06
9.523e-06
9.539e-06
9.528e-06
9.556e-06
9.533e-06
9.521e-06
9.542e-06
9.518e-06
9.557e-06
9.528e-06
9.53e-06
9.554e-06
9.514e-06
9.536e-06
9.526e-06
9.526e-06
9.538e-06
9.502e-06
9.544e-06
9.551e-06
9.529e-06
9.545e-06
9.514e-06
9.536e-06
9.535e-06
9.507e-06
9.526e-06
9.523e-06
9.537e-06
9.551e-06
9.533e-06
9.537e-06
9.517e-06
9.531e-06
9.53e-06
9.533e-06
9.559e-06
9.511e-06
9.532e-06
9.522e-06
9.522e-06
9.545e-06
9.505e-06
9.549e-06
9.53e-06
9.513e-06
9.543e-06
9.526e-06
9.542e-06
9.545e-06
9.52e-06
9.553e-06
9.509e-06
9.529e-06
9.542e-06
9.51e-06
9.531e-06
9.523e-06
9.539e-06
9.54e-06
9.513e-06
9.537e-06
9.535e-06
9.532e-06
9.536e-06
9.51e-06
9.543e-06
9.526e-06
9.508e-06
9.54e-06
9.504e-06
9.546e-06
9.531e-06
9.515e-06
9.543e-06
9.505e-06
9.522e-06
9.53e-06
9.519e-06
9.544e-06
9.542e-06
9.552e-06
9.533e-06
9.509e-06
9.529e-06
9.53e-06
9.524e-06
9.528e-06
9.506e-06
9.539e-06
9.516e-06
9.523e-06
9.551e-06
9.521e-06
9.554e-06
9.528e-06
9.524e-06
9.54e-06
9.514e-06
9.537e-06
9.518e-06
9.53e-06
9.545e-06
9.522e-06
9.549e-06
9.531e-06
9.533e-06
9.55e-06
9.524e-06
9.554e-06
9.538e-06
9.538e-06
9.557e-06
9.53e-06
9.554e-06
9.527e-06
9.527e-06
9.541e-06
9.499e-06
9.532e-06
9.531e-06
9.519e-06
9.55e-06
9.526e-06
9.539e-06
9.53e-06
9.517e-06
9.551e-06
9.524e-06
9.541e-06
9.538e-06
9.512e-06
9.536e-06
9.531e-06
9.537e-06
9.532e-06
9.531e-06
9.553e-06
9.521e-06
9.526e-06
9.538e-06
9.515e-06
9.54e-06
9.528e-06
9.538e-06
9.533e-06
9.514e-06
9.548e-06
9.521e-06
9.515e-06
9.536e-06
9.517e-06
9.554e-06
9.526e-06
9.517e-06
9.541e-06
9.535e-06
9.539e-06
9.532e-06
9.525e-06
9.543e-06
9.524e-06
9.536e-06
9.525e-06
9.511e-06
9.551e-06
9.53e-06
9.532e-06
9.542e-06
9.525e-06
9.555e-06
9.521e-06
9.523e-06
9.534e-06
9.51e-06
9.539e-06
9.511e-06
9.524e-06
9.526e-06
9.515e-06
9.534e-06
9.511e-06
9.528e-06
9.57e-06
9.516e-06
9.549e-06
9.514e-06
9.53e-06
9.558e-06
9.531e-06
2.0286e-05
9.666e-06
9.562e-06
9.529e-06
9.546e-06
9.546e-06
9.509e-06
9.551e-06
9.512e-06
9.537e-06
9.55e-06
9.527e-06
9.521e-06
9.511e-06
9.565e-06
9.514e-06
9.521e-06
9.539e-06
9.516e-06
9.534e-06
9.522e-06
9.504e-06
9.52e-06
9.508e-06
9.512e-06
9.55e-06
9.51e-06
9.552e-06
9.503e-06
9.531e-06
9.519e-06
9.501e-06
9.542e-06
9.515e-06
9.544e-06
9.53e-06
9.501e-06
9.548e-06
9.52e-06
9.511e-06
9.549e-06
9.5e-06
9.558e-06
9.514e-06
9.509e-06
9.529e-06
9.5e-06
9.531e-06
9.548e-06
9.541e-06
9.53e-06
9.495e-06
9.526e-06
9.513e-06
9.506e-06
9.545e-06
9.492e-06
9.538e-06
9.528e-06
9.516e-06
9.52e-06
9.506e-06
9.518e-06
9.528e-06
9.497e-06
9.536e-06
9.532e-06
9.518e-06
9.524e-06
9.506e-06
9.529e-06
9.497e-06
9.518e-06
9.537e-06
9.5e-06
9.524e-06
9.54e-06
9.503e-06
9.532e-06
9.503e-06
9.533e-06
9.537e-06
9.514e-06
9.529e-06
9.502e-06
9.525e-06
9.545e-06
9.504e-06
9.545e-06
9.493e-06
9.529e-06
9.523e-06
9.518e-06
9.541e-06
9.511e-06
9.514e-06
9.524e-06
9.507e-06
9.527e-06
9.521e-06
9.522e-06
9.527e-06
9.506e-06
9.527e-06
9.508e-06
9.533e-06
9.533e-06
9.499e-06
9.538e-06
9.517e-06
9.506e-06
9.559e-06
9.505e-06
9.525e-06
9.507e-06
9.517e-06
9.535e-06
9.525e-06
9.529e-06
9.527e-06
9.516e-06
9.532e-06
9.522e-06
9.529e-06
9.558e-06
9.526e-06
9.533e-06
9.516e-06
9.531e-06
9.524e-06
9.499e-06
9.557e-06
9.533e-06
9.527e-06
9.541e-06
9.517e-06
9.544e-06
9.519e-06
9.537e-06
9.537e-06
9.523e-06
9.531e-06
9.524e-06
9.513e-06
9.537e-06
9.522e-06
9.527e-06
9.522e-06
9.536e-06
9.524e-06
9.498e-06
9.532e-06
9.515e-06
9.516e-06
9.54e-06
9.509e-06
9.537e-06
9.514e-06
9.521e-06
9.546e-06
9.523e-06
9.53e-06
9.516e-06
9.512e-06
9.535e-06
9.511e-06
9.541e-06
9.532e-06
9.522e-06
9.557e-06
9.502e-06
9.515e-06
9.531e-06
9.512e-06
9.547e-06
9.523e-06
9.557e-06
9.519e-06
9.505e-06
9.531e-06
9.515e-06
9.519e-06
9.524e-06
9.497e-06
9.551e-06
9.512e-06
9.504e-06
9.536e-06
9.501e-06
9.567e-06
9.506e-06
9.499e-06
9.543e-06
9.504e-06
9.524e-06
9.547e-06
9.528e-06
9.539e-06
9.514e-06
9.541e-06
9.536e-06
9.508e-06
9.529e-06
9.528e-06
9.523e-06
9.512e-06
9.506e-06
9.534e-06
9.511e-06
9.606e-06
9.536e-06
9.519e-06
9.521e-06
9.5e-06
9.535e-06
9.519e-06
9.515e-06
9.545e-06
9.504e-06
9.528e-06
9.506e-06
9.498e-06
9.53e-06
9.516e-06
9.533e-06
9.518e-06
9.506e-06
9.54e-06
9.498e-06
9.537e-06
9.511e-06
9.519e-06
9.524e-06
9.521e-06
9.531e-06
9.526e-06
9.507e-06
9.549e-06
9.508e-06
9.53e-06
9.525e-06
9.504e-06
9.531e-06
9.514e-06
9.512e-06
9.529e-06
9.522e-06
9.545e-06
9.51e-06
9.535e-06
9.537e-06
9.507e-06
9.538e-06
9.53e-06
9.522e-06
9.536e-06
9.488e-06
9.524e-06
9.528e-06
9.516e-06
9.54e-06
9.511e-06
9.538e-06
9.522e-06
9.513e-06
9.545e-06
9.512e-06
9.528e-06
9.527e-06
9.512e-06
9.537e-06
9.51e-06
9.531e-06
9.55e-06
9.522e-06
9.547e-06
9.524e-06
9.523e-06
9.521e-06
9.503e-06
9.54e-06
9.512e-06
9.528e-06
9.531e-06
9.513e-06
9.555e-06
9.505e-06
9.526e-06
9.547e-06
9.528e-06
9.533e-06
9.526e-06
9.519e-06
9.544e-06
9.528e-06
9.544e-06
9.509e-06
9.515e-06
9.533e-06
9.507e-06
9.544e-06
9.519e-06
9.512e-06
9.541e-06
9.511e-06
9.539e-06
9.541e-06
9.515e-06
9.539e-06
9.505e-06
9.531e-06
9.527e-06
9.507e-06
9.546e-06
9.511e-06
9.534e-06
9.537e-06
9.509e-06
9.533e-06
9.524e-06
9.522e-06
9.53e-06
9.516e-06
9.534e-06
9.508e-06
9.522e-06
9.529e-06
9.506e-06
9.532e-06
9.519e-06
9.531e-06
9.55e-06
9.529e-06
9.545e-06
9.537e-06
9.519e-06
9.54e-06
9.506e-06
9.525e-06
9.517e-06
9.509e-06
9.537e-06
9.505e-06
9.533e-06
9.52e-06
9.519e-06
9.534e-06
9.508e-06
9.529e-06
9.529e-06
9.488e-06
9.528e-06
9.508e-06
9.526e-06
9.527e-06
9.498e-06
9.534e-06
9.511e-06
1.6174e-05
9.644e-06
9.587e-06
9.549e-06
9.518e-06
9.539e-06
9.518e-06
9.528e-06
9.542e-06
9.513e-06
9.564e-06
9.526e-06
9.522e-06
9.546e-06
9.51e-06
9.536e-06
9.535e-06
9.528e-06
9.544e-06
9.514e-06
9.533e-06
9.541e-06
9.532e-06
9.538e-06
9.51e-06
9.546e-06
9.529e-06
9.518e-06
9.541e-06
9.512e-06
9.536e-06
9.539e-06
9.509e-06
9.55e-06
9.524e-06
9.554e-06
9.547e-06
9.54e-06
9.556e-06
9.524e-06
9.54e-06
9.527e-06
9.516e-06
9.543e-06
9.532e-06
9.535e-06
9.538e-06
9.53e-06
9.544e-06
9.512e-06
9.526e-06
9.547e-06
9.52e-06
9.537e-06
9.547e-06
9.528e-06
9.54e-06
9.507e-06
9.549e-06
9.515e-06
9.526e-06
9.556e-06
9.508e-06
9.534e-06
9.537e-06
9.519e-06
9.557e-06
9.511e-06
9.559e-06
9.533e-06
9.533e-06
9.552e-06
9.517e-06
9.537e-06
9.539e-06
9.527e-06
9.546e-06
9.543e-06
9.528e-06
9.539e-06
9.517e-06
9.545e-06
9.525e-06
9.534e-06
9.549e-06
9.522e-06
9.568e-06
9.532e-06
9.534e-06
9.538e-06
9.516e-06
9.572e-06
9.52e-06
9.525e-06
9.546e-06
9.508e-06
9.553e-06
9.515e-06
9.529e-06
9.561e-06
9.528e-06
9.56e-06
9.538e-06
9.518e-06
9.547e-06
9.54e-06
9.538e-06
9.537e-06
9.511e-06
9.536e-06
9.506e-06
9.536e-06
9.537e-06
9.542e-06
9.542e-06
9.508e-06
9.536e-06
9.538e-06
9.535e-06
9.543e-06
9.519e-06
9.556e-06
9.536e-06
9.515e-06
9.563e-06
9.521e-06
9.527e-06
9.541e-06
9.532e-06
9.552e-06
9.533e-06
9.556e-06
9.533e-06
9.525e-06
9.551e-06
9.525e-06
9.524e-06
9.53e-06
9.537e-06
9.541e-06
9.519e-06
9.534e-06
9.559e-06
9.527e-06
9.53e-06
9.527e-06
9.52e-06
9.539e-06
9.521e-06
9.541e-06
9.533e-06
9.524e-06
9.555e-06
9.505e-06
9.526e-06
9.529e-06
9.526e-06
9.54e-06
9.527e-06
9.542e-06
9.545e-06
9.532e-06
9.549e-06
9.507e-06
9.515e-06
9.561e-06
9.507e-06
9.554e-06
9.521e-06
9.519e-06
9.536e-06
9.511e-06
9.565e-06
9.529e-06
9.529e-06
9.531e-06
9.512e-06
9.57e-06
9.523e-06
9.52e-06
9.527e-06
9.513e-06
9.543e-06
9.521e-06
9.525e-06
9.539e-06
9.517e-06
9.541e-06
9.525e-06
9.522e-06
9.557e-06
9.53e-06
9.551e-06
9.525e-06
9.536e-06
9.545e-06
9.518e-06
9.54e-06
9.536e-06
9.507e-06
9.549e-06
9.547e-06
9.545e-06
9.531e-06
9.511e-06
9.546e-06
9.521e-06
9.515e-06
9.544e-06
9.513e-06
9.543e-06
9.528e-06
9.538e-06
9.554e-06
9.526e-06
9.554e-06
9.519e-06
9.524e-06
9.546e-06
9.524e-06
9.546e-06
9.525e-06
9.547e-06
9.546e-06
9.503e-06
9.545e-06
9.538e-06
9.519e-06
9.548e-06
9.503e-06
9.534e-06
9.531e-06
9.526e-06
9.545e-06
9.521e-06
9.54e-06
9.529e-06
9.519e-06
9.546e-06
9.521e-06
9.549e-06
9.525e-06
9.517e-06
9.544e-06
9.514e-06
9.532e-06
9.532e-06
9.513e-06
9.558e-06
9.531e-06
9.534e-06
9.548e-06
9.523e-06
9.564e-06
9.529e-06
9.523e-06
9.551e-06
9.516e-06
9.547e-06
9.527e-06
9.549e-06
9.545e-06
9.512e-06
9.548e-06
9.532e-06
9.52e-06
9.554e-06
9.514e-06
9.556e-06
9.544e-06
9.53e-06
9.544e-06
9.531e-06
9.551e-06
9.532e-06
9.512e-06
9.546e-06
9.512e-06
9.56e-06
9.528e-06
9.529e-06
9.553e-06
9.519e-06
9.552e-06
9.546e-06
9.518e-06
9.542e-06
9.532e-06
9.526e-06
9.551e-06
9.529e-06
9.55e-06
9.533e-06
9.529e-06
9.54e-06
9.518e-06
9.546e-06
9.513e-06
9.534e-06
9.536e-06
9.517e-06
9.553e-06
9.525e-06
9.53e-06
9.551e-06
9.522e-06
9.541e-06
9.545e-06
9.531e-06
9.534e-06
9.518e-06
9.528e-06
9.522e-06
9.54e-06
9.559e-06
9.526e-06
9.567e-06
9.561e-06
9.527e-06
9.542e-06
9.527e-06
9.54e-06
9.544e-06
9.519e-06
9.562e-06
9.536e-06
9.537e-06
9.54e-06
9.528e-06
9.545e-06
9.523e-06
9.54e-06
9.544e-06
9.534e-06
9.569e-06
9.536e-06
9.54e-06
9.552e-06
9.526e-06
9.543e-06
9.527e-06
9.529e-06
9.537e-06
9.522e-06
9.539e-06
9.537e-06
9.522e-06
9.549e-06
9.509e-06
9.539e-06
9.53e-06
9.513e-06
9.565e-06
9.525e-06
9.53e-06
9.536e-06
9.521e-06
9.574e-06
1.6039e-05
9.681e-06
9.56e-06
9.586e-06
9.559e-06
9.53e-06
9.55e-06
9.525e-06
9.54e-06
9.54e-06
9.523e-06
9.555e-06
9.529e-06
9.535e-06
9.541e-06
9.509e-06
9.55e-06
9.526e-06
9.534e-06
9.559e-06
9.519e-06
9.542e-06
9.524e-06
9.53e-06
9.541e-06
9.529e-06
9.547e-06
9.518e-06
9.526e-06
9.544e-06
9.518e-06
9.545e-06
9.52e-06
9.531e-06
9.548e-06
9.536e-06
9.543e-06
9.527e-06
9.535e-06
9.545e-06
9.521e-06
9.545e-06
9.524e-06
9.534e-06
9.567e-06
9.53e-06
9.554e-06
9.532e-06
9.517e-06
9.564e-06
9.54e-06
9.523e-06
9.534e-06
9.51e-06
9.561e-06
9.523e-06
9.521e-06
9.53e-06
9.506e-06
9.564e-06
9.515e-06
9.523e-06
9.534e-06
9.507e-06
9.548e-06
9.527e-06
9.516e-06
9.562e-06
9.531e-06
9.552e-06
9.53e-06
9.531e-06
9.546e-06
9.523e-06
9.573e-06
9.533e-06
9.522e-06
9.544e-06
9.533e-06
9.54e-06
9.527e-06
9.529e-06
9.565e-06
9.53e-06
9.535e-06
9.538e-06
9.531e-06
9.552e-06
9.532e-06
9.541e-06
9.558e-06
9.519e-06
9.54e-06
9.519e-06
9.54e-06
9.549e-06
9.524e-06
9.572e-06
9.535e-06
9.533e-06
9.543e-06
9.516e-06
9.563e-06
9.529e-06
9.543e-06
9.555e-06
9.516e-06
9.555e-06
9.545e-06
9.513e-06
9.569e-06
9.521e-06
9.551e-06
9.536e-06
9.529e-06
9.551e-06
9.526e-06
9.551e-06
9.542e-06
9.524e-06
9.559e-06
9.521e-06
9.543e-06
9.537e-06
9.529e-06
9.571e-06
9.524e-06
9.564e-06
9.538e-06
9.517e-06
9.557e-06
9.521e-06
9.539e-06
9.525e-06
9.513e-06
9.554e-06
9.525e-06
9.548e-06
9.546e-06
9.529e-06
9.539e-06
9.526e-06
9.532e-06
9.545e-06
9.525e-06
9.542e-06
9.536e-06
9.526e-06
9.554e-06
9.507e-06
9.532e-06
9.522e-06
9.519e-06
9.537e-06
9.517e-06
9.55e-06
9.519e-06
9.526e-06
9.554e-06
9.531e-06
9.541e-06
9.529e-06
9.521e-06
9.542e-06
9.516e-06
9.532e-06
9.531e-06
9.512e-06
1.7716e-05
9.671e-06
9.59e-06
9.566e-06
9.536e-06
9.524e-06
2.7477e-05
9.648e-06
9.551e-06
9.51e-06
9.535e-06
9.514e-06
9.499e-06
9.545e-06
9.523e-06
9.532e-06
9.546e-06
9.502e-06
9.537e-06
9.519e-06
9.51e-06
9.517e-06
9.529e-06
9.528e-06
9.509e-06
9.536e-06
9.54e-06
9.504e-06
9.626e-06
9.52e-06
9.531e-06
9.542e-06
9.509e-06
9.551e-06
9.516e-06
9.522e-06
9.543e-06
9.515e-06
9.542e-06
9.528e-06
9.523e-06
9.561e-06
9.505e-06
9.53e-06
9.508e-06
9.517e-06
9.544e-06
9.506e-06
9.532e-06
9.521e-06
9.513e-06
9.54e-06
9.498e-06
9.532e-06
9.533e-06
9.51e-06
9.539e-06
9.505e-06
9.512e-06
9.514e-06
9.511e-06
9.543e-06
9.525e-06
9.515e-06
9.522e-06
9.503e-06
9.526e-06
9.529e-06
9.517e-06
9.544e-06
9.508e-06
9.54e-06
9.537e-06
9.532e-06
9.555e-06
9.512e-06
9.534e-06
9.511e-06
9.523e-06
9.542e-06
9.506e-06
9.529e-06
9.513e-06
9.507e-06
9.54e-06
9.5e-06
9.521e-06
1.7705e-05
9.685e-06
9.564e-06
9.541e-06
9.549e-06
9.509e-06
9.532e-06
9.502e-06
9.503e-06
9.526e-06
9.492e-06
9.513e-06
9.545e-06
9.503e-06
9.549e-06
9.507e-06
9.524e-06
9.531e-06
9.532e-06
9.536e-06
9.502e-06
9.513e-06
9.513e-06
9.529e-06
9.534e-06
9.513e-06
9.529e-06
9.511e-06
9.516e-06
9.537e-06
9.514e-06
9.514e-06
9.524e-06
9.499e-06
9.539e-06
9.525e-06
9.516e-06
9.539e-06
9.518e-06
9.534e-06
9.506e-06
9.518e-06
9.543e-06
1.3953e-05
9.587e-06
9.534e-06
9.534e-06
9.532e-06
9.508e-06
9.549e-06
9.506e-06
9.519e-06
9.525e-06
9.513e-06
9.535e-06
9.509e-06
9.517e-06
9.543e-06
9.512e-06
9.522e-06
9.513e-06
9.525e-06
9.528e-06
9.519e-06
9.56e-06
9.54e-06
9.512e-06
9.53e-06
9.504e-06
9.525e-06
9.524e-06
9.509e-06
9.532e-06
9.501e-06
9.522e-06
9.513e-06
9.507e-06
9.529e-06
9.522e-06
9.52e-06
9.514e-06
9.504e-06
9.53e-06
9.504e-06
9.536e-06
9.518e-06
9.515e-06
9.531e-06
9.511e-06
9.513e-06
9.526e-06
9.514e-06
9.534e-06
9.503e-06
9.529e-06
9.517e-06
9.512e-06
9.527e-06
9.517e-06
9.515e-06
9.532e-06
9.51e-06
9.765e-06
9.599e-06
9.578e-06
9.533e-06
9.52e-06
9.545e-06
9.496e-06
9.532e-06
9.523e-06
9.542e-06
9.534e-06
9.511e-06
9.533e-06
9.52e-06
9.515e-06
9.542e-06
9.497e-06
9.525e-06
9.518e-06
9.506e-06
9.562e-06
9.507e-06
9.518e-06
9.516e-06
9.534e-06
9.53e-06
9.498e-06
9.537e-06
9.532e-06
9.502e-06
9.52e-06
9.509e-06
9.529e-06
9.537e-06
9.501e-06
9.53e-06
9.505e-06
9.513e-06
9.535e-06
9.536e-06
9.543e-06
9.516e-06
9.51e-06
9.537e-06
9.499e-06
9.543e-06
9.514e-06
9.513e-06
9.542e-06
9.508e-06
9.539e-06
9.528e-06
9.517e-06
9.533e-06
9.498e-06
9.534e-06
9.513e-06
9.511e-06
9.54e-06
9.512e-06
9.521e-06
9.516e-06
9.52e-06
9.529e-06
9.513e-06
9.543e-06
9.523e-06
9.51e-06
9.539e-06
9.513e-06
9.525e-06
9.545e-06
9.514e-06
9.547e-06
9.527e-06
9.537e-06
9.544e-06
9.521e-06
9.533e-06
9.521e-06
9.525e-06
9.537e-06
9.512e-06
9.541e-06
9.522e-06
9.523e-06
9.56e-06
9.518e-06
9.557e-06
9.528e-06
9.517e-06
9.538e-06
9.516e-06
9.541e-06
9.519e-06
9.51e-06
9.529e-06
9.501e-06
9.522e-06
9.516e-06
9.505e-06
9.53e-06
9.5e-06
9.528e-06
9.541e-06
9.511e-06
9.553e-06
9.512e-06
9.541e-06
9.53e-06
9.514e-06
9.541e-06
9.514e-06
9.54e-06
9.539e-06
9.512e-06
9.542e-06
9.52e-06
9.529e-06
9.528e-06
9.514e-06
9.54e-06
9.512e-06
9.528e-06
9.542e-06
9.517e-06
9.526e-06
9.514e-06
9.524e-06
9.532e-06
9.51e-06
9.532e-06
9.508e-06
9.499e-06
9.536e-06
9.52e-06
9.522e-06
9.517e-06
9.508e-06
9.535e-06
9.511e-06
9.535e-06
9.514e-06
9.528e-06
9.529e-06
9.505e-06
9.522e-06
9.527e-06
9.527e-06
9.537e-06
9.525e-06
9.517e-06
9.532e-06
9.509e-06
9.54e-06
9.515e-06
9.522e-06
9.538e-06
9.501e-06
9.527e-06
9.515e-06
9.512e-06
9.545e-06
9.5e-06
9.528e-06
9.526e-06
9.522e-06
9.53e-06
9.505e-06
9.531e-06
9.516e-06
9.501e-06
9.545e-06
9.508e-06
9.527e-06
9.528e-06
9.513e-06
9.525e-06
9.5e-06
9.517e-06
9.516e-06
9.494e-06
9.516e-06
9.517e-06
9.521e-06
9.541e-06
9.509e-06
9.526e-06
9.517e-06
9.522e-06
9.533e-06
9.508e-06
9.537e-06
9.508e-06
9.514e-06
9.517e-06
9.496e-06
9.536e-06
9.509e-06
9.532e-06
9.536e-06
9.499e-06
9.541e-06
9.515e-06
9.51e-06
9.521e-06
9.505e-06
9.518e-06
9.51e-06
9.501e-06
9.513e-06
9.483e-06
9.517e-06
9.51e-06
9.51e-06
9.528e-06
9.499e-06
9.527e-06
9.52e-06
9.496e-06
9.521e-06
9.489e-06
9.526e-06
9.523e-06
9.512e-06
9.538e-06
9.503e-06
9.51e-06
9.568e-06
9.516e-06
9.535e-06
9.506e-06
9.524e-06
9.533e-06
9.511e-06
9.526e-06
9.523e-06
9.516e-06
9.527e-06
9.507e-06
9.538e-06
9.535e-06
9.524e-06
9.544e-06
9.504e-06
9.538e-06
9.523e-06
9.508e-06
9.533e-06
9.497e-06
9.523e-06
9.521e-06
9.52e-06
9.538e-06
9.499e-06
9.518e-06
9.521e-06
9.512e-06
9.538e-06
9.516e-06
9.535e-06
9.531e-06
9.502e-06
9.535e-06
9.506e-06
9.517e-06
9.526e-06
9.508e-06
9.531e-06
9.516e-06
9.518e-06
9.537e-06
9.516e-06
9.535e-06
9.521e-06
9.521e-06
9.53e-06
9.515e-06
9.518e-06
9.534e-06
9.503e-06
9.538e-06
9.5e-06
9.547e-06
9.518e-06
9.507e-06
9.54e-06
9.496e-06
9.536e-06
9.514e-06
9.515e-06
9.54e-06
9.517e-06
9.527e-06
9.527e-06
9.511e-06
9.522e-06
9.5e-06
9.516e-06
9.529e-06
9.511e-06
9.538e-06
9.505e-06
9.534e-06
9.53e-06
9.489e-06
9.527e-06
9.497e-06
9.51e-06
9.544e-06
9.529e-06
9.542e-06
9.527e-06
9.512e-06
9.534e-06
9.514e-06
9.534e-06
9.519e-06
9.535e-06
9.544e-06
9.499e-06
9.512e-06
9.52e-06
9.499e-06
9.529e-06
9.486e-06
9.517e-06
9.531e-06
9.528e-06
9.524e-06
9.511e-06
9.526e-06
9.531e-06
9.516e-06
9.533e-06
9.508e-06
9.513e-06
9.516e-06
9.509e-06
9.536e-06
9.494e-06
9.528e-06
9.533e-06
9.518e-06
9.549e-06
9.536e-06
9.507e-06
9.528e-06
9.518e-06
9.524e-06
9.532e-06
9.52e-06
9.541e-06
9.516e-06
9.52e-06
9.51e-06
9.523e-06
9.533e-06
1.8828e-05
9.668e-06
9.558e-06
9.546e-06
9.515e-06
9.513e-06
9.544e-06
9.504e-06
9.536e-06
9.516e-06
9.513e-06
9.558e-06
9.522e-06
9.524e-06
9.512e-06
9.508e-06
9.525e-06
9.5e-06
9.521e-06
9.537e-06
9.513e-06
9.551e-06
9.505e-06
9.538e-06
9.53e-06
9.504e-06
9.543e-06
9.523e-06
9.53e-06
9.54e-06
9.534e-06
9.528e-06
9.5e-06
9.512e-06
9.551e-06
9.502e-06
9.54e-06
9.533e-06
9.519e-06
9.536e-06
9.51e-06
9.53e-06
9.51e-06
9.531e-06
9.538e-06
9.508e-06
9.531e-06
9.509e-06
9.519e-06
9.528e-06
9.498e-06
9.532e-06
9.525e-06
9.543e-06
9.539e-06
9.495e-06
9.524e-06
9.526e-06
9.503e-06
9.531e-06
9.499e-06
9.545e-06
9.537e-06
9.517e-06
9.526e-06
9.519e-06
9.514e-06
9.519e-06
9.495e-06
9.543e-06
9.502e-06
9.52e-06
9.558e-06
9.506e-06
9.545e-06
9.548e-06
9.516e-06
9.527e-06
9.497e-06
9.528e-06
9.499e-06
9.524e-06
9.543e-06
9.498e-06
9.537e-06
9.512e-06
9.533e-06
9.53e-06
9.497e-06
9.526e-06
9.509e-06
9.512e-06
9.547e-06
9.524e-06
9.53e-06
9.514e-06
9.516e-06
9.542e-06
9.509e-06
9.529e-06
9.523e-06
9.51e-06
9.546e-06
9.505e-06
9.519e-06
9.519e-06
9.513e-06
9.554e-06
9.517e-06
9.527e-06
9.512e-06
9.512e-06
9.553e-06
9.507e-06
9.514e-06
9.535e-06
9.526e-06
9.525e-06
9.528e-06
9.508e-06
9.528e-06
9.49e-06
9.526e-06
9.505e-06
9.534e-06
9.54e-06
9.513e-06
9.532e-06
9.509e-06
9.523e-06
9.553e-06
9.512e-06
9.526e-06
9.516e-06
9.512e-06
9.54e-06
9.492e-06
9.521e-06
9.52e-06
9.533e-06
9.546e-06
9.497e-06
9.526e-06
9.522e-06
9.507e-06
9.543e-06
9.492e-06
9.514e-06
9.543e-06
9.503e-06
9.532e-06
9.489e-06
9.528e-06
9.536e-06
9.507e-06
9.52e-06
9.52e-06
9.503e-06
9.518e-06
9.493e-06
9.533e-06
9.505e-06
9.518e-06
9.526e-06
9.499e-06
9.535e-06
9.525e-06
9.526e-06
9.551e-06
9.501e-06
9.53e-06
9.545e-06
9.508e-06
9.531e-06
9.514e-06
9.523e-06
9.53e-06
9.51e-06
9.526e-06
9.516e-06
9.526e-06
9.529e-06
9.489e-06
9.533e-06
9.525e-06
9.517e-06
9.523e-06
9.511e-06
9.54e-06
9.507e-06
9.515e-06
9.519e-06
9.525e-06
9.521e-06
9.523e-06
9.52e-06
9.534e-06
9.51e-06
9.566e-06
9.507e-06
9.512e-06
9.526e-06
9.51e-06
9.522e-06
9.544e-06
9.496e-06
9.541e-06
9.521e-06
9.519e-06
9.526e-06
9.512e-06
9.548e-06
9.493e-06
9.521e-06
9.522e-06
9.494e-06
9.565e-06
9.518e-06
9.519e-06
9.524e-06
9.52e-06
9.536e-06
9.514e-06
9.544e-06
9.553e-06
9.525e-06
9.548e-06
9.52e-06
9.532e-06
9.543e-06
9.503e-06
9.539e-06
9.508e-06
9.524e-06
9.538e-06
9.509e-06
9.56e-06
9.513e-06
9.52e-06
9.532e-06
9.506e-06
9.54e-06
9.534e-06
9.512e-06
9.536e-06
9.51e-06
9.526e-06
9.523e-06
9.524e-06
9.526e-06
9.496e-06
9.523e-06
9.529e-06
9.513e-06
9.529e-06
9.505e-06
9.537e-06
9.516e-06
9.534e-06
9.532e-06
9.52e-06
9.513e-06
9.529e-06
9.5e-06
9.533e-06
9.516e-06
9.514e-06
9.539e-06
9.506e-06
9.549e-06
9.525e-06
9.502e-06
9.525e-06
9.506e-06
9.54e-06
9.536e-06
9.514e-06
9.535e-06
9.499e-06
9.571e-06
9.513e-06
9.507e-06
9.541e-06
9.505e-06
9.519e-06
9.525e-06
9.496e-06
9.541e-06
9.513e-06
9.529e-06
9.52e-06
9.498e-06
9.537e-06
9.53e-06
9.513e-06
9.543e-06
9.51e-06
9.536e-06
9.509e-06
9.508e-06
9.528e-06
9.503e-06
9.523e-06
9.506e-06
9.515e-06
9.549e-06
9.494e-06
9.536e-06
9.529e-06
9.517e-06
9.541e-06
9.512e-06
9.535e-06
9.511e-06
9.525e-06
9.53e-06
9.492e-06
9.53e-06
9.523e-06
9.505e-06
9.532e-06
9.521e-06
9.522e-06
9.546e-06
9.508e-06
9.528e-06
9.5e-06
9.518e-06
9.526e-06
9.538e-06
9.527e-06
9.517e-06
9.557e-06
9.532e-06
9.518e-06
9.525e-06
9.502e-06
9.532e-06
9.52e-06
9.499e-06
9.554e-06
9.51e-06
9.504e-06
9.545e-06
9.513e-06
9.531e-06
9.54e-06
9.511e-06
9.532e-06
9.496e-06
9.535e-06
9.508e-06
9.51e-06
9.548e-06
9.512e-06
9.546e-06
9.537e-06
9.514e-06
9.523e-06
9.531e-06
9.521e-06
9.526e-06
9.5e-06
9.536e-06
9.516e-06
9.508e-06
9.54e-06
9.517e-06
9.531e-06
9.529e-06
9.518e-06
9.531e-06
9.525e-06
1.6006e-05
9.642e-06
9.581e-06
9.553e-06
9.564e-06
9.548e-06
9.53e-06
9.54e-06
9.531e-06
9.555e-06
9.537e-06
9.519e-06
9.541e-06
9.518e-06
9.516e-06
9.536e-06
9.52e-06
9.551e-06
9.521e-06
1.4466e-05
9.578e-06
9.536e-06
9.554e-06
9.512e-06
9.523e-06
9.517e-06
9.517e-06
9.543e-06
9.536e-06
9.543e-06
9.534e-06
9.514e-06
9.536e-06
9.516e-06
9.535e-06
9.543e-06
9.528e-06
9.553e-06
9.521e-06
9.533e-06
9.553e-06
9.523e-06
9.532e-06
9.513e-06
9.536e-06
9.532e-06
9.508e-06
9.558e-06
9.516e-06
9.536e-06
9.543e-06
9.512e-06
9.552e-06
9.538e-06
9.525e-06
9.534e-06
9.503e-06
9.542e-06
9.526e-06
9.526e-06
9.535e-06
9.508e-06
9.535e-06
9.536e-06
9.529e-06
9.557e-06
9.505e-06
9.534e-06
9.531e-06
9.511e-06
9.542e-06
9.516e-06
9.528e-06
9.528e-06
9.51e-06
9.555e-06
9.52e-06
9.537e-06
9.54e-06
9.512e-06
9.538e-06
9.514e-06
9.513e-06
9.527e-06
9.508e-06
9.533e-06
9.513e-06
9.528e-06
9.538e-06
9.51e-06
9.536e-06
9.516e-06
9.521e-06
9.538e-06
9.51e-06
9.536e-06
9.523e-06
9.517e-06
9.539e-06
9.505e-06
9.541e-06
9.531e-06
9.513e-06
9.534e-06
9.506e-06
9.518e-06
9.521e-06
9.507e-06
9.548e-06
9.522e-06
9.534e-06
9.527e-06
9.52e-06
9.527e-06
9.517e-06
9.528e-06
9.536e-06
9.524e-06
9.538e-06
9.497e-06
9.526e-06
9.526e-06
9.516e-06
9.528e-06
9.522e-06
9.517e-06
9.529e-06
9.514e-06
9.552e-06
9.528e-06
9.507e-06
9.546e-06
9.507e-06
9.536e-06
9.537e-06
9.512e-06
9.528e-06
9.512e-06
9.517e-06
9.524e-06
9.526e-06
9.54e-06
9.521e-06
9.531e-06
9.527e-06
9.511e-06
9.538e-06
9.504e-06
9.531e-06
9.544e-06
9.496e-06
9.547e-06
9.515e-06
9.53e-06
9.518e-06
9.502e-06
9.543e-06
9.522e-06
9.519e-06
9.534e-06
9.527e-06
9.534e-06
9.521e-06
9.517e-06
9.531e-06
9.506e-06
9.533e-06
9.51e-06
9.52e-06
9.543e-06
9.505e-06
9.537e-06
9.521e-06
9.536e-06
9.536e-06
9.508e-06
9.522e-06
9.526e-06
9.514e-06
9.528e-06
9.509e-06
9.533e-06
9.536e-06
9.524e-06
9.549e-06
9.508e-06
9.517e-06
9.524e-06
9.528e-06
9.531e-06
9.516e-06
9.534e-06
9.522e-06
9.501e-06
9.547e-06
9.526e-06
9.538e-06
9.541e-06
9.505e-06
9.538e-06
9.528e-06
9.536e-06
9.542e-06
9.517e-06
9.542e-06
9.512e-06
9.527e-06
9.53e-06
9.514e-06
9.524e-06
9.515e-06
9.525e-06
9.54e-06
9.508e-06
9.519e-06
9.52e-06
9.499e-06
9.539e-06
9.506e-06
9.521e-06
9.538e-06
9.526e-06
9.539e-06
9.511e-06
9.534e-06
9.546e-06
9.506e-06
9.532e-06
9.517e-06
9.522e-06
9.531e-06
9.514e-06
9.542e-06
9.505e-06
9.523e-06
9.526e-06
9.507e-06
9.545e-06
9.523e-06
9.521e-06
9.538e-06
9.51e-06
9.535e-06
9.513e-06
9.501e-06
9.535e-06
9.506e-06
9.541e-06
9.539e-06
9.503e-06
9.549e-06
9.509e-06
9.534e-06
9.518e-06
9.515e-06
9.547e-06
9.522e-06
9.53e-06
9.533e-06
9.495e-06
9.546e-06
9.496e-06
9.516e-06
9.525e-06
9.516e-06
9.534e-06
9.509e-06
9.509e-06
9.528e-06
9.496e-06
9.552e-06
9.524e-06
9.52e-06
9.548e-06
9.507e-06
9.539e-06
9.51e-06
9.512e-06
9.547e-06
9.52e-06
9.537e-06
9.521e-06
9.515e-06
9.549e-06
9.507e-06
9.531e-06
9.53e-06
9.512e-06
9.531e-06
9.498e-06
9.522e-06
9.518e-06
9.524e-06
9.53e-06
9.504e-06
9.537e-06
9.532e-06
9.516e-06
9.536e-06
9.503e-06
9.528e-06
9.53e-06
9.507e-06
9.538e-06
9.52e-06
9.531e-06
9.521e-06
9.501e-06
9.533e-06
9.518e-06
9.525e-06
9.548e-06
9.504e-06
9.555e-06
9.509e-06
9.517e-06
9.544e-06
9.502e-06
9.55e-06
9.529e-06
9.517e-06
9.521e-06
9.516e-06
9.534e-06
9.532e-06
9.515e-06
9.53e-06
9.506e-06
9.526e-06
9.515e-06
9.518e-06
9.543e-06
9.505e-06
9.526e-06
9.524e-06
9.509e-06
9.536e-06
9.507e-06
9.527e-06
9.526e-06
9.501e-06
9.543e-06
9.511e-06
9.524e-06
9.529e-06
9.512e-06
9.543e-06
9.513e-06
9.513e-06
9.542e-06
9.517e-06
9.527e-06
9.513e-06
9.518e-06
9.556e-06
9.505e-06
9.551e-06
9.525e-06
9.517e-06
9.549e-06
9.513e-06
9.532e-06
9.545e-06
9.512e-06
9.551e-06
9.507e-06
9.537e-06
9.538e-06
9.506e-06
9.546e-06
9.528e-06
9.534e-06
1.6184e-05
9.669e-06
9.602e-06
9.586e-06
9.588e-06
9.534e-06
9.547e-06
9.527e-06
9.531e-06
9.556e-06
9.515e-06
9.524e-06
9.524e-06
9.507e-06
9.549e-06
9.512e-06
9.523e-06
9.535e-06
9.49e-06
9.533e-06
9.514e-06
9.524e-06
9.538e-06
9.525e-06
9.543e-06
9.513e-06
9.518e-06
9.525e-06
9.505e-06
9.527e-06
9.509e-06
9.524e-06
9.531e-06
9.506e-06
9.53e-06
9.519e-06
9.519e-06
9.533e-06
9.508e-06
9.528e-06
9.52e-06
9.509e-06
9.539e-06
9.5e-06
9.525e-06
9.52e-06
9.518e-06
9.535e-06
9.507e-06
9.523e-06
9.526e-06
9.505e-06
9.535e-06
9.511e-06
9.525e-06
9.527e-06
9.505e-06
9.534e-06
9.512e-06
9.518e-06
9.529e-06
9.505e-06
9.535e-06
9.514e-06
9.516e-06
9.536e-06
1.7592e-05
9.664e-06
9.554e-06
9.577e-06
9.554e-06
1.0144e-05
9.734e-06
9.967e-06
9.827e-06
9.723e-06
1.0134e-05
9.573e-06
9.552e-06
9.529e-06
9.507e-06
9.531e-06
9.517e-06
9.52e-06
1.7112e-05
9.678e-06
9.588e-06
2.2254e-05
1.712e-05
9.683e-06
9.518e-06
9.554e-06
9.514e-06
9.514e-06
9.532e-06
9.52e-06
9.53e-06
9.514e-06
9.501e-06
9.528e-06
9.511e-06
9.535e-06
9.53e-06
9.523e-06
9.539e-06
9.509e-06
9.527e-06
9.568e-06
9.51e-06
9.529e-06
9.51e-06
9.519e-06
9.528e-06
9.516e-06
9.53e-06
9.511e-06
9.517e-06
9.526e-06
9.5e-06
9.535e-06
9.532e-06
9.532e-06
9.526e-06
9.507e-06
9.528e-06
9.524e-06
9.524e-06
9.533e-06
9.499e-06
9.531e-06
9.519e-06
9.501e-06
9.523e-06
9.492e-06
9.527e-06
9.534e-06
9.495e-06
9.542e-06
9.498e-06
9.522e-06
9.521e-06
9.51e-06
9.543e-06
9.523e-06
9.548e-06
9.536e-06
9.501e-06
9.532e-06
9.507e-06
9.52e-06
9.53e-06
9.511e-06
9.524e-06
9.506e-06
9.523e-06
9.535e-06
9.515e-06
9.532e-06
9.514e-06
9.513e-06
9.539e-06
9.518e-06
9.534e-06
9.519e-06
9.525e-06
9.542e-06
9.501e-06
9.541e-06
9.524e-06
9.502e-06
9.545e-06
9.504e-06
9.523e-06
9.521e-06
9.505e-06
9.537e-06
9.507e-06
9.522e-06
9.532e-06
9.511e-06
9.538e-06
9.522e-06
9.513e-06
9.55e-06
9.495e-06
9.53e-06
9.525e-06
9.54e-06
9.539e-06
9.515e-06
1.7512e-05
9.638e-06
9.601e-06
9.535e-06
9.531e-06
9.529e-06
9.512e-06
9.542e-06
9.526e-06
9.526e-06
9.538e-06
9.507e-06
9.539e-06
9.509e-06
9.524e-06
9.543e-06
9.509e-06
9.538e-06
9.509e-06
9.513e-06
9.525e-06
9.507e-06
9.531e-06
9.515e-06
9.497e-06
9.541e-06
9.503e-06
9.531e-06
9.517e-06
9.535e-06
9.528e-06
9.49e-06
9.525e-06
9.535e-06
9.507e-06
9.546e-06
9.499e-06
9.534e-06
9.533e-06
9.504e-06
9.538e-06
9.511e-06
9.521e-06
9.538e-06
9.496e-06
9.533e-06
9.513e-06
9.521e-06
9.522e-06
9.508e-06
9.529e-06
9.509e-06
9.518e-06
9.529e-06
9.503e-06
9.534e-06
9.527e-06
9.511e-06
9.525e-06
9.507e-06
9.55e-06
9.525e-06
9.506e-06
9.553e-06
9.512e-06
9.533e-06
9.506e-06
9.514e-06
9.542e-06
9.505e-06
9.541e-06
9.525e-06
9.487e-06
9.525e-06
9.513e-06
9.514e-06
9.524e-06
9.507e-06
9.534e-06
9.501e-06
9.513e-06
9.525e-06
9.515e-06
9.539e-06
9.508e-06
9.512e-06
9.52e-06
9.506e-06
9.523e-06
9.519e-06
9.514e-06
9.529e-06
9.517e-06
9.534e-06
9.517e-06
9.515e-06
9.524e-06
9.512e-06
9.541e-06
9.531e-06
9.493e-06
9.526e-06
9.507e-06
9.518e-06
9.527e-06
9.507e-06
9.529e-06
9.501e-06
9.529e-06
9.524e-06
9.497e-06
9.545e-06
9.509e-06
9.529e-06
9.534e-06
9.498e-06
9.558e-06
9.507e-06
9.519e-06
9.531e-06
9.512e-06
9.537e-06
9.519e-06
9.52e-06
9.535e-06
9.511e-06
9.535e-06
9.534e-06
9.516e-06
9.535e-06
9.522e-06
9.548e-06
9.519e-06
9.519e-06
9.525e-06
9.499e-06
9.524e-06
9.513e-06
9.513e-06
9.54e-06
9.512e-06
9.533e-06
9.528e-06
9.515e-06
9.534e-06
9.504e-06
9.527e-06
9.537e-06
9.506e-06
9.534e-06
9.506e-06
9.515e-06
9.533e-06
9.511e-06
9.536e-06
9.51e-06
9.53e-06
9.532e-06
9.502e-06
9.543e-06
9.497e-06
9.517e-06
9.537e-06
9.502e-06
9.527e-06
9.509e-06
9.51e-06
9.543e-06
9.504e-06
9.531e-06
9.524e-06
9.528e-06
9.535e-06
9.51e-06
9.526e-06
9.514e-06
9.507e-06
9.545e-06
9.524e-06
1.5546e-05
9.642e-06
9.577e-06
9.579e-06
9.512e-06
9.539e-06
9.523e-06
9.527e-06
9.546e-06
9.522e-06
9.557e-06
9.521e-06
9.549e-06
9.529e-06
9.514e-06
9.531e-06
9.523e-06
9.517e-06
9.534e-06
9.52e-06
9.547e-06
9.516e-06
9.524e-06
9.542e-06
9.523e-06
9.527e-06
9.52e-06
9.543e-06
9.534e-06
9.505e-06
9.54e-06
9.516e-06
9.51e-06
9.524e-06
9.512e-06
9.53e-06
9.521e-06
9.504e-06
9.529e-06
9.512e-06
9.518e-06
9.507e-06
9.514e-06
9.541e-06
9.52e-06
9.523e-06
9.514e-06
9.506e-06
9.529e-06
9.51e-06
9.533e-06
9.525e-06
9.513e-06
9.53e-06
9.51e-06
9.511e-06
9.535e-06
9.513e-06
9.537e-06
9.51e-06
9.511e-06
9.532e-06
9.509e-06
9.536e-06
9.506e-06
9.525e-06
9.546e-06
9.511e-06
9.538e-06
9.517e-06
9.502e-06
9.527e-06
9.5e-06
9.522e-06
9.536e-06
9.497e-06
9.538e-06
9.493e-06
9.527e-06
9.517e-06
9.519e-06
9.535e-06
9.518e-06
9.667e-06
9.562e-06
9.532e-06
9.544e-06
9.527e-06
9.523e-06
9.509e-06
9.514e-06
9.531e-06
9.493e-06
9.541e-06
9.512e-06
9.508e-06
9.541e-06
9.502e-06
9.514e-06
9.52e-06
9.512e-06
9.532e-06
9.505e-06
9.521e-06
9.541e-06
9.493e-06
9.541e-06
9.494e-06
9.529e-06
9.527e-06
9.498e-06
9.532e-06
9.503e-06
9.533e-06
9.51e-06
9.512e-06
9.543e-06
9.497e-06
9.514e-06
9.532e-06
9.494e-06
9.535e-06
9.526e-06
9.513e-06
9.536e-06
9.49e-06
9.523e-06
9.531e-06
9.538e-06
9.539e-06
9.523e-06
9.526e-06
9.523e-06
9.521e-06
9.536e-06
9.502e-06
9.549e-06
9.518e-06
9.514e-06
9.531e-06
9.501e-06
9.532e-06
9.539e-06
9.507e-06
9.528e-06
9.514e-06
9.52e-06
9.538e-06
9.505e-06
9.528e-06
9.505e-06
9.524e-06
9.53e-06
9.501e-06
9.544e-06
9.506e-06
9.513e-06
9.522e-06
9.496e-06
9.552e-06
9.522e-06
9.507e-06
9.522e-06
9.501e-06
9.538e-06
9.513e-06
9.519e-06
9.514e-06
9.503e-06
9.532e-06
9.517e-06
9.511e-06
9.523e-06
9.492e-06
9.546e-06
9.521e-06
9.514e-06
9.526e-06
9.522e-06
9.545e-06
9.541e-06
9.526e-06
9.544e-06
9.507e-06
9.524e-06
9.541e-06
9.506e-06
9.567e-06
9.513e-06
9.513e-06
9.528e-06
9.495e-06
9.53e-06
9.518e-06
9.511e-06
9.526e-06
9.501e-06
9.522e-06
9.5e-06
9.518e-06
9.522e-06
9.499e-06
9.532e-06
9.519e-06
9.51e-06
9.52e-06
9.519e-06
9.525e-06
9.532e-06
9.507e-06
9.528e-06
9.505e-06
9.528e-06
9.516e-06
9.518e-06
9.539e-06
9.491e-06
9.531e-06
9.514e-06
9.5e-06
9.558e-06
9.527e-06
9.527e-06
9.531e-06
9.507e-06
9.542e-06
9.519e-06
9.529e-06
9.54e-06
9.5e-06
9.526e-06
9.496e-06
9.526e-06
9.536e-06
9.505e-06
9.532e-06
9.52e-06
9.516e-06
9.523e-06
9.497e-06
9.536e-06
9.516e-06
9.497e-06
9.524e-06
9.542e-06
9.518e-06
9.526e-06
9.521e-06
9.536e-06
9.497e-06
9.525e-06
9.53e-06
9.509e-06
9.534e-06
9.504e-06
9.518e-06
9.53e-06
9.536e-06
9.523e-06
9.506e-06
9.525e-06
9.515e-06
9.531e-06
9.555e-06
9.526e-06
9.518e-06
9.534e-06
9.499e-06
9.538e-06
9.511e-06
9.512e-06
9.525e-06
9.514e-06
9.545e-06
9.524e-06
9.516e-06
9.524e-06
9.507e-06
9.54e-06
9.508e-06
9.503e-06
9.542e-06
9.514e-06
9.536e-06
9.512e-06
9.511e-06
9.535e-06
9.511e-06
9.532e-06
9.514e-06
9.501e-06
9.529e-06
9.517e-06
9.533e-06
9.51e-06
9.504e-06
9.537e-06
9.518e-06
9.517e-06
9.537e-06
9.496e-06
9.543e-06
9.518e-06
9.512e-06
9.527e-06
9.519e-06
9.544e-06
9.521e-06
9.53e-06
9.543e-06
9.518e-06
9.53e-06
9.51e-06
9.533e-06
9.527e-06
9.513e-06
9.521e-06
9.523e-06
9.512e-06
9.54e-06
9.509e-06
9.538e-06
9.532e-06
9.532e-06
9.561e-06
9.511e-06
9.552e-06
9.522e-06
9.517e-06
9.518e-06
9.503e-06
9.52e-06
9.539e-06
9.505e-06
9.541e-06
9.503e-06
9.536e-06
9.533e-06
9.51e-06
9.547e-06
9.512e-06
9.525e-06
9.537e-06
9.512e-06
9.55e-06
9.526e-06
9.516e-06
9.539e-06
9.504e-06
9.546e-06
9.498e-06
9.525e-06
9.525e-06
9.491e-06
9.527e-06
9.507e-06
9.51e-06
9.527e-06
9.494e-06
9.519e-06
9.516e-06
9.519e-06
9.531e-06
9.507e-06
9.514e-06
9.524e-06
9.497e-06
9.537e-06
9.509e-06
9.518e-06
9.521e-06
9.497e-06
1.8896e-05
9.666e-06
9.592e-06
9.515e-06
9.546e-06
9.525e-06
9.522e-06
9.535e-06
9.506e-06
9.532e-06
9.527e-06
9.517e-06
9.539e-06
9.507e-06
9.539e-06
9.529e-06
9.508e-06
9.554e-06
9.517e-06
9.537e-06
9.54e-06
9.527e-06
9.54e-06
9.511e-06
9.529e-06
9.528e-06
9.529e-06
9.537e-06
9.511e-06
9.529e-06
9.543e-06
9.527e-06
9.536e-06
9.527e-06
9.514e-06
9.521e-06
9.497e-06
9.525e-06
9.503e-06
9.51e-06
9.522e-06
9.496e-06
9.545e-06
9.527e-06
9.521e-06
9.535e-06
9.518e-06
9.544e-06
9.524e-06
9.524e-06
9.552e-06
9.509e-06
9.554e-06
9.527e-06
9.512e-06
9.547e-06
9.515e-06
9.529e-06
9.518e-06
9.516e-06
9.538e-06
9.511e-06
9.538e-06
9.521e-06
9.509e-06
9.534e-06
9.51e-06
9.522e-06
9.525e-06
9.511e-06
9.544e-06
9.513e-06
9.552e-06
9.532e-06
9.517e-06
9.544e-06
9.531e-06
9.525e-06
9.536e-06
9.528e-06
9.535e-06
9.517e-06
9.54e-06
9.55e-06
9.512e-06
9.556e-06
9.521e-06
9.537e-06
9.532e-06
9.51e-06
9.543e-06
9.528e-06
9.509e-06
9.552e-06
9.519e-06
9.531e-06
9.53e-06
9.529e-06
9.545e-06
9.507e-06
9.53e-06
9.521e-06
9.514e-06
9.535e-06
9.508e-06
9.528e-06
9.524e-06
9.507e-06
9.546e-06
9.504e-06
9.537e-06
9.521e-06
9.518e-06
9.533e-06
9.512e-06
9.528e-06
9.536e-06
9.51e-06
9.543e-06
9.518e-06
9.534e-06
9.54e-06
9.504e-06
9.538e-06
9.516e-06
9.523e-06
9.532e-06
9.51e-06
9.536e-06
9.517e-06
9.527e-06
9.539e-06
9.513e-06
9.537e-06
9.532e-06
9.518e-06
9.541e-06
9.51e-06
9.534e-06
9.52e-06
9.516e-06
9.537e-06
9.507e-06
9.532e-06
9.521e-06
9.515e-06
9.54e-06
9.512e-06
9.534e-06
9.527e-06
9.517e-06
9.542e-06
9.513e-06
9.531e-06
9.54e-06
9.538e-06
9.544e-06
9.524e-06
9.538e-06
9.535e-06
9.517e-06
9.539e-06
9.517e-06
9.524e-06
9.533e-06
9.51e-06
9.538e-06
9.516e-06
9.51e-06
9.535e-06
9.525e-06
9.535e-06
9.516e-06
9.515e-06
9.533e-06
9.517e-06
9.517e-06
9.544e-06
9.516e-06
9.567e-06
9.51e-06
9.529e-06
9.524e-06
9.514e-06
9.53e-06
9.514e-06
9.538e-06
9.552e-06
9.503e-06
9.538e-06
9.515e-06
9.53e-06
9.533e-06
9.513e-06
9.539e-06
9.502e-06
9.548e-06
9.539e-06
9.515e-06
9.532e-06
9.503e-06
9.538e-06
9.537e-06
9.509e-06
9.534e-06
9.502e-06
9.524e-06
9.526e-06
9.51e-06
9.535e-06
9.508e-06
9.521e-06
9.545e-06
9.508e-06
9.525e-06
9.507e-06
9.502e-06
9.523e-06
9.49e-06
9.552e-06
9.521e-06
9.507e-06
9.539e-06
9.506e-06
9.522e-06
9.526e-06
9.508e-06
9.538e-06
9.506e-06
9.514e-06
9.538e-06
9.517e-06
9.541e-06
9.516e-06
9.516e-06
9.539e-06
9.502e-06
9.531e-06
9.509e-06
9.522e-06
9.53e-06
9.514e-06
9.552e-06
9.51e-06
9.514e-06
9.525e-06
9.507e-06
9.526e-06
9.523e-06
9.519e-06
9.535e-06
9.512e-06
9.526e-06
9.508e-06
9.519e-06
9.523e-06
9.501e-06
9.545e-06
9.524e-06
9.51e-06
9.537e-06
9.499e-06
9.538e-06
9.522e-06
9.509e-06
9.554e-06
9.522e-06
9.533e-06
9.513e-06
9.507e-06
9.547e-06
9.528e-06
9.541e-06
9.528e-06
9.504e-06
9.542e-06
9.513e-06
9.54e-06
9.53e-06
9.529e-06
9.556e-06
9.529e-06
9.537e-06
9.53e-06
9.517e-06
9.522e-06
9.509e-06
9.513e-06
9.531e-06
9.504e-06
9.539e-06
9.525e-06
9.52e-06
9.549e-06
9.537e-06
9.54e-06
9.529e-06
9.524e-06
9.537e-06
9.498e-06
9.524e-06
9.518e-06
9.508e-06
9.533e-06
9.501e-06
9.549e-06
9.528e-06
9.503e-06
9.538e-06
9.501e-06
9.527e-06
9.529e-06
9.499e-06
9.531e-06
9.516e-06
9.532e-06
9.539e-06
9.508e-06
9.546e-06
9.518e-06
9.514e-06
9.556e-06
9.508e-06
9.551e-06
9.525e-06
9.53e-06
9.525e-06
9.514e-06
9.539e-06
9.522e-06
9.518e-06
9.528e-06
9.501e-06
9.53e-06
9.518e-06
9.518e-06
9.527e-06
9.514e-06
9.545e-06
9.518e-06
9.515e-06
9.543e-06
9.512e-06
9.524e-06
9.521e-06
9.514e-06
9.536e-06
9.51e-06
9.517e-06
9.514e-06
9.521e-06
9.559e-06
9.508e-06
9.519e-06
9.536e-06
9.493e-06
9.548e-06
9.502e-06
9.526e-06
9.548e-06
9.504e-06
9.529e-06
9.525e-06
9.519e-06
9.523e-06
9.514e-06
9.534e-06
9.527e-06
9.505e-06
9.529e-06
1.595e-05
9.681e-06
9.549e-06
9.54e-06
9.524e-06
9.493e-06
9.539e-06
9.516e-06
9.542e-06
9.514e-06
9.511e-06
9.534e-06
9.536e-06
9.517e-06
9.529e-06
9.51e-06
9.544e-06
9.501e-06
9.536e-06
9.532e-06
9.499e-06
9.531e-06
9.502e-06
9.531e-06
9.506e-06
9.515e-06
9.522e-06
9.504e-06
9.526e-06
9.53e-06
9.512e-06
9.55e-06
9.534e-06
9.528e-06
9.531e-06
9.524e-06
9.56e-06
9.515e-06
9.524e-06
9.53e-06
9.504e-06
9.533e-06
9.51e-06
9.521e-06
9.534e-06
9.508e-06
9.528e-06
9.508e-06
9.517e-06
9.527e-06
9.511e-06
9.533e-06
9.519e-06
9.499e-06
9.526e-06
9.499e-06
9.522e-06
9.528e-06
9.514e-06
9.54e-06
9.52e-06
9.532e-06
9.534e-06
9.509e-06
9.547e-06
9.507e-06
9.539e-06
9.528e-06
9.508e-06
9.541e-06
9.518e-06
9.531e-06
9.541e-06
9.518e-06
9.55e-06
9.51e-06
9.53e-06
9.533e-06
9.51e-06
9.548e-06
9.517e-06
9.509e-06
9.544e-06
9.511e-06
9.539e-06
9.513e-06
9.511e-06
9.541e-06
9.511e-06
9.531e-06
9.531e-06
9.526e-06
9.541e-06
9.508e-06
9.544e-06
9.535e-06
9.538e-06
9.539e-06
9.522e-06
9.519e-06
9.553e-06
9.522e-06
9.545e-06
9.503e-06
9.52e-06
9.535e-06
9.525e-06
9.553e-06
9.517e-06
9.526e-06
9.531e-06
9.528e-06
9.555e-06
9.506e-06
9.517e-06
9.55e-06
9.514e-06
9.546e-06
9.534e-06
9.531e-06
9.532e-06
9.494e-06
9.526e-06
9.513e-06
9.518e-06
9.525e-06
9.512e-06
9.536e-06
9.523e-06
9.51e-06
9.534e-06
9.518e-06
9.527e-06
9.525e-06
9.526e-06
9.534e-06
9.502e-06
9.527e-06
9.53e-06
9.511e-06
9.539e-06
9.51e-06
9.53e-06
9.529e-06
9.503e-06
9.517e-06
9.508e-06
9.52e-06
9.527e-06
1.3571e-05
9.574e-06
9.539e-06
9.526e-06
9.514e-06
9.523e-06
9.527e-06
9.502e-06
9.52e-06
9.513e-06
9.531e-06
9.533e-06
9.501e-06
9.547e-06
9.527e-06
9.51e-06
9.551e-06
9.527e-06
9.539e-06
9.531e-06
9.512e-06
9.541e-06
9.525e-06
9.506e-06
9.523e-06
9.505e-06
9.54e-06
9.494e-06
9.513e-06
9.531e-06
9.501e-06
9.531e-06
9.509e-06
9.534e-06
9.534e-06
9.504e-06
9.536e-06
9.506e-06
9.505e-06
9.536e-06
9.52e-06
9.538e-06
9.518e-06
9.523e-06
9.529e-06
9.503e-06
9.538e-06
9.514e-06
9.516e-06
9.553e-06
9.523e-06
9.516e-06
9.521e-06
9.505e-06
9.523e-06
9.501e-06
9.523e-06
9.519e-06
9.516e-06
9.536e-06
9.535e-06
9.519e-06
9.526e-06
9.505e-06
9.55e-06
9.506e-06
9.517e-06
9.521e-06
9.5e-06
9.526e-06
9.501e-06
9.529e-06
9.537e-06
9.506e-06
9.538e-06
9.528e-06
9.522e-06
9.546e-06
9.508e-06
9.549e-06
9.51e-06
9.513e-06
9.534e-06
9.492e-06
9.537e-06
9.513e-06
9.515e-06
9.542e-06
9.529e-06
9.533e-06
9.522e-06
9.514e-06
9.546e-06
9.506e-06
9.531e-06
9.545e-06
9.501e-06
9.548e-06
9.508e-06
9.53e-06
9.523e-06
9.493e-06
9.53e-06
9.514e-06
9.531e-06
9.526e-06
9.509e-06
9.535e-06
9.507e-06
9.519e-06
9.531e-06
9.503e-06
9.54e-06
9.523e-06
9.508e-06
9.523e-06
9.521e-06
9.541e-06
9.511e-06
9.506e-06
9.534e-06
9.513e-06
9.546e-06
9.525e-06
9.521e-06
9.553e-06
9.489e-06
9.524e-06
9.514e-06
9.515e-06
9.527e-06
9.498e-06
9.513e-06
9.517e-06
9.512e-06
9.535e-06
9.501e-06
9.527e-06
9.526e-06
9.516e-06
9.541e-06
9.504e-06
9.519e-06
9.518e-06
9.52e-06
9.552e-06
9.524e-06
9.511e-06
9.526e-06
9.494e-06
9.526e-06
9.514e-06
9.531e-06
9.535e-06
9.504e-06
9.532e-06
9.533e-06
9.507e-06
9.539e-06
9.508e-06
9.542e-06
9.54e-06
9.506e-06
9.536e-06
9.499e-06
9.539e-06
9.531e-06
9.512e-06
9.557e-06
9.499e-06
9.522e-06
9.517e-06
9.513e-06
9.533e-06
9.537e-06
9.526e-06
9.512e-06
9.484e-06
9.543e-06
9.518e-06
9.537e-06
9.523e-06
9.511e-06
9.539e-06
9.512e-06
9.535e-06
9.539e-06
9.51e-06
9.537e-06
9.52e-06
9.513e-06
9.534e-06
9.494e-06
9.527e-06
9.498e-06
9.557e-06
9.528e-06
9.518e-06
9.544e-06
9.508e-06
9.51e-06
9.532e-06
1.7479e-05
9.684e-06
2.5787e-05
9.68e-06
9.686e-06
9.545e-06
9.511e-06
9.551e-06
9.523e-06
9.549e-06
9.519e-06
9.53e-06
9.539e-06
9.514e-06
9.543e-06
9.539e-06
9.524e-06
9.539e-06
1.608e-05
9.69e-06
9.538e-06
9.551e-06
9.53e-06
9.527e-06
9.544e-06
9.533e-06
9.542e-06
9.544e-06
9.522e-06
9.544e-06
9.528e-06
9.547e-06
9.533e-06
9.532e-06
9.571e-06
9.519e-06
9.522e-06
9.54e-06
9.508e-06
9.55e-06
9.52e-06
9.538e-06
9.54e-06
9.507e-06
9.545e-06
9.53e-06
9.521e-06
9.542e-06
9.511e-06
9.535e-06
9.509e-06
9.531e-06
9.536e-06
9.51e-06
9.537e-06
9.548e-06
9.531e-06
9.534e-06
9.51e-06
9.545e-06
9.53e-06
9.516e-06
9.536e-06
9.51e-06
9.528e-06
9.532e-06
9.528e-06
9.559e-06
9.521e-06
9.546e-06
9.535e-06
9.521e-06
9.559e-06
9.531e-06
9.537e-06
9.543e-06
9.535e-06
9.562e-06
9.524e-06
9.53e-06
9.545e-06
9.516e-06
9.549e-06
9.531e-06
9.533e-06
9.547e-06
9.507e-06
9.541e-06
9.554e-06
9.534e-06
9.544e-06
9.52e-06
9.545e-06
9.522e-06
9.516e-06
9.54e-06
9.515e-06
9.536e-06
9.536e-06
9.507e-06
9.541e-06
9.509e-06
9.54e-06
9.532e-06
9.511e-06
9.547e-06
9.524e-06
9.533e-06
9.538e-06
9.524e-06
9.553e-06
9.539e-06
9.536e-06
9.526e-06
9.521e-06
9.539e-06
9.515e-06
9.525e-06
9.538e-06
9.527e-06
9.537e-06
9.513e-06
9.516e-06
9.542e-06
9.512e-06
9.536e-06
9.526e-06
9.517e-06
9.528e-06
9.518e-06
9.535e-06
9.52e-06
9.522e-06
9.542e-06
9.515e-06
9.538e-06
9.523e-06
9.524e-06
9.555e-06
9.518e-06
9.535e-06
9.526e-06
9.517e-06
9.547e-06
9.518e-06
9.532e-06
9.536e-06
9.51e-06
9.537e-06
9.515e-06
9.53e-06
9.529e-06
9.509e-06
9.537e-06
9.525e-06
9.543e-06
9.544e-06
9.513e-06
9.56e-06
9.519e-06
9.534e-06
9.534e-06
9.533e-06
9.528e-06
9.528e-06
9.51e-06
9.55e-06
9.51e-06
9.543e-06
9.533e-06
9.522e-06
9.55e-06
9.524e-06
9.537e-06
9.522e-06
9.522e-06
9.549e-06
9.512e-06
9.528e-06
9.53e-06
9.517e-06
9.559e-06
9.525e-06
9.531e-06
9.545e-06
9.532e-06
9.554e-06
9.518e-06
9.548e-06
9.538e-06
9.519e-06
9.533e-06
9.51e-06
9.526e-06
9.571e-06
9.519e-06
9.556e-06
9.525e-06
9.536e-06
9.542e-06
9.523e-06
9.54e-06
9.529e-06
9.521e-06
9.537e-06
9.519e-06
9.55e-06
9.525e-06
9.811e-06
9.545e-06
9.538e-06
9.547e-06
9.512e-06
9.548e-06
9.524e-06
9.532e-06
9.543e-06
9.53e-06
9.55e-06
9.525e-06
9.528e-06
9.539e-06
9.516e-06
9.545e-06
9.526e-06
9.542e-06
9.546e-06
9.53e-06
9.547e-06
9.522e-06
9.527e-06
9.549e-06
9.514e-06
9.522e-06
9.529e-06
9.525e-06
9.548e-06
9.522e-06
9.535e-06
9.523e-06
9.511e-06
9.547e-06
9.513e-06
9.562e-06
9.537e-06
9.526e-06
9.542e-06
9.529e-06
9.536e-06
9.538e-06
9.508e-06
9.559e-06
9.531e-06
9.521e-06
9.547e-06
9.515e-06
9.549e-06
9.527e-06
9.536e-06
9.559e-06
9.508e-06
9.563e-06
9.524e-06
9.522e-06
9.539e-06
9.499e-06
9.552e-06
9.557e-06
9.53e-06
9.552e-06
9.513e-06
9.571e-06
9.532e-06
9.509e-06
9.539e-06
9.527e-06
9.546e-06
9.534e-06
9.518e-06
9.557e-06
9.53e-06
9.526e-06
9.534e-06
9.511e-06
9.528e-06
9.511e-06
9.538e-06
9.539e-06
9.519e-06
9.534e-06
9.518e-06
9.513e-06
9.535e-06
9.514e-06
9.527e-06
9.519e-06
9.535e-06
9.53e-06
9.498e-06
9.534e-06
9.528e-06
9.508e-06
9.546e-06
9.507e-06
9.538e-06
9.523e-06
9.511e-06
9.542e-06
9.514e-06
9.539e-06
9.526e-06
9.514e-06
9.539e-06
9.512e-06
9.533e-06
9.532e-06
9.509e-06
9.53e-06
9.502e-06
9.562e-06
9.533e-06
9.516e-06
9.535e-06
9.514e-06
9.519e-06
9.552e-06
9.506e-06
9.551e-06
9.509e-06
9.521e-06
9.522e-06
9.508e-06
9.565e-06
9.533e-06
9.529e-06
9.546e-06
9.497e-06
9.54e-06
9.535e-06
9.543e-06
9.558e-06
9.503e-06
9.535e-06
9.509e-06
9.534e-06
9.54e-06
9.5e-06
9.535e-06
9.538e-06
9.538e-06
9.547e-06
9.503e-06
9.538e-06
9.522e-06
9.523e-06
9.543e-06
9.517e-06
9.544e-06
9.527e-06
9.507e-06
9.539e-06
9.509e-06
9.513e-06
9.527e-06
9.501e-06
9.529e-06
9.517e-06
9.532e-06
9.538e-06
9.502e-06
9.544e-06
9.523e-06
9.522e-06
9.541e-06
9.513e-06
9.536e-06
9.512e-06
9.518e-06
9.542e-06
9.516e-06
9.539e-06
9.523e-06
9.515e-06
9.538e-06
9.506e-06
9.528e-06
9.531e-06
1.5509e-05
9.662e-06
9.541e-06
9.551e-06
9.521e-06
9.539e-06
9.532e-06
9.52e-06
9.536e-06
9.522e-06
9.534e-06
9.533e-06
9.514e-06
9.554e-06
9.509e-06
9.54e-06
9.535e-06
9.523e-06
9.561e-06
9.521e-06
9.535e-06
9.553e-06
9.526e-06
9.546e-06
9.531e-06
9.521e-06
9.545e-06
9.518e-06
9.547e-06
9.524e-06
9.53e-06
9.551e-06
9.513e-06
9.539e-06
9.536e-06
9.534e-06
9.542e-06
9.54e-06
9.541e-06
9.548e-06
9.518e-06
9.541e-06
9.505e-06
9.531e-06
9.52e-06
9.521e-06
9.538e-06
9.516e-06
9.536e-06
9.544e-06
9.518e-06
9.533e-06
9.52e-06
9.538e-06
9.534e-06
9.525e-06
9.559e-06
9.519e-06
9.557e-06
9.549e-06
9.535e-06
9.535e-06
9.525e-06
9.517e-06
9.528e-06
9.506e-06
9.54e-06
9.526e-06
9.529e-06
9.532e-06
9.521e-06
9.538e-06
9.544e-06
9.531e-06
9.542e-06
9.52e-06
9.539e-06
9.525e-06
9.524e-06
9.556e-06
9.509e-06
9.541e-06
9.533e-06
9.53e-06
9.55e-06
9.51e-06
9.534e-06
9.553e-06
9.52e-06
9.542e-06
9.512e-06
9.533e-06
9.546e-06
9.508e-06
9.568e-06
9.521e-06
9.529e-06
9.532e-06
9.509e-06
9.53e-06
9.515e-06
9.528e-06
9.558e-06
9.52e-06
9.562e-06
9.524e-06
9.536e-06
9.536e-06
9.518e-06
9.54e-06
9.532e-06
9.518e-06
9.544e-06
9.528e-06
9.531e-06
9.525e-06
9.526e-06
9.541e-06
9.523e-06
9.546e-06
9.53e-06
9.513e-06
9.554e-06
9.527e-06
9.538e-06
9.548e-06
9.514e-06
9.543e-06
9.518e-06
9.538e-06
9.548e-06
9.518e-06
9.565e-06
9.51e-06
9.537e-06
9.529e-06
9.511e-06
9.549e-06
9.513e-06
9.537e-06
9.545e-06
9.515e-06
9.553e-06
9.548e-06
9.533e-06
9.552e-06
9.518e-06
9.537e-06
9.53e-06
9.531e-06
9.533e-06
9.514e-06
9.542e-06
9.529e-06
9.529e-06
9.551e-06
9.527e-06
9.54e-06
9.529e-06
9.532e-06
9.534e-06
9.547e-06
9.554e-06
9.526e-06
9.52e-06
9.538e-06
9.518e-06
9.537e-06
9.534e-06
9.514e-06
9.554e-06
9.51e-06
9.531e-06
9.539e-06
9.547e-06
9.56e-06
9.524e-06
9.547e-06
9.536e-06
9.511e-06
9.539e-06
9.541e-06
9.529e-06
9.529e-06
9.517e-06
9.558e-06
9.529e-06
9.525e-06
9.541e-06
9.509e-06
9.554e-06
9.538e-06
9.544e-06
9.558e-06
9.52e-06
9.562e-06
9.543e-06
9.538e-06
9.548e-06
9.523e-06
9.547e-06
9.538e-06
9.549e-06
9.551e-06
9.529e-06
9.537e-06
9.539e-06
9.518e-06
9.542e-06
9.53e-06
9.537e-06
9.543e-06
9.551e-06
9.551e-06
9.53e-06
9.526e-06
9.536e-06
1.358e-05
9.6e-06
9.529e-06
9.543e-06
9.529e-06
9.529e-06
9.546e-06
9.511e-06
9.552e-06
9.546e-06
9.519e-06
9.559e-06
9.521e-06
9.537e-06
9.535e-06
9.536e-06
9.565e-06
9.539e-06
9.561e-06
9.553e-06
9.529e-06
9.553e-06
9.531e-06
9.554e-06
9.531e-06
9.547e-06
9.554e-06
9.529e-06
9.545e-06
9.533e-06
9.535e-06
9.545e-06
9.516e-06
9.522e-06
9.532e-06
9.508e-06
9.537e-06
9.517e-06
9.525e-06
9.533e-06
9.526e-06
9.549e-06
9.52e-06
9.521e-06
9.54e-06
9.523e-06
9.556e-06
9.516e-06
9.53e-06
9.558e-06
9.523e-06
9.542e-06
9.541e-06
9.52e-06
9.563e-06
9.522e-06
9.548e-06
9.528e-06
9.518e-06
9.558e-06
9.506e-06
9.541e-06
9.519e-06
9.513e-06
9.53e-06
9.51e-06
9.534e-06
9.542e-06
9.513e-06
9.559e-06
9.525e-06
9.535e-06
9.537e-06
9.524e-06
9.543e-06
9.522e-06
9.521e-06
9.547e-06
9.521e-06
9.543e-06
9.539e-06
9.536e-06
9.547e-06
9.522e-06
9.558e-06
9.536e-06
9.549e-06
9.564e-06
9.536e-06
9.544e-06
9.55e-06
9.549e-06
9.542e-06
9.514e-06
9.549e-06
9.534e-06
9.519e-06
9.563e-06
9.523e-06
9.536e-06
9.538e-06
9.535e-06
9.565e-06
9.539e-06
9.562e-06
9.56e-06
9.544e-06
9.552e-06
9.505e-06
9.55e-06
9.54e-06
9.514e-06
9.534e-06
9.532e-06
9.525e-06
9.551e-06
9.529e-06
9.558e-06
9.548e-06
9.527e-06
9.546e-06
9.512e-06
9.554e-06
9.528e-06
9.546e-06
9.552e-06
9.526e-06
9.543e-06
9.528e-06
9.538e-06
9.545e-06
9.528e-06
9.555e-06
9.546e-06
9.549e-06
9.551e-06
9.528e-06
9.561e-06
9.54e-06
9.53e-06
9.555e-06
9.525e-06
9.549e-06
9.56e-06
9.532e-06
9.558e-06
9.528e-06
9.555e-06
9.555e-06
9.531e-06
9.549e-06
9.526e-06
9.554e-06
1.8647e-05
9.688e-06
9.567e-06
9.548e-06
9.569e-06
9.516e-06
9.555e-06
9.558e-06
9.532e-06
9.563e-06
9.525e-06
9.551e-06
9.544e-06
9.536e-06
9.552e-06
9.513e-06
9.553e-06
9.545e-06
9.546e-06
9.554e-06
9.533e-06
9.55e-06
9.557e-06
9.543e-06
9.57e-06
9.541e-06
9.545e-06
9.559e-06
9.522e-06
9.563e-06
9.525e-06
9.532e-06
9.555e-06
9.515e-06
9.562e-06
9.517e-06
9.536e-06
9.54e-06
9.512e-06
9.542e-06
9.521e-06
9.537e-06
9.545e-06
9.526e-06
9.552e-06
9.525e-06
9.538e-06
9.548e-06
9.508e-06
9.545e-06
9.527e-06
9.539e-06
9.547e-06
9.522e-06
9.544e-06
9.539e-06
9.526e-06
9.55e-06
9.531e-06
9.546e-06
9.551e-06
9.525e-06
9.531e-06
9.525e-06
9.539e-06
9.539e-06
9.527e-06
9.546e-06
9.534e-06
9.528e-06
9.526e-06
9.518e-06
9.556e-06
9.529e-06
9.544e-06
9.546e-06
9.511e-06
9.544e-06
9.536e-06
9.533e-06
9.542e-06
9.526e-06
9.554e-06
9.534e-06
9.529e-06
9.564e-06
9.52e-06
9.553e-06
9.54e-06
9.533e-06
9.561e-06
9.533e-06
9.556e-06
9.523e-06
9.529e-06
9.559e-06
9.529e-06
9.55e-06
9.544e-06
9.524e-06
9.545e-06
9.514e-06
9.544e-06
9.526e-06
9.519e-06
9.549e-06
9.533e-06
9.539e-06
9.536e-06
9.513e-06
9.547e-06
9.532e-06
9.56e-06
9.535e-06
9.516e-06
9.548e-06
9.519e-06
9.542e-06
9.544e-06
9.526e-06
9.549e-06
9.532e-06
9.537e-06
9.547e-06
9.513e-06
9.547e-06
9.53e-06
9.541e-06
9.557e-06
9.536e-06
9.537e-06
9.523e-06
9.528e-06
9.544e-06
9.518e-06
9.543e-06
9.534e-06
9.526e-06
9.557e-06
9.507e-06
9.551e-06
9.525e-06
9.522e-06
9.547e-06
9.53e-06
9.55e-06
9.544e-06
9.533e-06
9.548e-06
9.513e-06
9.542e-06
9.558e-06
9.519e-06
9.545e-06
9.514e-06
9.538e-06
9.539e-06
9.522e-06
9.536e-06
9.527e-06
9.528e-06
9.537e-06
9.536e-06
9.546e-06
9.533e-06
9.549e-06
9.542e-06
9.534e-06
9.549e-06
9.525e-06
9.531e-06
9.57e-06
9.532e-06
9.544e-06
9.537e-06
9.526e-06
9.568e-06
9.518e-06
9.541e-06
9.541e-06
9.527e-06
9.54e-06
9.53e-06
9.555e-06
9.541e-06
9.539e-06
9.551e-06
9.519e-06
9.55e-06
9.527e-06
9.531e-06
9.546e-06
9.534e-06
9.536e-06
9.538e-06
9.519e-06
9.537e-06
9.541e-06
9.539e-06
9.54e-06
9.526e-06
9.552e-06
9.526e-06
9.551e-06
9.568e-06
9.524e-06
9.555e-06
9.519e-06
9.541e-06
9.556e-06
9.519e-06
9.563e-06
9.537e-06
9.533e-06
9.547e-06
9.519e-06
9.56e-06
9.525e-06
9.523e-06
9.548e-06
9.521e-06
9.543e-06
9.527e-06
9.526e-06
9.542e-06
9.542e-06
9.555e-06
9.531e-06
9.534e-06
9.553e-06
9.529e-06
9.55e-06
9.54e-06
9.543e-06
9.546e-06
9.533e-06
9.542e-06
9.531e-06
9.523e-06
9.546e-06
9.519e-06
9.565e-06
9.542e-06
9.524e-06
9.559e-06
9.527e-06
9.533e-06
9.534e-06
9.533e-06
9.535e-06
9.517e-06
9.533e-06
9.534e-06
9.513e-06
9.547e-06
9.535e-06
9.534e-06
9.534e-06
9.52e-06
9.55e-06
9.522e-06
9.54e-06
9.541e-06
9.522e-06
9.551e-06
9.535e-06
9.519e-06
9.548e-06
9.5e-06
9.579e-06
9.523e-06
9.53e-06
9.544e-06
9.52e-06
9.542e-06
9.534e-06
9.519e-06
9.543e-06
9.531e-06
9.541e-06
9.535e-06
9.529e-06
9.537e-06
9.535e-06
9.555e-06
9.533e-06
9.528e-06
9.542e-06
9.526e-06
9.533e-06
9.537e-06
9.519e-06
9.545e-06
9.537e-06
9.546e-06
9.556e-06
9.515e-06
9.549e-06
9.52e-06
9.531e-06
9.549e-06
9.526e-06
9.571e-06
9.513e-06
9.536e-06
9.541e-06
9.514e-06
9.556e-06
9.526e-06
9.531e-06
9.534e-06
9.527e-06
9.558e-06
9.53e-06
9.51e-06
9.549e-06
9.51e-06
9.557e-06
9.524e-06
9.53e-06
9.566e-06
9.517e-06
9.546e-06
9.544e-06
9.537e-06
9.567e-06
9.527e-06
9.548e-06
9.543e-06
9.53e-06
9.578e-06
9.518e-06
9.542e-06
9.539e-06
9.528e-06
9.549e-06
9.529e-06
9.576e-06
9.557e-06
9.53e-06
9.558e-06
9.534e-06
9.534e-06
9.539e-06
9.519e-06
9.57e-06
9.527e-06
9.543e-06
9.557e-06
9.532e-06
9.544e-06
9.569e-06
9.535e-06
9.563e-06
9.519e-06
9.547e-06
9.547e-06
9.523e-06
9.56e-06
9.531e-06
9.549e-06
9.534e-06
9.53e-06
9.553e-06
9.515e-06
9.528e-06
1.6063e-05
9.671e-06
9.588e-06
9.569e-06
9.562e-06
9.515e-06
9.548e-06
9.533e-06
9.541e-06
9.554e-06
9.533e-06
9.544e-06
9.528e-06
9.544e-06
9.558e-06
9.525e-06
9.547e-06
9.556e-06
9.525e-06
9.544e-06
9.52e-06
9.539e-06
9.545e-06
9.537e-06
9.546e-06
9.529e-06
9.54e-06
9.547e-06
9.51e-06
9.547e-06
9.528e-06
9.536e-06
9.532e-06
9.52e-06
9.552e-06
9.528e-06
9.536e-06
9.536e-06
9.52e-06
9.534e-06
9.537e-06
9.523e-06
9.555e-06
9.53e-06
9.543e-06
9.529e-06
9.536e-06
9.542e-06
9.535e-06
9.533e-06
9.526e-06
9.518e-06
9.544e-06
9.533e-06
9.532e-06
9.536e-06
9.514e-06
9.542e-06
9.516e-06
9.54e-06
9.539e-06
9.523e-06
9.535e-06
9.512e-06
9.566e-06
9.54e-06
9.506e-06
9.543e-06
9.516e-06
9.536e-06
9.554e-06
9.517e-06
9.542e-06
9.524e-06
9.536e-06
9.544e-06
9.511e-06
9.539e-06
9.522e-06
9.535e-06
9.552e-06
9.513e-06
9.56e-06
9.537e-06
9.525e-06
9.556e-06
9.527e-06
9.56e-06
9.534e-06
9.526e-06
9.55e-06
9.518e-06
9.566e-06
9.532e-06
9.542e-06
9.563e-06
9.52e-06
9.567e-06
9.542e-06
9.539e-06
9.565e-06
9.529e-06
9.551e-06
9.527e-06
9.52e-06
9.536e-06
9.539e-06
9.548e-06
9.556e-06
9.511e-06
9.541e-06
9.514e-06
9.54e-06
9.56e-06
9.525e-06
9.547e-06
9.513e-06
9.526e-06
9.547e-06
9.528e-06
9.546e-06
9.523e-06
9.527e-06
9.544e-06
9.526e-06
9.552e-06
9.518e-06
9.532e-06
9.553e-06
9.516e-06
9.561e-06
9.53e-06
9.532e-06
9.54e-06
9.527e-06
9.555e-06
9.53e-06
9.534e-06
9.562e-06
9.52e-06
9.556e-06
9.539e-06
9.531e-06
9.556e-06
9.525e-06
9.541e-06
9.543e-06
9.54e-06
9.549e-06
9.525e-06
9.549e-06
9.537e-06
9.536e-06
9.564e-06
9.523e-06
9.545e-06
9.546e-06
9.515e-06
9.553e-06
9.526e-06
9.546e-06
9.543e-06
9.534e-06
9.554e-06
9.525e-06
9.533e-06
9.561e-06
9.538e-06
9.558e-06
9.545e-06
9.548e-06
9.548e-06
9.532e-06
9.561e-06
9.537e-06
9.546e-06
9.551e-06
9.544e-06
9.57e-06
9.535e-06
9.529e-06
9.556e-06
9.532e-06
9.537e-06
9.532e-06
9.53e-06
9.553e-06
9.515e-06
9.529e-06
9.525e-06
9.535e-06
9.569e-06
9.524e-06
9.537e-06
9.527e-06
9.51e-06
9.538e-06
9.511e-06
9.564e-06
9.559e-06
9.513e-06
9.552e-06
9.535e-06
9.533e-06
9.539e-06
9.518e-06
9.541e-06
9.539e-06
9.536e-06
9.555e-06
9.516e-06
9.542e-06
9.519e-06
9.526e-06
9.554e-06
9.524e-06
9.543e-06
9.54e-06
9.528e-06
9.56e-06
9.529e-06
9.54e-06
9.532e-06
9.54e-06
9.546e-06
9.523e-06
9.535e-06
9.535e-06
9.519e-06
9.544e-06
9.523e-06
9.533e-06
9.535e-06
9.53e-06
9.553e-06
9.533e-06
9.539e-06
9.54e-06
9.516e-06
9.532e-06
9.534e-06
9.543e-06
9.526e-06
9.52e-06
9.537e-06
9.52e-06
9.556e-06
9.532e-06
9.514e-06
9.546e-06
9.532e-06
9.528e-06
9.546e-06
9.52e-06
9.55e-06
9.535e-06
9.53e-06
9.547e-06
9.514e-06
9.547e-06
9.518e-06
9.529e-06
9.547e-06
9.538e-06
9.534e-06
9.533e-06
9.559e-06
9.556e-06
9.52e-06
9.54e-06
9.56e-06
9.518e-06
9.561e-06
9.524e-06
9.548e-06
9.529e-06
9.537e-06
9.562e-06
9.527e-06
9.54e-06
9.533e-06
9.538e-06
9.565e-06
9.525e-06
9.526e-06
9.527e-06
9.513e-06
9.562e-06
9.516e-06
9.64e-06
9.551e-06
9.536e-06
9.55e-06
9.526e-06
9.532e-06
9.535e-06
9.51e-06
9.529e-06
9.519e-06
9.545e-06
9.521e-06
9.532e-06
9.546e-06
9.504e-06
9.537e-06
9.52e-06
9.513e-06
9.558e-06
9.505e-06
9.539e-06
9.528e-06
9.536e-06
9.539e-06
9.525e-06
9.536e-06
9.543e-06
9.502e-06
9.534e-06
9.514e-06
9.544e-06
9.536e-06
9.51e-06
9.545e-06
9.525e-06
9.557e-06
9.529e-06
9.498e-06
9.54e-06
9.531e-06
9.523e-06
9.532e-06
9.497e-06
9.532e-06
9.511e-06
9.526e-06
9.531e-06
9.504e-06
9.522e-06
9.542e-06
9.522e-06
9.538e-06
9.541e-06
9.553e-06
9.54e-06
9.512e-06
9.549e-06
9.525e-06
9.522e-06
9.535e-06
9.519e-06
9.545e-06
9.531e-06
9.534e-06
9.534e-06
9.525e-06
1.7808e-05
9.66e-06
9.584e-06
9.541e-06
9.552e-06
2.4525e-05
9.671e-06
9.527e-06
9.561e-06
9.526e-06
2.4251e-05
9.63e-06
9.54e-06
9.523e-06
9.524e-06
9.532e-06
9.518e-06
9.53e-06
9.526e-06
9.533e-06
9.553e-06
9.521e-06
9.545e-06
9.515e-06
9.523e-06
9.541e-06
9.531e-06
9.537e-06
9.527e-06
9.515e-06
9.527e-06
9.516e-06
9.538e-06
9.54e-06
9.528e-06
9.552e-06
9.524e-06
9.542e-06
9.532e-06
9.527e-06
9.535e-06
9.51e-06
9.552e-06
9.533e-06
9.506e-06
9.53e-06
9.516e-06
9.55e-06
9.52e-06
9.52e-06
9.542e-06
9.515e-06
9.53e-06
9.529e-06
9.517e-06
9.53e-06
9.514e-06
9.548e-06
9.534e-06
9.515e-06
9.549e-06
9.513e-06
9.711e-06
9.539e-06
9.606e-06
9.535e-06
9.524e-06
9.516e-06
9.539e-06
9.513e-06
9.538e-06
9.523e-06
9.52e-06
9.533e-06
9.524e-06
9.541e-06
9.521e-06
9.514e-06
9.538e-06
9.517e-06
9.541e-06
9.53e-06
9.537e-06
9.551e-06
9.517e-06
9.551e-06
9.533e-06
9.515e-06
9.535e-06
9.516e-06
9.536e-06
9.536e-06
9.503e-06
9.549e-06
9.516e-06
9.539e-06
9.54e-06
9.519e-06
9.543e-06
9.515e-06
9.525e-06
9.539e-06
9.504e-06
9.533e-06
9.511e-06
9.531e-06
9.532e-06
9.518e-06
9.56e-06
1.8549e-05
9.67e-06
9.531e-06
9.556e-06
9.541e-06
9.513e-06
9.641e-06
9.508e-06
9.541e-06
9.529e-06
9.521e-06
9.54e-06
9.511e-06
9.53e-06
9.55e-06
9.522e-06
9.542e-06
9.531e-06
9.527e-06
9.557e-06
9.533e-06
9.539e-06
9.51e-06
9.523e-06
9.54e-06
1.7476e-05
9.654e-06
9.548e-06
9.562e-06
9.53e-06
9.536e-06
9.54e-06
9.529e-06
9.554e-06
9.541e-06
9.535e-06
9.55e-06
9.525e-06
9.553e-06
9.616e-06
9.517e-06
9.538e-06
9.512e-06
9.546e-06
9.517e-06
9.524e-06
9.537e-06
9.51e-06
9.544e-06
9.532e-06
9.514e-06
9.546e-06
9.509e-06
9.532e-06
9.541e-06
9.516e-06
9.557e-06
9.529e-06
9.535e-06
9.527e-06
9.533e-06
9.545e-06
9.522e-06
9.526e-06
9.542e-06
9.777e-06
9.551e-06
9.555e-06
9.562e-06
9.532e-06
9.55e-06
9.523e-06
9.548e-06
9.572e-06
9.526e-06
9.586e-06
9.536e-06
9.535e-06
9.539e-06
9.639e-06
9.536e-06
9.535e-06
9.526e-06
9.57e-06
9.515e-06
1.7007e-05
9.667e-06
9.556e-06
9.561e-06
9.529e-06
9.556e-06
9.521e-06
9.548e-06
9.525e-06
9.522e-06
9.554e-06
9.534e-06
9.538e-06
9.535e-06
9.527e-06
9.559e-06
9.525e-06
9.536e-06
9.533e-06
9.52e-06
9.557e-06
9.523e-06
9.544e-06
9.538e-06
9.518e-06
9.55e-06
9.53e-06
9.544e-06
9.54e-06
9.528e-06
9.543e-06
9.526e-06
9.53e-06
9.55e-06
9.516e-06
9.552e-06
9.546e-06
9.555e-06
9.553e-06
9.519e-06
9.545e-06
9.517e-06
9.515e-06
9.543e-06
9.527e-06
9.539e-06
9.52e-06
9.524e-06
9.55e-06
9.52e-06
9.561e-06
9.536e-06
9.522e-06
9.544e-06
9.512e-06
9.548e-06
9.547e-06
9.533e-06
9.557e-06
9.528e-06
9.545e-06
9.548e-06
9.534e-06
9.555e-06
9.524e-06
9.532e-06
9.548e-06
9.514e-06
9.555e-06
9.526e-06
9.518e-06
9.541e-06
9.529e-06
9.568e-06
9.529e-06
9.546e-06
9.55e-06
9.521e-06
9.539e-06
9.543e-06
9.535e-06
9.561e-06
9.515e-06
9.559e-06
9.558e-06
9.544e-06
9.551e-06
9.54e-06
9.568e-06
9.539e-06
9.523e-06
9.547e-06
9.518e-06
9.542e-06
9.56e-06
9.53e-06
9.559e-06
9.526e-06
9.543e-06
9.545e-06
9.542e-06
9.56e-06
9.532e-06
9.546e-06
9.552e-06
9.517e-06
9.554e-06
9.528e-06
9.559e-06
9.54e-06
9.529e-06
9.559e-06
9.522e-06
9.541e-06
9.544e-06
9.512e-06
9.552e-06
9.53e-06
9.539e-06
9.557e-06
9.541e-06
9.544e-06
9.546e-06
9.521e-06
9.543e-06
9.529e-06
9.544e-06
9.537e-06
9.526e-06
9.551e-06
9.528e-06
9.547e-06
9.537e-06
9.535e-06
9.558e-06
9.527e-06
9.564e-06
9.535e-06
9.526e-06
9.551e-06
9.524e-06
9.556e-06
9.534e-06
9.526e-06
9.564e-06
9.527e-06
9.529e-06
9.545e-06
9.518e-06
9.552e-06
9.517e-06
9.535e-06
9.548e-06
9.537e-06
9.548e-06
9.515e-06
9.526e-06
9.545e-06
9.522e-06
9.561e-06
1.767e-05
9.694e-06
9.542e-06
9.55e-06
9.545e-06
9.544e-06
9.559e-06
9.531e-06
9.53e-06
9.547e-06
9.509e-06
9.537e-06
9.526e-06
9.517e-06
9.532e-06
9.52e-06
9.536e-06
9.535e-06
9.529e-06
1.5642e-05
9.679e-06
9.565e-06
9.551e-06
9.556e-06
9.53e-06
9.513e-06
9.536e-06
9.517e-06
9.533e-06
9.537e-06
9.522e-06
9.545e-06
9.51e-06
9.549e-06
9.526e-06
9.526e-06
9.546e-06
9.521e-06
9.547e-06
9.539e-06
9.512e-06
9.545e-06
9.517e-06
9.544e-06
9.52e-06
9.515e-06
9.545e-06
9.505e-06
9.535e-06
9.545e-06
9.518e-06
9.563e-06
9.52e-06
9.537e-06
9.554e-06
9.516e-06
9.552e-06
9.522e-06
9.526e-06
9.529e-06
9.517e-06
9.536e-06
9.519e-06
9.529e-06
9.54e-06
9.524e-06
9.564e-06
9.519e-06
9.52e-06
9.525e-06
9.518e-06
9.552e-06
9.537e-06
9.537e-06
9.538e-06
9.514e-06
9.555e-06
9.544e-06
9.536e-06
9.562e-06
9.529e-06
9.549e-06
9.532e-06
9.524e-06
9.534e-06
9.516e-06
9.552e-06
9.536e-06
9.519e-06
9.546e-06
9.519e-06
9.531e-06
9.539e-06
9.52e-06
9.557e-06
9.528e-06
9.532e-06
9.529e-06
9.525e-06
9.541e-06
9.522e-06
9.525e-06
9.533e-06
9.517e-06
9.549e-06
9.528e-06
9.526e-06
9.539e-06
9.519e-06
9.554e-06
9.52e-06
9.51e-06
9.544e-06
9.524e-06
9.533e-06
9.523e-06
9.52e-06
9.551e-06
9.508e-06
9.539e-06
9.526e-06
9.527e-06
9.551e-06
9.519e-06
9.534e-06
9.528e-06
9.516e-06
9.567e-06
9.528e-06
9.548e-06
9.55e-06
9.509e-06
9.56e-06
9.543e-06
9.534e-06
9.543e-06
9.516e-06
9.555e-06
9.524e-06
9.539e-06
9.541e-06
9.515e-06
9.54e-06
9.519e-06
9.54e-06
9.536e-06
9.509e-06
9.528e-06
9.525e-06
9.529e-06
9.543e-06
9.516e-06
9.545e-06
9.53e-06
9.523e-06
9.544e-06
9.508e-06
9.546e-06
9.537e-06
9.526e-06
9.547e-06
9.521e-06
9.54e-06
9.531e-06
9.525e-06
9.556e-06
9.534e-06
9.538e-06
9.55e-06
9.514e-06
9.551e-06
9.51e-06
9.548e-06
9.556e-06
9.514e-06
9.543e-06
9.536e-06
9.531e-06
9.529e-06
9.54e-06
9.555e-06
9.506e-06
9.526e-06
9.526e-06
9.541e-06
9.542e-06
9.541e-06
9.533e-06
9.544e-06
9.512e-06
9.563e-06
9.531e-06
9.52e-06
9.548e-06
9.528e-06
9.564e-06
9.531e-06
9.544e-06
9.53e-06
9.51e-06
9.542e-06
9.518e-06
9.54e-06
9.556e-06
9.524e-06
9.529e-06
9.562e-06
9.523e-06
9.551e-06
9.512e-06
9.55e-06
9.532e-06
9.512e-06
9.555e-06
9.53e-06
9.546e-06
9.542e-06
9.515e-06
9.532e-06
9.535e-06
9.548e-06
9.526e-06
9.511e-06
9.53e-06
9.54e-06
9.53e-06
9.552e-06
9.531e-06
9.553e-06
9.535e-06
9.546e-06
9.544e-06
9.518e-06
9.54e-06
9.528e-06
9.538e-06
9.546e-06
9.522e-06
9.549e-06
9.537e-06
9.522e-06
9.544e-06
9.527e-06
9.535e-06
9.525e-06
9.523e-06
9.528e-06
9.499e-06
9.556e-06
9.527e-06
9.52e-06
9.553e-06
9.521e-06
9.548e-06
9.539e-06
9.512e-06
9.543e-06
9.526e-06
9.538e-06
9.541e-06
9.518e-06
9.564e-06
9.51e-06
9.532e-06
9.529e-06
9.526e-06
9.539e-06
9.511e-06
9.552e-06
9.557e-06
9.52e-06
9.541e-06
9.525e-06
9.526e-06
9.547e-06
9.512e-06
9.558e-06
9.526e-06
9.544e-06
9.557e-06
9.538e-06
9.549e-06
9.525e-06
9.531e-06
9.571e-06
9.51e-06
9.557e-06
9.542e-06
9.531e-06
9.568e-06
9.528e-06
9.54e-06
9.53e-06
9.534e-06
9.557e-06
9.535e-06
9.555e-06
9.524e-06
9.529e-06
9.565e-06
9.514e-06
9.542e-06
9.538e-06
9.524e-06
9.567e-06
9.509e-06
9.528e-06
9.536e-06
9.526e-06
9.535e-06
9.516e-06
9.524e-06
9.551e-06
9.518e-06
9.55e-06
9.522e-06
9.528e-06
9.542e-06
9.528e-06
9.55e-06
9.521e-06
9.538e-06
9.548e-06
9.514e-06
9.555e-06
9.526e-06
9.526e-06
9.54e-06
9.522e-06
9.557e-06
9.518e-06
9.543e-06
9.543e-06
9.527e-06
9.558e-06
9.543e-06
9.524e-06
9.534e-06
9.535e-06
9.534e-06
9.529e-06
9.513e-06
9.552e-06
9.506e-06
9.537e-06
9.536e-06
9.511e-06
9.55e-06
9.508e-06
9.53e-06
9.52e-06
9.526e-06
9.546e-06
9.519e-06
9.546e-06
9.53e-06
9.508e-06
9.547e-06
9.536e-06
9.537e-06
9.562e-06
9.513e-06
9.547e-06
9.527e-06
9.524e-06
9.532e-06
9.509e-06
9.54e-06
9.542e-06
9.543e-06
9.543e-06
9.529e-06
9.545e-06
9.523e-06
9.524e-06
9.541e-06
9.517e-06
9.534e-06
9.54e-06
9.519e-06
9.562e-06
1.6113e-05
9.626e-06
9.521e-06
9.548e-06
2.0189e-05
9.687e-06
9.549e-06
9.57e-06
9.549e-06
9.53e-06
9.536e-06
9.517e-06
9.541e-06
9.545e-06
9.526e-06
9.551e-06
9.517e-06
9.543e-06
9.544e-06
9.525e-06
9.555e-06
9.529e-06
9.528e-06
9.537e-06
9.521e-06
9.542e-06
9.512e-06
9.534e-06
9.545e-06
9.521e-06
9.555e-06
9.526e-06
9.543e-06
9.55e-06
9.514e-06
9.555e-06
9.525e-06
9.53e-06
9.534e-06
9.516e-06
9.54e-06
9.535e-06
9.522e-06
9.553e-06
9.515e-06
9.534e-06
9.538e-06
9.522e-06
9.556e-06
9.535e-06
9.554e-06
9.545e-06
9.534e-06
9.548e-06
9.519e-06
9.543e-06
9.551e-06
9.549e-06
9.578e-06
9.521e-06
9.548e-06
9.533e-06
9.531e-06
9.559e-06
9.526e-06
9.534e-06
9.55e-06
9.524e-06
9.56e-06
9.537e-06
9.546e-06
9.541e-06
9.52e-06
9.548e-06
9.534e-06
9.537e-06
9.55e-06
9.508e-06
9.538e-06
9.534e-06
9.524e-06
9.551e-06
9.514e-06
9.531e-06
9.55e-06
9.532e-06
9.557e-06
9.513e-06
9.551e-06
9.538e-06
9.532e-06
9.548e-06
9.52e-06
9.551e-06
9.548e-06
9.522e-06
9.565e-06
9.518e-06
9.556e-06
9.549e-06
9.539e-06
9.56e-06
9.534e-06
9.526e-06
9.538e-06
9.517e-06
9.569e-06
9.518e-06
9.543e-06
9.543e-06
9.53e-06
9.542e-06
9.526e-06
9.539e-06
9.544e-06
9.528e-06
9.539e-06
9.536e-06
9.527e-06
9.556e-06
9.518e-06
9.557e-06
9.543e-06
9.539e-06
9.546e-06
9.536e-06
9.547e-06
9.531e-06
9.538e-06
9.538e-06
9.515e-06
9.539e-06
9.533e-06
9.553e-06
9.549e-06
9.514e-06
9.539e-06
9.528e-06
9.524e-06
9.567e-06
9.535e-06
9.563e-06
9.539e-06
9.521e-06
9.561e-06
9.529e-06
9.535e-06
9.54e-06
9.527e-06
9.557e-06
9.527e-06
9.537e-06
9.547e-06
9.521e-06
9.556e-06
9.525e-06
9.521e-06
9.546e-06
9.514e-06
9.547e-06
9.518e-06
9.548e-06
9.557e-06
9.519e-06
9.54e-06
9.539e-06
9.524e-06
9.536e-06
9.516e-06
9.568e-06
9.528e-06
9.532e-06
9.568e-06
9.509e-06
9.53e-06
9.537e-06
9.52e-06
9.546e-06
9.515e-06
9.539e-06
9.531e-06
9.527e-06
9.546e-06
9.516e-06
9.534e-06
9.535e-06
9.516e-06
9.545e-06
9.516e-06
9.536e-06
9.54e-06
9.551e-06
9.551e-06
9.523e-06
9.541e-06
9.544e-06
9.514e-06
9.54e-06
9.526e-06
9.528e-06
9.546e-06
9.529e-06
9.54e-06
9.523e-06
9.532e-06
9.552e-06
9.513e-06
9.558e-06
9.54e-06
9.545e-06
9.558e-06
9.534e-06
9.551e-06
9.549e-06
9.533e-06
9.55e-06
9.513e-06
9.528e-06
9.534e-06
9.514e-06
9.555e-06
9.531e-06
9.546e-06
9.534e-06
9.519e-06
9.549e-06
9.524e-06
9.542e-06
9.547e-06
9.519e-06
9.537e-06
9.516e-06
9.524e-06
9.534e-06
9.514e-06
9.546e-06
9.536e-06
9.538e-06
9.555e-06
9.526e-06
9.547e-06
9.526e-06
9.546e-06
9.527e-06
9.517e-06
9.534e-06
9.534e-06
9.535e-06
9.554e-06
9.519e-06
9.539e-06
9.514e-06
9.529e-06
9.557e-06
9.529e-06
9.555e-06
9.545e-06
9.539e-06
9.561e-06
9.529e-06
9.556e-06
9.536e-06
9.523e-06
9.54e-06
9.516e-06
9.544e-06
9.532e-06
9.532e-06
9.541e-06
9.514e-06
9.559e-06
9.534e-06
9.52e-06
9.569e-06
9.517e-06
9.531e-06
9.543e-06
9.508e-06
9.543e-06
9.517e-06
9.532e-06
9.545e-06
9.525e-06
9.538e-06
9.522e-06
9.535e-06
9.545e-06
9.523e-06
9.543e-06
9.526e-06
9.526e-06
9.547e-06
9.511e-06
9.543e-06
9.535e-06
9.534e-06
9.551e-06
9.515e-06
9.535e-06
9.527e-06
9.526e-06
9.544e-06
9.515e-06
9.536e-06
9.552e-06
9.534e-06
9.552e-06
9.552e-06
9.536e-06
9.54e-06
9.528e-06
9.548e-06
9.519e-06
9.546e-06
9.55e-06
9.51e-06
9.551e-06
9.559e-06
9.529e-06
9.535e-06
9.522e-06
9.548e-06
9.504e-06
9.534e-06
9.543e-06
9.538e-06
9.552e-06
9.524e-06
9.535e-06
9.546e-06
9.517e-06
9.551e-06
9.528e-06
9.534e-06
9.551e-06
9.515e-06
9.56e-06
9.548e-06
9.528e-06
9.556e-06
9.521e-06
9.564e-06
9.514e-06
9.533e-06
9.562e-06
9.527e-06
9.543e-06
9.539e-06
9.513e-06
9.548e-06
9.515e-06
9.529e-06
9.533e-06
9.518e-06
9.562e-06
9.507e-06
9.529e-06
9.534e-06
9.529e-06
9.563e-06
9.536e-06
9.531e-06
9.544e-06
9.539e-06
9.55e-06
1.6348e-05
9.684e-06
9.536e-06
9.552e-06
9.538e-06
9.513e-06
9.551e-06
9.523e-06
9.541e-06
9.543e-06
9.533e-06
9.555e-06
9.539e-06
9.534e-06
9.543e-06
9.505e-06
9.541e-06
9.525e-06
9.554e-06
9.526e-06
9.505e-06
9.542e-06
9.56e-06
9.524e-06
9.53e-06
9.517e-06
9.549e-06
9.535e-06
9.524e-06
9.542e-06
9.508e-06
9.542e-06
9.524e-06
9.521e-06
9.534e-06
9.51e-06
9.538e-06
9.526e-06
9.519e-06
9.564e-06
9.525e-06
9.533e-06
9.546e-06
9.531e-06
9.543e-06
9.52e-06
9.545e-06
9.535e-06
9.515e-06
9.557e-06
9.516e-06
9.528e-06
9.556e-06
9.526e-06
9.567e-06
9.523e-06
9.527e-06
9.541e-06
9.511e-06
9.539e-06
9.528e-06
9.53e-06
9.545e-06
9.523e-06
9.549e-06
9.532e-06
9.528e-06
9.534e-06
9.506e-06
9.553e-06
9.537e-06
9.517e-06
9.537e-06
9.506e-06
9.535e-06
9.522e-06
9.51e-06
9.56e-06
9.519e-06
9.529e-06
9.532e-06
9.508e-06
9.556e-06
9.524e-06
9.532e-06
9.54e-06
9.519e-06
9.549e-06
9.513e-06
9.533e-06
9.546e-06
9.508e-06
9.563e-06
9.531e-06
9.538e-06
9.548e-06
9.518e-06
9.541e-06
9.536e-06
9.538e-06
9.54e-06
9.526e-06
9.551e-06
9.526e-06
9.519e-06
9.551e-06
9.528e-06
9.541e-06
9.519e-06
9.52e-06
9.554e-06
9.51e-06
9.553e-06
9.513e-06
9.527e-06
9.546e-06
9.509e-06
9.544e-06
9.525e-06
9.535e-06
9.563e-06
9.52e-06
9.524e-06
9.526e-06
9.548e-06
9.536e-06
9.523e-06
9.52e-06
9.541e-06
9.52e-06
9.567e-06
9.506e-06
9.527e-06
9.538e-06
9.512e-06
9.556e-06
9.522e-06
9.528e-06
9.529e-06
9.52e-06
9.546e-06
9.515e-06
9.533e-06
9.542e-06
9.519e-06
9.535e-06
9.528e-06
9.516e-06
9.545e-06
9.499e-06
9.543e-06
9.522e-06
9.524e-06
9.554e-06
9.514e-06
9.541e-06
9.525e-06
9.504e-06
9.557e-06
9.52e-06
9.549e-06
9.533e-06
9.521e-06
9.539e-06
9.529e-06
9.539e-06
9.525e-06
9.513e-06
9.552e-06
9.501e-06
9.536e-06
9.533e-06
9.508e-06
9.554e-06
9.543e-06
9.543e-06
9.544e-06
9.51e-06
9.543e-06
9.522e-06
9.52e-06
9.55e-06
9.525e-06
9.534e-06
9.522e-06
9.532e-06
9.53e-06
9.527e-06
9.535e-06
9.522e-06
9.537e-06
9.548e-06
9.51e-06
9.534e-06
9.523e-06
9.516e-06
9.548e-06
9.508e-06
9.526e-06
9.538e-06
9.526e-06
9.552e-06
9.512e-06
9.537e-06
9.54e-06
9.52e-06
9.56e-06
9.532e-06
9.536e-06
9.536e-06
9.516e-06
9.56e-06
9.534e-06
9.532e-06
9.552e-06
9.522e-06
9.557e-06
9.532e-06
9.531e-06
9.53e-06
9.522e-06
9.545e-06
9.533e-06
9.532e-06
9.541e-06
9.519e-06
9.554e-06
9.568e-06
9.536e-06
9.559e-06
9.524e-06
9.537e-06
9.545e-06
9.529e-06
9.547e-06
9.515e-06
9.552e-06
9.534e-06
9.519e-06
9.545e-06
9.527e-06
9.546e-06
9.547e-06
9.531e-06
9.558e-06
9.517e-06
9.562e-06
9.555e-06
9.535e-06
9.545e-06
9.53e-06
9.536e-06
9.537e-06
9.516e-06
9.554e-06
9.516e-06
9.538e-06
9.55e-06
9.513e-06
9.55e-06
9.532e-06
9.528e-06
9.537e-06
9.499e-06
9.541e-06
9.537e-06
9.514e-06
9.531e-06
9.511e-06
9.537e-06
9.531e-06
9.521e-06
9.525e-06
9.516e-06
9.556e-06
9.534e-06
9.517e-06
9.538e-06
9.499e-06
9.522e-06
9.531e-06
9.526e-06
9.534e-06
9.515e-06
9.531e-06
9.536e-06
9.514e-06
9.544e-06
9.512e-06
9.561e-06
9.521e-06
9.518e-06
9.543e-06
9.518e-06
9.538e-06
9.543e-06
9.516e-06
9.526e-06
9.518e-06
9.528e-06
9.53e-06
9.52e-06
9.547e-06
9.52e-06
9.533e-06
9.544e-06
9.51e-06
9.547e-06
9.54e-06
9.523e-06
9.535e-06
9.51e-06
9.546e-06
9.526e-06
9.533e-06
9.546e-06
9.519e-06
9.555e-06
9.528e-06
9.502e-06
9.536e-06
9.5e-06
9.524e-06
9.547e-06
9.515e-06
9.532e-06
9.524e-06
9.545e-06
9.545e-06
9.522e-06
9.531e-06
9.51e-06
9.543e-06
9.521e-06
9.51e-06
9.541e-06
9.53e-06
9.534e-06
9.535e-06
9.512e-06
9.552e-06
9.518e-06
9.527e-06
9.573e-06
9.509e-06
9.533e-06
9.54e-06
9.523e-06
9.544e-06
9.514e-06
9.549e-06
9.529e-06
9.526e-06
9.549e-06
9.522e-06
9.548e-06
9.514e-06
9.519e-06
9.551e-06
9.507e-06
9.522e-06
9.529e-06
1.6842e-05
9.674e-06
9.546e-06
9.566e-06
9.517e-06
9.542e-06
9.536e-06
9.531e-06
9.562e-06
9.534e-06
9.54e-06
9.548e-06
9.515e-06
9.545e-06
9.521e-06
9.539e-06
9.535e-06
9.522e-06
9.544e-06
9.506e-06
9.543e-06
9.544e-06
9.527e-06
9.553e-06
9.533e-06
9.542e-06
9.533e-06
9.514e-06
9.554e-06
9.534e-06
9.527e-06
9.559e-06
9.514e-06
9.558e-06
9.539e-06
9.535e-06
9.562e-06
9.521e-06
9.55e-06
9.536e-06
9.53e-06
9.553e-06
9.513e-06
9.532e-06
9.534e-06
9.542e-06
9.554e-06
9.527e-06
9.544e-06
9.54e-06
9.514e-06
9.535e-06
9.521e-06
9.539e-06
9.526e-06
9.531e-06
9.556e-06
9.518e-06
9.552e-06
9.545e-06
9.54e-06
9.554e-06
9.532e-06
9.541e-06
9.529e-06
9.535e-06
9.543e-06
9.522e-06
9.544e-06
9.548e-06
9.512e-06
9.546e-06
9.519e-06
9.536e-06
9.542e-06
9.511e-06
9.554e-06
9.52e-06
9.528e-06
9.556e-06
1.671e-05
9.61e-06
9.542e-06
9.547e-06
9.533e-06
9.518e-06
9.54e-06
9.521e-06
9.547e-06
9.529e-06
9.54e-06
9.562e-06
9.503e-06
9.546e-06
9.526e-06
9.514e-06
9.57e-06
9.515e-06
9.543e-06
9.539e-06
9.545e-06
9.547e-06
9.537e-06
9.544e-06
9.544e-06
9.515e-06
9.561e-06
9.516e-06
9.529e-06
9.533e-06
9.52e-06
9.552e-06
9.532e-06
9.55e-06
9.53e-06
9.524e-06
9.542e-06
9.524e-06
9.533e-06
9.554e-06
9.516e-06
9.562e-06
9.521e-06
9.537e-06
9.546e-06
9.521e-06
9.551e-06
9.523e-06
9.538e-06
9.558e-06
9.506e-06
9.541e-06
9.535e-06
9.518e-06
9.541e-06
9.52e-06
9.546e-06
9.535e-06
9.526e-06
9.545e-06
9.508e-06
9.541e-06
9.544e-06
9.516e-06
9.546e-06
9.525e-06
9.544e-06
9.55e-06
9.523e-06
9.541e-06
9.514e-06
9.547e-06
9.537e-06
9.52e-06
9.537e-06
9.529e-06
9.525e-06
9.549e-06
9.52e-06
9.559e-06
9.537e-06
9.536e-06
9.538e-06
9.522e-06
9.548e-06
9.523e-06
9.534e-06
9.534e-06
9.504e-06
1.8285e-05
9.666e-06
9.566e-06
9.533e-06
9.557e-06
9.969e-06
1.0108e-05
9.592e-06
9.776e-06
9.898e-06
1.0025e-05
9.871e-06
9.633e-06
9.515e-06
9.554e-06
9.594e-06
9.538e-06
9.522e-06
9.512e-06
9.527e-06
9.508e-06
9.545e-06
9.538e-06
9.507e-06
9.535e-06
9.52e-06
9.535e-06
9.518e-06
9.503e-06
9.527e-06
9.523e-06
9.518e-06
9.536e-06
9.505e-06
9.53e-06
9.524e-06
9.507e-06
9.547e-06
9.515e-06
9.528e-06
1.8421e-05
9.687e-06
9.582e-06
9.536e-06
9.529e-06
9.515e-06
9.562e-06
9.518e-06
9.544e-06
9.651e-06
9.512e-06
9.53e-06
9.515e-06
9.513e-06
9.535e-06
9.592e-06
9.548e-06
9.533e-06
9.522e-06
9.532e-06
9.515e-06
9.545e-06
9.516e-06
9.521e-06
9.538e-06
9.491e-06
9.535e-06
9.507e-06
9.498e-06
9.542e-06
9.535e-06
9.541e-06
9.525e-06
9.515e-06
9.524e-06
9.505e-06
9.534e-06
9.552e-06
9.527e-06
9.543e-06
9.516e-06
9.538e-06
9.527e-06
9.51e-06
9.563e-06
9.493e-06
9.513e-06
9.535e-06
9.523e-06
9.539e-06
9.519e-06
9.538e-06
9.518e-06
9.516e-06
9.53e-06
9.528e-06
9.521e-06
9.534e-06
9.49e-06
9.528e-06
9.509e-06
9.507e-06
9.542e-06
9.518e-06
9.545e-06
9.527e-06
9.506e-06
9.535e-06
9.524e-06
9.538e-06
9.513e-06
9.525e-06
9.526e-06
9.499e-06
9.536e-06
9.521e-06
9.511e-06
9.539e-06
9.517e-06
9.535e-06
9.527e-06
9.509e-06
9.537e-06
9.529e-06
9.523e-06
9.513e-06
9.495e-06
9.551e-06
9.523e-06
9.527e-06
9.531e-06
9.5e-06
9.521e-06
9.528e-06
9.505e-06
9.545e-06
9.522e-06
9.536e-06
9.514e-06
9.527e-06
9.527e-06
9.511e-06
9.533e-06
9.522e-06
9.533e-06
9.538e-06
9.508e-06
9.519e-06
9.53e-06
9.521e-06
9.533e-06
9.511e-06
9.527e-06
9.527e-06
9.517e-06
9.561e-06
9.517e-06
9.539e-06
9.542e-06
9.521e-06
9.536e-06
