#time [s]
0.004978457
0.003937698
0.004044449
0.003992819
0.003953763
0.004351617
0.003893335
0.003899738
0.004015766
0.003930522
0.003944435
0.003957705
0.004113222
0.003889044
0.003964787
0.003974728
0.003926331
0.003990161
0.003958663
0.00426027
0.003958986
0.003934677
0.004151354
0.00387382
0.004002412
0.003986148
0.003924116
0.004225235
0.003938949
0.004026499
0.004064979
0.00393616
0.003913399
0.004014824
0.004015297
0.003938291
0.003997277
0.003948538
0.003979658
0.003947763
0.004106664
0.003910006
0.00392296
0.003998973
0.003948241
0.003934283
0.00394823
0.004125113
0.004028664
0.003928852
0.004046789
0.003942987
0.003977551
0.004024226
0.004007787
0.003873952
0.004068761
0.004192214
0.003941868
0.003949462
0.004251375
0.003968636
0.003920239
0.004088953
0.003899301
0.00399269
0.004057607
0.003982587
0.003944229
0.003912535
0.004031276
0.004062492
0.003978083
0.004132356
0.003941162
0.003941446
0.003998778
0.003931327
0.003977406
0.003910759
0.004165975
0.003971881
0.003992684
0.004037601
0.003877763
0.003958101
0.004056862
0.00392832
0.003971907
0.003905615
0.004526189
0.004488259
0.004445319
0.004538198
0.004456229
0.004469168
0.004488093
0.0047723
0.003871937
0.004123696
