#time [s]
1.0939e-05
1.0962e-05
1.0925e-05
1.0917e-05
1.0935e-05
1.0895e-05
1.0929e-05
1.0916e-05
1.0906e-05
1.0938e-05
1.0915e-05
1.0915e-05
1.0947e-05
1.0906e-05
1.0927e-05
1.0923e-05
1.0906e-05
1.0935e-05
1.092e-05
1.0914e-05
1.0939e-05
1.092e-05
1.0929e-05
1.092e-05
1.0923e-05
1.0971e-05
1.0917e-05
1.0929e-05
1.0934e-05
1.0905e-05
1.0935e-05
1.0929e-05
1.0909e-05
1.094e-05
1.0913e-05
1.0914e-05
1.0939e-05
1.0939e-05
1.0931e-05
1.094e-05
1.0906e-05
1.0935e-05
1.0917e-05
1.0949e-05
1.0938e-05
1.0919e-05
1.0918e-05
1.0926e-05
1.0908e-05
1.094e-05
1.0917e-05
1.0928e-05
1.0928e-05
1.0905e-05
1.093e-05
1.093e-05
1.0909e-05
1.095e-05
1.0915e-05
1.0912e-05
1.0925e-05
1.094e-05
1.0916e-05
1.0941e-05
1.0906e-05
1.0939e-05
1.0914e-05
1.0928e-05
1.0936e-05
1.092e-05
1.0918e-05
1.0927e-05
1.0908e-05
1.0939e-05
1.0905e-05
1.0929e-05
1.0936e-05
1.0905e-05
1.0924e-05
1.0942e-05
1.0893e-05
1.0937e-05
1.0909e-05
1.0904e-05
1.0938e-05
1.091e-05
1.0927e-05
1.0898e-05
1.0908e-05
1.0938e-05
1.0917e-05
1.0883e-05
1.0939e-05
1.0876e-05
1.0928e-05
1.09e-05
1.0909e-05
1.094e-05
1.0919e-05
1.0883e-05
