#time [s]
0.0001929
0.000199785
0.000192888
0.000192877
0.000192791
0.000192784
0.000192864
0.000192816
0.000192796
0.00019291
0.00019285
0.000192792
0.000192722
0.000192775
0.00019275
0.000192843
0.000192769
0.000192853
0.000192911
0.000192832
0.000192786
0.00019301
0.000192666
0.000199856
0.000192879
0.000192881
0.000192861
0.000192878
0.000215338
0.000192995
0.000192732
0.000192795
0.000192803
0.000192869
0.000192832
0.000192855
0.000201018
0.000192903
0.000192932
0.000192926
0.000192825
0.000192864
0.000192783
0.000192779
0.000192797
0.000199123
0.00019299
0.000192869
0.000192776
0.000192795
0.000192728
0.000192756
0.000192801
0.000192783
0.000192838
0.000192745
0.000192823
0.000192755
0.000192803
0.000192866
0.000192787
0.000192728
0.000192881
0.000192709
0.000192654
0.000192844
0.000192761
0.000203112
0.000192913
0.000192831
0.000192745
0.00019285
0.000192795
0.000192853
0.000192806
0.000192775
0.000192784
0.000192801
0.000192736
0.000192781
0.000192842
0.000192891
0.000192785
0.000192801
0.00019263
0.000192702
0.000192854
0.000192867
0.00019278
0.000199326
0.000192948
0.000192804
0.000192825
0.000192923
0.000192777
0.000192793
0.000192829
0.000192807
0.000192823
0.000192737
