#time [s]
0.000299049
0.000312862
0.000303413
0.000302724
0.000329083
0.000351338
0.000354843
0.000332795
0.000324325
0.000302715
0.000328502
0.000362316
0.000350562
0.000303616
0.000317206
0.000380562
0.000327162
0.000329323
0.000397979
0.000303612
0.000304218
0.000353419
0.000310776
0.000339835
0.000345928
0.000327336
0.000346488
0.000336486
0.000352145
0.000347874
0.00035019
0.000302088
0.00036278
0.000351986
0.000351433
0.000325027
0.000302252
0.000324939
0.000380145
0.000334456
0.000312376
0.000334382
0.000336877
0.000356303
0.000348369
0.00034869
0.000348505
0.000303689
0.000303023
0.00028072
0.000326521
0.000348195
0.000348214
0.00035864
0.000326537
0.00032048
0.000413123
0.000305384
0.000326661
0.000302168
0.000359525
0.000349074
0.000352245
0.000329768
0.000304948
0.000308585
0.000312278
0.000327171
0.000324786
0.000335121
0.000346434
0.000302762
0.000353365
0.000347734
0.000292667
0.000303868
0.000350019
0.000279468
0.000324389
0.000301861
0.000326706
0.000303591
0.000350289
0.000351274
0.000302985
0.00036789
0.000348936
0.000274919
0.000257394
0.000257236
0.00025717
0.000257102
0.000257104
0.000257091
0.000259115
0.000257449
0.000257472
0.00026867
0.000259748
0.000258792
