#time [s]
9.6082e-05
9.6098e-05
9.6068e-05
9.6037e-05
9.6045e-05
9.605e-05
9.6015e-05
9.6002e-05
9.6017e-05
9.604e-05
9.6023e-05
9.602e-05
9.6023e-05
9.6033e-05
9.603e-05
9.6013e-05
9.6031e-05
9.5983e-05
9.6029e-05
9.6013e-05
9.6022e-05
9.6029e-05
9.6025e-05
9.6025e-05
9.6026e-05
9.6012e-05
9.6029e-05
9.6038e-05
9.5992e-05
9.6015e-05
9.6019e-05
9.6024e-05
9.6039e-05
9.6012e-05
9.6022e-05
9.6007e-05
9.6037e-05
9.6012e-05
9.6017e-05
9.602e-05
0.000105763
9.6128e-05
9.6054e-05
9.6067e-05
9.6046e-05
9.602e-05
9.6018e-05
9.6069e-05
9.6027e-05
9.6033e-05
9.601e-05
9.6021e-05
9.6017e-05
9.6073e-05
9.6e-05
9.6038e-05
9.602e-05
9.6011e-05
9.6026e-05
9.6019e-05
9.603e-05
9.6017e-05
9.6017e-05
9.6045e-05
9.6045e-05
9.6008e-05
9.6037e-05
9.6036e-05
9.6033e-05
9.6026e-05
9.6023e-05
9.6038e-05
9.6029e-05
9.6039e-05
9.6039e-05
9.6058e-05
9.604e-05
9.6018e-05
9.6011e-05
9.6009e-05
9.6058e-05
9.602e-05
9.6022e-05
9.6309e-05
0.000102551
9.6141e-05
9.6058e-05
9.6075e-05
9.6062e-05
9.6002e-05
9.604e-05
9.602e-05
9.601e-05
9.6014e-05
9.6019e-05
9.604e-05
9.603e-05
9.6026e-05
9.6019e-05
9.6037e-05
