#time [s]
0.000153395
0.000153089
0.000155237
0.000153109
0.000153521
0.000153124
0.000153519
0.000153083
0.000153068
0.000153074
0.000162619
0.000153083
0.000153342
0.000153142
0.000153089
0.000153134
0.000153149
0.00015311
0.000153098
0.000153134
0.000153076
0.00015313
0.000153111
0.000153139
0.000153072
0.000153098
0.000153189
0.000153148
0.000153078
0.000153141
0.0001531
0.00015314
0.000153135
0.000153129
0.000153181
0.000153015
0.000164047
0.000202507
0.000153183
0.000170144
0.000169347
0.000161017
0.000153097
0.000153083
0.000153011
0.000153138
0.000153088
0.000153083
0.000169288
0.000153198
0.000152997
0.000153175
0.000153151
0.000152957
0.00015313
0.000153073
0.000153156
0.000153089
0.000153139
0.000153113
0.000159698
0.000153239
0.000153075
0.000153174
0.000153068
0.000153131
0.000153012
0.00015306
0.00015312
0.000153142
0.000153109
0.000153049
0.000153093
0.000154876
0.000153169
0.000153153
0.000153109
0.000153175
0.000153117
0.000153167
0.000153125
0.000166537
0.000153491
0.000153031
0.000163718
0.000153145
0.000153142
0.000153185
0.000153068
0.000153176
0.000153095
0.000153112
0.000153133
0.00015307
0.00015766
0.000153122
0.000153053
0.000153134
0.000153135
0.00015299
