#time [s]
8.272e-06
8.353e-06
8.147e-06
8.291e-06
8.108e-06
8.1e-06
8.075e-06
8.074e-06
8.093e-06
8.068e-06
8.075e-06
8.284e-06
8.254e-06
8.266e-06
8.084e-06
8.067e-06
8.272e-06
8.088e-06
8.252e-06
8.076e-06
8.276e-06
8.069e-06
8.104e-06
8.271e-06
8.087e-06
8.107e-06
8.112e-06
8.258e-06
8.274e-06
8.075e-06
8.25e-06
8.091e-06
8.272e-06
8.257e-06
8.098e-06
8.265e-06
8.254e-06
8.095e-06
8.27e-06
8.262e-06
8.29e-06
8.08e-06
8.269e-06
8.285e-06
8.079e-06
8.091e-06
8.283e-06
8.073e-06
8.257e-06
8.092e-06
8.261e-06
8.079e-06
8.287e-06
8.064e-06
8.104e-06
8.282e-06
8.252e-06
8.082e-06
8.279e-06
8.062e-06
8.269e-06
8.084e-06
8.256e-06
8.078e-06
8.268e-06
8.064e-06
8.313e-06
8.268e-06
8.064e-06
8.364e-06
8.187e-06
8.251e-06
8.08e-06
8.267e-06
8.064e-06
8.28e-06
8.263e-06
8.251e-06
8.281e-06
8.26e-06
8.263e-06
8.278e-06
8.075e-06
8.263e-06
8.276e-06
8.072e-06
8.262e-06
8.087e-06
8.256e-06
8.072e-06
8.272e-06
8.252e-06
8.089e-06
8.356e-06
8.251e-06
8.083e-06
8.272e-06
8.062e-06
8.074e-06
8.275e-06
