#time [s]
3.0598e-05
3.0772e-05
3.0783e-05
3.0758e-05
3.075e-05
3.0524e-05
3.052e-05
3.0733e-05
3.0734e-05
3.074e-05
3.0542e-05
3.0519e-05
3.0749e-05
3.0406e-05
3.0741e-05
3.0729e-05
3.0238e-05
3.0297e-05
3.0283e-05
3.0257e-05
3.0011e-05
3.0005e-05
3.0019e-05
2.9989e-05
2.9989e-05
3.0013e-05
3.0011e-05
3.002e-05
3.0031e-05
3.0021e-05
3.0026e-05
3.0011e-05
2.9997e-05
3.0046e-05
3.002e-05
3.0013e-05
3.0011e-05
3.0026e-05
3.0025e-05
3.0014e-05
3.0012e-05
3.0238e-05
3.0211e-05
3.0226e-05
2.9992e-05
3.0215e-05
3.0021e-05
3.0018e-05
3.0017e-05
3.0227e-05
2.9997e-05
2.9992e-05
3.0002e-05
3.0033e-05
3.0007e-05
2.9994e-05
2.9991e-05
3.023e-05
3.0241e-05
3.0225e-05
3.0231e-05
3.0234e-05
3.0032e-05
3.0022e-05
3.023e-05
3.0238e-05
3.004e-05
3.0223e-05
3.0225e-05
3.0236e-05
3.0233e-05
3.0238e-05
3.0005e-05
3.0023e-05
3.0244e-05
3.0224e-05
3.0223e-05
3.0016e-05
3.0219e-05
3.0234e-05
3.0233e-05
3.0227e-05
3.0218e-05
3.0236e-05
3.0231e-05
3.0236e-05
3.0238e-05
3.0041e-05
3.0227e-05
3.0245e-05
3.0241e-05
3.0228e-05
3.0222e-05
3.0243e-05
3.0229e-05
3.0233e-05
3.0228e-05
3.003e-05
3.022e-05
3.0227e-05
