#time [s]
0.000627792
0.000636833
0.000651804
0.000627053
0.000628813
0.000633848
0.000643904
0.000629096
0.000630867
0.000637605
0.000630356
0.000630502
0.000646689
0.000632238
0.000629094
0.000629036
0.000629076
0.000640881
0.000635627
0.000693103
0.000682114
0.000659058
0.000627176
0.000627316
0.000627167
0.000628067
0.000630777
0.000631352
0.000648226
0.000632405
0.000634214
0.000632394
0.000627125
0.00062716
0.000636628
0.000628901
0.000636872
0.00063392
0.000630645
0.000635665
0.000629688
0.000629228
0.00068427
0.000658736
0.000627247
0.000637443
0.000628975
0.000633625
0.000629864
0.000631169
0.000630592
0.000671102
0.000629291
0.000635091
0.000629351
0.000631196
0.000635543
0.000643613
0.00065435
0.000627115
0.000648304
0.000658103
0.00066201
0.000645527
0.000806459
0.000715474
0.000649549
0.000726641
0.000833338
0.000748638
0.000649092
0.000861329
0.000867147
0.000867538
0.000767814
0.000672366
0.000627432
0.000637352
0.000627403
0.000628213
0.000630033
0.000631423
0.000630935
0.000646255
0.000634481
0.0006359
0.000667893
0.000703404
0.00062768
0.000636934
0.000628488
0.00062872
0.000651257
0.000627316
0.000627139
0.000644062
0.000628403
0.000629426
0.000631166
0.000636037
