#time [s]
1.6986e-05
1.6386e-05
1.6337e-05
1.6306e-05
1.6329e-05
1.6394e-05
1.6284e-05
1.639e-05
1.6322e-05
1.6271e-05
1.6309e-05
1.63e-05
1.6276e-05
1.6302e-05
1.6297e-05
1.6291e-05
1.6302e-05
1.6317e-05
1.626e-05
1.6291e-05
1.6314e-05
1.6259e-05
1.6301e-05
1.6298e-05
1.6269e-05
1.6277e-05
1.6314e-05
1.6274e-05
1.6304e-05
1.6306e-05
1.6278e-05
1.6286e-05
1.6312e-05
1.629e-05
1.6288e-05
1.6306e-05
1.6295e-05
1.6282e-05
2.7033e-05
1.6435e-05
1.6447e-05
1.632e-05
1.637e-05
1.629e-05
1.6285e-05
1.6316e-05
1.6314e-05
1.6303e-05
1.6308e-05
1.6388e-05
1.6273e-05
1.63e-05
1.63e-05
1.6288e-05
1.6302e-05
1.6294e-05
1.6315e-05
1.6292e-05
1.6304e-05
1.6261e-05
1.6289e-05
1.6285e-05
1.6261e-05
1.6314e-05
1.6303e-05
1.6251e-05
1.6288e-05
1.6326e-05
1.629e-05
1.6308e-05
1.6311e-05
1.6291e-05
1.6285e-05
1.6305e-05
1.6277e-05
1.6297e-05
1.6296e-05
1.6267e-05
1.6292e-05
1.6307e-05
1.6267e-05
1.6279e-05
1.6312e-05
1.6289e-05
1.6294e-05
1.6322e-05
1.627e-05
1.6275e-05
1.6308e-05
1.6275e-05
1.629e-05
1.6324e-05
1.6276e-05
1.6292e-05
1.6303e-05
1.6287e-05
1.628e-05
1.6307e-05
1.6284e-05
1.6279e-05
