#time [s]
9.13e-07
8.31e-07
8.29e-07
8.26e-07
8.27e-07
8.27e-07
8.26e-07
8.26e-07
8.26e-07
8.27e-07
8.25e-07
8.22e-07
8.24e-07
8.2e-07
8.22e-07
8.27e-07
8.25e-07
8.22e-07
8.22e-07
8.25e-07
8.39e-07
8.37e-07
8.21e-07
8.26e-07
8.35e-07
8.41e-07
8.24e-07
8.25e-07
8.28e-07
8.4e-07
8.24e-07
8.26e-07
8.28e-07
8.24e-07
8.25e-07
8.23e-07
8.22e-07
8.42e-07
8.23e-07
8.21e-07
8.24e-07
8.39e-07
8.24e-07
8.24e-07
8.25e-07
8.2e-07
8.34e-07
8.38e-07
8.22e-07
8.24e-07
8.38e-07
8.39e-07
8.26e-07
8.24e-07
8.23e-07
8.25e-07
8.26e-07
8.23e-07
8.39e-07
8.4e-07
8.24e-07
8.26e-07
8.4e-07
8.38e-07
8.36e-07
8.39e-07
8.23e-07
8.24e-07
8.38e-07
8.38e-07
8.36e-07
8.38e-07
8.2e-07
8.24e-07
8.37e-07
8.37e-07
8.37e-07
8.38e-07
8.22e-07
8.25e-07
8.39e-07
8.38e-07
8.27e-07
8.24e-07
8.21e-07
8.43e-07
8.24e-07
8.25e-07
8.39e-07
8.42e-07
8.26e-07
8.24e-07
8.24e-07
8.22e-07
8.26e-07
8.24e-07
8.25e-07
8.22e-07
8.23e-07
8.4e-07
