#time [s]
0.000832114
0.000812736
0.000813436
0.000872071
0.000855448
0.00081222
0.000839087
0.000812321
0.000820354
0.000871328
0.000812132
0.000811935
0.000813271
0.000826938
0.000815924
0.000812624
0.000813129
0.000817026
0.000822154
0.00081571
0.000816295
0.000812639
0.00081577
0.000825339
0.000889624
0.00082928
0.000841236
0.000812372
0.000893119
0.000812579
0.000812341
0.000813195
0.000813791
0.000826179
0.000814324
0.000814741
0.000834445
0.000812499
0.000822495
0.000814243
0.000814368
0.000814659
0.000813195
0.000825325
0.000917985
0.00081292
0.000822992
0.000830475
0.000821645
0.000815094
0.000811999
0.000813609
0.000812245
0.000827819
0.000814594
0.000812841
0.000815941
0.000825534
0.0008136
0.000821121
0.000814881
0.000812199
0.00082432
0.000816905
0.000851059
0.000857007
0.000839061
0.000820716
0.00081231
0.000813234
0.000829893
0.00081211
0.000827608
0.000814288
0.000814324
0.000815622
0.000812585
0.000829302
0.000813692
0.000812489
0.000812052
0.000817017
0.000873282
0.000812172
0.000893433
0.000840917
0.000812409
0.000820317
0.0008304
0.000811899
0.000812928
0.000811791
0.000826824
0.000833765
0.000812087
0.000811722
0.000813121
0.000822875
0.000813964
0.000812561
