#time [s]
1.053e-06
9.77e-07
9.78e-07
9.79e-07
9.53e-07
9.51e-07
9.51e-07
9.48e-07
9.44e-07
9.5e-07
9.48e-07
9.56e-07
9.58e-07
9.42e-07
9.55e-07
9.56e-07
9.4e-07
9.42e-07
9.4e-07
9.54e-07
9.48e-07
9.39e-07
9.42e-07
9.4e-07
9.4e-07
9.41e-07
9.55e-07
9.41e-07
9.41e-07
9.42e-07
9.43e-07
9.57e-07
9.41e-07
9.42e-07
9.43e-07
9.43e-07
9.52e-07
9.43e-07
9.56e-07
9.41e-07
9.37e-07
9.42e-07
9.4e-07
9.54e-07
9.7e-07
9.39e-07
9.41e-07
9.4e-07
9.72e-07
9.4e-07
9.36e-07
9.4e-07
9.4e-07
9.57e-07
9.71e-07
9.42e-07
9.44e-07
9.44e-07
9.75e-07
9.42e-07
9.39e-07
9.43e-07
9.41e-07
9.42e-07
9.38e-07
9.57e-07
9.43e-07
9.4e-07
9.41e-07
1.4998e-05
1.049e-06
9.84e-07
9.76e-07
9.71e-07
9.44e-07
9.42e-07
9.57e-07
9.46e-07
9.47e-07
9.4e-07
9.38e-07
9.43e-07
9.4e-07
9.43e-07
9.39e-07
9.36e-07
9.4e-07
9.38e-07
9.36e-07
9.38e-07
9.38e-07
9.38e-07
9.37e-07
9.39e-07
9.39e-07
9.4e-07
9.44e-07
9.41e-07
9.43e-07
9.42e-07
