#time [s]
1.418e-06
1.389e-06
1.33e-06
1.368e-06
1.321e-06
1.313e-06
1.311e-06
1.311e-06
1.312e-06
1.314e-06
1.314e-06
1.316e-06
1.313e-06
1.359e-06
1.311e-06
1.309e-06
1.312e-06
1.313e-06
1.31e-06
1.311e-06
1.31e-06
1.309e-06
1.308e-06
1.311e-06
1.311e-06
1.315e-06
1.311e-06
1.315e-06
1.313e-06
1.314e-06
1.312e-06
1.313e-06
1.311e-06
1.311e-06
1.309e-06
1.31e-06
1.308e-06
1.309e-06
1.308e-06
1.31e-06
1.309e-06
1.311e-06
1.311e-06
1.313e-06
1.312e-06
1.314e-06
1.31e-06
1.316e-06
1.311e-06
1.315e-06
1.31e-06
1.313e-06
1.309e-06
1.309e-06
1.308e-06
1.309e-06
1.308e-06
1.31e-06
1.31e-06
1.312e-06
1.311e-06
1.314e-06
1.312e-06
1.313e-06
1.312e-06
1.313e-06
1.311e-06
1.312e-06
8.879e-06
1.452e-06
1.395e-06
1.352e-06
1.378e-06
1.324e-06
1.319e-06
1.321e-06
1.323e-06
1.321e-06
1.322e-06
1.318e-06
1.319e-06
1.316e-06
1.317e-06
1.316e-06
1.317e-06
1.316e-06
1.316e-06
1.317e-06
1.318e-06
1.319e-06
1.318e-06
1.319e-06
1.322e-06
1.321e-06
1.321e-06
1.32e-06
1.319e-06
1.319e-06
1.319e-06
1.317e-06
