#time [s]
0.001567197
0.001573908
0.001568403
0.001587478
0.001655141
0.001590235
0.001571255
0.001575812
0.00156786
0.001589315
0.001564288
0.001577932
0.001570397
0.001564305
0.001696994
0.001637404
0.001572887
0.001567608
0.001563256
0.001562413
0.001570071
0.001660181
0.001569729
0.001579046
0.001621839
0.001593924
0.001569606
0.001564936
0.001584871
0.001568923
0.00157452
0.001566211
0.001574315
0.001581248
0.001684283
0.001597826
0.001567181
0.001570957
0.001583431
0.001572253
0.001563273
0.001562116
0.001567896
0.001577871
0.001657933
0.001561904
0.001574028
0.001565175
0.001583037
0.001571495
0.00156064
0.001577026
0.001565095
0.001580503
0.001642855
0.00158819
0.001571357
0.001574194
0.001581777
0.001563737
0.001568015
0.001601336
0.001571267
0.00157678
0.001673383
0.001561355
0.001566601
0.001562437
0.001578397
0.001564807
0.001568814
0.001577823
0.001560751
0.001575863
0.001628765
0.001592413
0.001570444
0.001565189
0.001584278
0.001574902
0.001564279
0.001577546
0.001570376
0.001564329
0.001671456
0.001589571
0.001570252
0.001564452
0.001566947
0.001635772
0.00156306
0.001573424
0.001566922
0.001576684
0.001678865
0.001589641
0.001568995
0.001565217
0.001566746
0.001584038
