#time [s]
0.000548167
0.000499656
0.000489344
0.00048632
0.000486561
0.000488878
0.000490694
0.000486124
0.000495505
0.000486751
0.000487407
0.000486047
0.000491333
0.000486077
0.00048606
0.000485853
0.000554365
0.00050365
0.000486092
0.000486633
0.000578666
0.000487481
0.000516445
0.000488845
0.000495021
0.00048796
0.000485994
0.000485839
0.00048816
0.000485944
0.00048694
0.000485909
0.000505644
0.000486641
0.000487936
0.000489447
0.000491927
0.000491476
0.000490798
0.000486058
0.000487837
0.000489995
0.000485919
0.000487808
0.000485916
0.000491507
0.000485952
0.000490513
0.000501788
0.000488049
0.000486008
0.000564194
0.000487367
0.000514051
0.000486166
0.00049458
0.000486536
0.000487065
0.000485876
0.000488482
0.000490751
0.000485963
0.000486031
0.000500544
0.00048674
0.000493435
0.00048615
0.000486156
0.000486071
0.000485842
0.000485816
0.000496113
0.000486264
0.000487902
0.000490323
0.000490149
0.000486079
0.000485689
0.000511172
0.000494749
0.000485972
0.000485801
0.000550623
0.000486458
0.000496912
0.00048633
0.000486079
0.000493784
0.00048627
0.000488234
0.00048594
0.00048588
0.000490789
0.000487053
0.000490138
0.000502394
0.000486924
0.00048636
0.000491537
0.000486756
