#time [s]
0.001795262
0.001949471
0.001764768
0.001748961
0.001814661
0.001779447
0.0017724
0.001765987
0.001787236
0.001817967
0.001764245
0.001750025
0.001789479
0.001761689
0.001786209
0.001748916
0.001752428
0.001850863
0.00179209
0.001766813
0.001757752
0.001792893
0.001760531
0.001773514
0.001764308
0.001775516
0.001856887
0.001765103
0.001757072
0.001787815
0.001769093
0.001777886
0.001774582
0.001752084
0.001937414
0.001799326
0.001927841
0.001762189
0.001822995
0.001755717
0.001787809
0.001754257
0.001792868
0.001883424
0.001765823
0.001808083
0.001788286
0.001751947
0.001821509
0.001789349
0.001809278
0.002123758
0.001777203
0.001759865
0.00182934
0.001779569
0.001787863
0.001901179
0.001801861
0.001891691
0.001798532
0.001840127
0.001777708
0.001787913
0.001785205
0.001832889
0.001805744
0.001924579
0.001801616
0.001767555
0.001753529
0.001875134
0.001790607
0.001755277
0.001811391
0.001754918
0.001930599
0.001798786
0.00175373
0.001757201
0.001786684
0.001784338
0.001774762
0.001760654
0.00183404
0.001901605
0.001792239
0.001837202
0.001804384
0.001781092
0.001905779
0.001816574
0.001891715
0.001899196
0.001800183
0.001839407
0.001858481
0.001824807
0.0018061
0.001943669
