#time [s]
3.3651e-05
3.3506e-05
3.3529e-05
3.3506e-05
3.3494e-05
3.3518e-05
3.3496e-05
3.3485e-05
3.3488e-05
3.3492e-05
3.35e-05
3.3488e-05
3.3495e-05
3.3499e-05
3.3514e-05
3.3484e-05
3.3508e-05
3.3493e-05
3.3466e-05
3.3485e-05
3.3484e-05
3.3496e-05
3.3519e-05
3.3498e-05
3.3508e-05
3.3505e-05
3.3501e-05
3.3495e-05
3.3493e-05
3.3522e-05
3.3499e-05
3.3505e-05
3.35e-05
3.3497e-05
3.3484e-05
3.3534e-05
3.3487e-05
3.3484e-05
3.3468e-05
3.349e-05
3.3498e-05
3.3475e-05
3.3481e-05
3.3483e-05
3.3496e-05
3.3502e-05
4.0137e-05
3.3604e-05
3.3544e-05
3.3494e-05
3.3517e-05
3.3494e-05
3.3498e-05
3.3487e-05
3.3468e-05
3.3511e-05
3.3464e-05
3.3492e-05
3.3476e-05
3.3492e-05
3.3507e-05
3.3496e-05
3.3502e-05
3.3508e-05
3.3484e-05
3.3497e-05
3.3507e-05
3.3516e-05
3.3481e-05
3.351e-05
3.348e-05
3.3483e-05
3.3505e-05
3.3511e-05
3.3474e-05
3.3492e-05
3.3497e-05
3.3501e-05
3.3477e-05
3.3485e-05
3.3499e-05
3.3491e-05
3.3492e-05
3.3492e-05
3.3498e-05
3.3505e-05
3.3501e-05
3.3494e-05
3.3468e-05
3.3473e-05
3.3479e-05
3.3472e-05
3.3507e-05
3.3492e-05
3.3489e-05
3.3489e-05
3.3496e-05
3.3502e-05
3.3506e-05
3.3483e-05
