#time [s]
0.000232867
0.000215923
0.000215375
0.000222718
0.000216348
0.000215296
0.000215191
0.000215744
0.000215505
0.0002157
0.000214395
0.00021529
0.000215438
0.000214782
0.000216386
0.000215253
0.000217994
0.000219266
0.000215506
0.000215621
0.000215359
0.000227773
0.000216579
0.000214671
0.000215161
0.000215277
0.000214784
0.000215712
0.000214993
0.000217851
0.000214953
0.00021766
0.000214937
0.000220506
0.000217146
0.000218586
0.000215331
0.000215696
0.000217073
0.000226145
0.000266485
0.000220908
0.000214567
0.000213979
0.000214742
0.000215271
0.000215168
0.000214798
0.000230729
0.000214335
0.000215157
0.000215461
0.000214837
0.00021539
0.000214354
0.00021475
0.000222269
0.000216374
0.000216614
0.000215479
0.000214682
0.000217781
0.000277323
0.000240902
0.000218519
0.00021755
0.000245245
0.000214906
0.00021489
0.000214095
0.000214377
0.000213847
0.000214889
0.000214044
0.000222061
0.000215563
0.000230863
0.000215312
0.000214389
0.000214997
0.000217258
0.000213958
0.000215075
0.000214843
0.000214338
0.00021529
0.000214248
0.00021433
0.000214726
0.000218079
0.000214955
0.000214492
0.000227036
0.000225019
0.00021446
0.000215492
0.000214542
0.000215267
0.000215447
0.000217574
