#time [s]
6.765e-06
6.605e-06
6.605e-06
6.601e-06
6.602e-06
6.619e-06
6.625e-06
6.612e-06
6.578e-06
6.615e-06
6.601e-06
6.592e-06
6.611e-06
6.614e-06
6.589e-06
6.598e-06
6.596e-06
6.62e-06
6.594e-06
6.591e-06
6.605e-06
6.593e-06
6.586e-06
6.593e-06
6.612e-06
6.592e-06
6.595e-06
6.61e-06
6.6e-06
6.589e-06
6.591e-06
6.601e-06
6.604e-06
6.598e-06
6.603e-06
6.603e-06
6.599e-06
6.589e-06
6.607e-06
6.594e-06
6.592e-06
6.604e-06
6.609e-06
6.595e-06
6.583e-06
6.605e-06
6.61e-06
6.601e-06
6.592e-06
6.605e-06
6.591e-06
6.608e-06
6.609e-06
6.609e-06
6.611e-06
6.58e-06
6.597e-06
6.594e-06
6.598e-06
6.589e-06
6.704e-06
6.59e-06
6.581e-06
6.594e-06
6.605e-06
6.589e-06
6.583e-06
6.604e-06
6.603e-06
6.579e-06
6.607e-06
6.602e-06
6.588e-06
6.604e-06
6.6e-06
6.605e-06
6.589e-06
6.592e-06
6.605e-06
6.593e-06
6.583e-06
6.599e-06
6.605e-06
6.58e-06
6.587e-06
6.611e-06
6.61e-06
6.607e-06
6.618e-06
6.618e-06
6.586e-06
6.607e-06
6.602e-06
6.598e-06
6.598e-06
6.605e-06
6.604e-06
6.594e-06
6.59e-06
1.4711e-05
