#time [s]
0.005959878
0.004691816
0.00449184
0.004360666
0.004694907
0.004375757
0.004328719
0.004422444
0.00431234
0.004333584
0.004309236
0.005899097
0.00468562
0.004395518
0.004498532
0.006811579
0.004615587
0.00442596
0.004516665
0.00457478
0.004469116
0.004437853
0.004392514
0.004534602
0.00447756
0.004355722
0.004419478
0.004388959
0.00443238
0.004452626
0.004289937
0.004340506
0.004281142
0.004424371
0.004308875
0.010319288
0.004675452
0.004526931
0.004515879
0.004390604
0.004352028
0.004625192
0.00427613
0.004290955
0.004743528
0.004317994
0.004645081
0.004576977
0.005048761
0.006026307
0.00539179
0.005047172
0.004741537
0.004979278
0.00482453
0.004849167
0.004870732
0.004402229
0.004630787
0.004333349
0.004478383
0.004453369
0.004323045
0.004437467
0.004309299
0.004319201
0.004278875
0.004280495
0.004272501
0.004305898
0.004376752
0.004272085
0.004327462
0.004940206
0.004367726
0.004304534
0.004300069
0.004315943
0.004280598
0.004313161
0.004770022
0.004524467
0.004823193
0.004593454
0.004353233
0.00458258
0.004412351
0.00438174
0.004344236
0.004315774
0.004306852
0.00432823
0.00430585
0.004462567
0.004402897
0.004501775
0.004738445
0.00470119
0.004375289
0.004663642
