#time [s]
3.646e-06
3.643e-06
3.613e-06
3.612e-06
3.6e-06
3.58e-06
3.577e-06
3.583e-06
3.581e-06
3.592e-06
3.582e-06
3.579e-06
3.577e-06
3.575e-06
3.583e-06
3.587e-06
3.588e-06
3.589e-06
3.584e-06
3.576e-06
3.579e-06
3.584e-06
3.584e-06
3.59e-06
3.587e-06
3.581e-06
3.579e-06
3.578e-06
3.58e-06
3.587e-06
3.591e-06
3.585e-06
3.585e-06
3.58e-06
3.574e-06
3.581e-06
3.587e-06
3.588e-06
3.59e-06
3.585e-06
3.577e-06
3.577e-06
3.581e-06
3.582e-06
3.586e-06
3.591e-06
3.577e-06
3.58e-06
3.578e-06
3.579e-06
3.584e-06
3.589e-06
3.587e-06
3.585e-06
3.581e-06
3.574e-06
3.581e-06
3.586e-06
3.587e-06
3.59e-06
3.587e-06
3.579e-06
3.577e-06
3.581e-06
3.582e-06
3.589e-06
3.591e-06
3.583e-06
3.582e-06
3.577e-06
3.576e-06
3.584e-06
3.588e-06
3.588e-06
3.588e-06
3.582e-06
3.574e-06
3.58e-06
3.583e-06
3.585e-06
3.592e-06
3.584e-06
3.581e-06
3.578e-06
3.579e-06
3.58e-06
3.589e-06
3.592e-06
3.585e-06
3.583e-06
3.578e-06
3.575e-06
3.584e-06
3.588e-06
3.589e-06
3.588e-06
3.585e-06
3.577e-06
3.577e-06
3.582e-06
