#time [s]
3.1747e-05
3.1596e-05
3.158e-05
3.1597e-05
3.1569e-05
5.522e-05
3.1669e-05
3.1627e-05
3.1633e-05
3.1609e-05
3.1584e-05
3.1589e-05
3.1582e-05
3.1575e-05
3.1576e-05
3.1569e-05
3.1567e-05
3.1574e-05
3.1576e-05
3.1572e-05
3.157e-05
3.1575e-05
3.1576e-05
3.1579e-05
3.1576e-05
3.1568e-05
3.1577e-05
3.1568e-05
3.1584e-05
3.157e-05
3.1573e-05
3.1579e-05
3.157e-05
3.1568e-05
3.1567e-05
3.1572e-05
3.1578e-05
3.1586e-05
3.1577e-05
3.1631e-05
3.1585e-05
3.157e-05
3.1571e-05
3.1569e-05
3.1589e-05
3.1572e-05
3.1571e-05
3.1603e-05
3.1576e-05
3.1578e-05
3.158e-05
3.158e-05
3.1573e-05
3.1578e-05
3.1592e-05
3.1601e-05
3.1587e-05
3.1575e-05
3.1582e-05
3.1584e-05
3.1567e-05
3.1569e-05
3.1587e-05
3.1569e-05
3.1583e-05
3.1575e-05
3.1566e-05
3.1588e-05
3.1576e-05
3.1581e-05
3.1577e-05
3.1579e-05
3.1589e-05
3.1599e-05
3.1577e-05
3.1578e-05
3.1588e-05
3.1587e-05
3.1593e-05
3.1572e-05
3.1578e-05
3.1564e-05
3.1577e-05
3.1583e-05
3.1568e-05
3.1579e-05
3.1572e-05
3.1595e-05
3.1591e-05
3.1574e-05
3.1575e-05
3.157e-05
3.1568e-05
3.1589e-05
3.1599e-05
3.158e-05
3.1588e-05
3.1569e-05
3.1569e-05
3.1608e-05
