#time [s]
0.001741288
0.001463319
0.001494542
0.001456202
0.001458351
0.001483756
0.001471115
0.001466934
0.001460111
0.001930196
0.001581261
0.001463073
0.001456278
0.001482784
0.001463926
0.001458707
0.001492687
0.001470437
0.00151713
0.001926832
0.001480313
0.001464781
0.001454928
0.001470626
0.00145887
0.001456847
0.0014788
0.001465386
0.001593431
0.001461801
0.001464358
0.001641398
0.001636137
0.001478592
0.001459289
0.001456762
0.001488177
0.001541005
0.001655654
0.001480572
0.00146013
0.001702361
0.001460091
0.001464545
0.00145643
0.001459557
0.001488348
0.001538383
0.001477058
0.001460503
0.001463063
0.001471835
0.001622682
0.001499598
0.001456281
0.00148369
0.001488033
0.001460106
0.001489742
0.001515603
0.001476055
0.001465115
0.001601393
0.001471331
0.001461214
0.001462515
0.001489334
0.001461321
0.001478955
0.001457524
0.001459704
0.001610361
0.001490488
0.00146641
0.001462184
0.001467012
0.001480185
0.001461625
0.00146696
0.001484656
0.00146279
0.001471606
0.001485636
0.001495049
0.001473913
0.001485372
0.001476532
0.001461005
0.001531513
0.001470699
0.001459327
0.001474147
0.001555275
0.00152423
0.001518815
0.00145912
0.001482769
0.001459764
0.001471564
0.001470314
