#time [s]
3.9948e-05
3.985e-05
3.9848e-05
3.9822e-05
3.9834e-05
3.9823e-05
3.9829e-05
3.9851e-05
3.9814e-05
3.9855e-05
3.9818e-05
3.9818e-05
3.9827e-05
3.9813e-05
3.9841e-05
3.9811e-05
3.9839e-05
3.9832e-05
3.9827e-05
3.9843e-05
3.9816e-05
3.9832e-05
3.9831e-05
3.9819e-05
3.9826e-05
3.9817e-05
3.9858e-05
3.9815e-05
3.9834e-05
3.9838e-05
3.9811e-05
3.9846e-05
3.9815e-05
3.9838e-05
3.9834e-05
3.9813e-05
3.9847e-05
3.9811e-05
3.9853e-05
3.9815e-05
3.9811e-05
3.9858e-05
3.9818e-05
3.9843e-05
3.9821e-05
3.9832e-05
3.983e-05
3.9818e-05
3.9848e-05
3.9834e-05
3.9828e-05
4.6465e-05
3.9926e-05
3.9878e-05
3.9847e-05
3.9865e-05
3.9833e-05
3.9844e-05
3.9832e-05
3.9823e-05
3.9841e-05
3.9815e-05
3.9852e-05
3.982e-05
3.9828e-05
3.9833e-05
3.9808e-05
3.9841e-05
3.9825e-05
3.9825e-05
3.9843e-05
3.9822e-05
3.9837e-05
3.9809e-05
3.9844e-05
3.9839e-05
3.982e-05
3.9835e-05
3.9823e-05
3.9832e-05
3.9835e-05
3.9809e-05
4.002e-05
4.0008e-05
3.9842e-05
3.9816e-05
3.984e-05
3.9828e-05
3.9813e-05
3.9829e-05
3.9808e-05
3.9837e-05
3.9826e-05
3.9816e-05
3.9835e-05
3.9817e-05
3.9837e-05
3.9817e-05
3.9831e-05
3.9826e-05
