#time [s]
8.7566e-05
8.754e-05
8.7551e-05
8.7534e-05
8.7548e-05
8.7528e-05
8.7531e-05
8.7523e-05
8.7543e-05
8.7514e-05
8.754e-05
8.7527e-05
8.7538e-05
9.6942e-05
8.7634e-05
8.759e-05
8.758e-05
8.7552e-05
8.7549e-05
8.7532e-05
8.7557e-05
8.754e-05
8.7534e-05
8.7553e-05
8.7531e-05
8.7523e-05
8.751e-05
8.7533e-05
8.7536e-05
8.7538e-05
8.7536e-05
8.7522e-05
8.756e-05
8.756e-05
8.7529e-05
8.7521e-05
8.7553e-05
8.7526e-05
8.7523e-05
8.7522e-05
8.7541e-05
8.7529e-05
8.7545e-05
8.7535e-05
8.7534e-05
8.7528e-05
8.7525e-05
8.7526e-05
8.7539e-05
8.761e-05
8.7529e-05
8.7548e-05
8.7551e-05
8.7553e-05
8.7526e-05
8.7545e-05
8.7515e-05
9.4115e-05
8.7634e-05
8.7613e-05
8.7582e-05
8.7595e-05
8.7519e-05
8.7541e-05
8.7527e-05
8.7514e-05
8.7516e-05
8.7526e-05
8.7531e-05
8.7539e-05
8.7548e-05
8.7558e-05
8.7527e-05
8.7544e-05
8.7516e-05
8.7513e-05
8.7532e-05
8.7538e-05
8.7549e-05
8.7548e-05
8.7544e-05
8.7541e-05
8.7551e-05
8.7537e-05
8.7524e-05
8.7531e-05
8.7513e-05
8.7528e-05
8.7527e-05
8.7543e-05
8.7541e-05
8.7534e-05
8.7536e-05
8.7533e-05
8.752e-05
8.7522e-05
8.7536e-05
8.7529e-05
8.7532e-05
8.751e-05
