#time [s]
1.7517e-05
1.7401e-05
1.7365e-05
1.7371e-05
1.7394e-05
1.7369e-05
1.7347e-05
1.735e-05
1.7331e-05
1.7409e-05
1.7401e-05
1.7333e-05
1.7311e-05
1.7355e-05
1.7338e-05
1.7351e-05
1.7384e-05
1.7345e-05
1.7344e-05
1.7376e-05
1.7369e-05
1.7426e-05
1.7363e-05
1.737e-05
1.7339e-05
1.7377e-05
1.7374e-05
1.7345e-05
1.7355e-05
1.7359e-05
1.7339e-05
1.7357e-05
1.7349e-05
1.7338e-05
1.7392e-05
1.7349e-05
1.7327e-05
1.7366e-05
1.735e-05
1.7326e-05
1.7359e-05
1.7345e-05
1.7343e-05
1.7353e-05
1.7361e-05
1.7333e-05
1.7355e-05
1.7369e-05
1.732e-05
1.7389e-05
1.7353e-05
1.733e-05
1.7355e-05
1.7359e-05
1.7322e-05
1.7365e-05
1.7357e-05
1.7342e-05
2.723e-05
1.7466e-05
1.7399e-05
1.7373e-05
1.7384e-05
1.7345e-05
1.7345e-05
1.7337e-05
1.7366e-05
1.7323e-05
1.7345e-05
1.7347e-05
1.7325e-05
1.7334e-05
1.7342e-05
1.7314e-05
1.7362e-05
1.7339e-05
1.7328e-05
1.7327e-05
1.7346e-05
1.7327e-05
1.733e-05
1.7363e-05
1.7306e-05
1.7347e-05
1.7378e-05
1.7321e-05
1.7319e-05
1.7346e-05
1.7316e-05
1.7327e-05
1.7389e-05
1.7298e-05
1.7335e-05
1.7342e-05
1.7325e-05
1.7346e-05
1.7329e-05
1.7322e-05
1.733e-05
1.7349e-05
