#time [s]
0.001249294
0.001240983
0.001240764
0.001252907
0.001310134
0.00126703
0.001296186
0.001238859
0.001239669
0.001242893
0.001257956
0.001242316
0.001243298
0.001271117
0.001238537
0.001242074
0.001251697
0.00133205
0.001299822
0.001247703
0.001240018
0.001244112
0.001258126
0.001245698
0.001241534
0.001253112
0.001244615
0.001241512
0.001252782
0.00132436
0.001271797
0.001247074
0.001240789
0.001245274
0.001256143
0.001245599
0.001247755
0.001266187
0.001244198
0.001248291
0.001254512
0.00124837
0.001331566
0.001275114
0.001238666
0.001242018
0.001256239
0.001246299
0.001289223
0.001251749
0.00124279
0.001267814
0.001241342
0.001243466
0.001353873
0.001266394
0.00123889
0.001240647
0.001295539
0.001319475
0.001320377
0.001301691
0.001305416
0.001300207
0.001305419
0.001321272
0.001413612
0.001320964
0.001310106
0.001300497
0.001299059
0.001302108
0.001317444
0.001327865
0.00133244
0.001321159
0.001320567
0.001360558
0.001329364
0.001302071
0.001308465
0.001302958
0.001312909
0.00132432
0.001300025
0.001285141
0.001311792
0.001301812
0.001301369
0.001352782
0.0012996
0.001327872
0.001306262
0.001287928
0.001238415
0.001257063
0.001243205
0.001262813
0.001247746
0.001239756
