#time [s]
3.761e-06
3.719e-06
3.706e-06
3.697e-06
3.684e-06
3.655e-06
3.642e-06
3.659e-06
3.666e-06
3.658e-06
3.661e-06
3.659e-06
3.65e-06
3.655e-06
3.66e-06
3.666e-06
3.665e-06
3.658e-06
3.659e-06
3.653e-06
3.66e-06
3.663e-06
3.653e-06
3.645e-06
3.659e-06
3.657e-06
3.659e-06
3.647e-06
3.652e-06
3.664e-06
3.663e-06
3.653e-06
3.653e-06
3.659e-06
3.667e-06
3.667e-06
3.661e-06
3.646e-06
3.652e-06
3.644e-06
3.661e-06
3.665e-06
3.663e-06
3.66e-06
3.653e-06
3.651e-06
3.658e-06
3.662e-06
3.653e-06
3.662e-06
3.643e-06
3.654e-06
3.641e-06
3.662e-06
3.665e-06
3.668e-06
3.66e-06
3.657e-06
3.652e-06
3.658e-06
3.663e-06
3.654e-06
3.662e-06
3.645e-06
3.653e-06
3.654e-06
3.658e-06
3.664e-06
3.663e-06
3.66e-06
3.655e-06
3.653e-06
3.657e-06
3.661e-06
3.653e-06
3.664e-06
3.644e-06
3.654e-06
3.654e-06
3.663e-06
3.665e-06
3.669e-06
3.662e-06
3.657e-06
3.652e-06
3.644e-06
3.661e-06
3.654e-06
3.663e-06
3.658e-06
3.653e-06
3.655e-06
3.658e-06
3.664e-06
3.666e-06
3.65e-06
3.652e-06
3.651e-06
3.64e-06
3.646e-06
