#time [s]
2.426e-06
2.355e-06
2.336e-06
2.34e-06
2.331e-06
2.312e-06
2.303e-06
2.303e-06
2.305e-06
2.303e-06
2.3e-06
2.305e-06
2.31e-06
2.303e-06
2.303e-06
2.312e-06
2.303e-06
2.3e-06
2.298e-06
2.301e-06
2.3e-06
2.298e-06
2.296e-06
2.304e-06
2.303e-06
2.307e-06
2.303e-06
2.304e-06
2.304e-06
2.3e-06
2.296e-06
2.297e-06
2.293e-06
2.301e-06
2.297e-06
2.301e-06
2.304e-06
2.308e-06
2.302e-06
2.306e-06
2.302e-06
2.303e-06
2.299e-06
2.296e-06
2.298e-06
2.298e-06
2.299e-06
2.303e-06
2.301e-06
2.304e-06
2.301e-06
2.305e-06
2.302e-06
2.302e-06
2.297e-06
2.3e-06
2.299e-06
2.303e-06
2.298e-06
2.303e-06
2.307e-06
2.303e-06
2.305e-06
2.301e-06
2.296e-06
2.301e-06
2.293e-06
2.3e-06
2.3e-06
2.304e-06
2.301e-06
2.307e-06
2.303e-06
2.305e-06
2.303e-06
2.297e-06
2.3e-06
2.294e-06
2.294e-06
2.298e-06
2.296e-06
2.305e-06
2.306e-06
2.308e-06
2.305e-06
2.305e-06
2.302e-06
2.301e-06
2.294e-06
2.3e-06
2.299e-06
2.299e-06
2.303e-06
2.303e-06
2.302e-06
2.303e-06
2.3e-06
2.304e-06
2.3e-06
2.3e-06
