#time [s]
0.001777701
0.001774712
0.001818692
0.001966876
0.00176737
0.001800817
0.002060567
0.001803869
0.001842172
0.001778832
0.00180055
0.001783219
0.001815006
0.002064831
0.001765952
0.001787381
0.001837631
0.001857146
0.001796491
0.001796756
0.001897465
0.001779448
0.001793649
0.001838424
0.001766425
0.00181553
0.001781939
0.002017962
0.001799036
0.001779803
0.001826668
0.001790028
0.001816832
0.001758871
0.001920912
0.001823161
0.001795265
0.001814179
0.001775546
0.001815146
0.001804018
0.0018911
0.001811352
0.001766153
0.00182049
0.001771174
0.001815107
0.00177864
0.001847371
0.001861074
0.001767273
0.001771333
0.001937197
0.001840283
0.001798699
0.001808323
0.001856549
0.001774782
0.001811822
0.001794018
0.001833038
0.001811917
0.001809168
0.001874697
0.001801807
0.001775215
0.001826491
0.001815305
0.001831024
0.001848728
0.001934175
0.001788192
0.001780215
0.001835343
0.0017829
0.001834753
0.001792081
0.001948736
0.001763898
0.001767392
0.001832767
0.001806541
0.001825083
0.001788373
0.001924144
0.0018584
0.001804441
0.001855928
0.001800736
0.001780037
0.00176363
0.001791802
0.001864303
0.001768385
0.001841194
0.001803931
0.001756016
0.001762717
0.001832655
0.001846748
