#time [s]
6.8483e-05
6.8486e-05
6.8401e-05
6.8429e-05
6.849e-05
6.8526e-05
6.8462e-05
6.8479e-05
6.8377e-05
6.8427e-05
6.8517e-05
6.8446e-05
8.8035e-05
6.8705e-05
6.844e-05
6.8507e-05
6.8416e-05
6.8506e-05
7.5263e-05
6.8625e-05
6.8594e-05
6.8489e-05
6.8403e-05
6.8446e-05
6.8459e-05
6.8483e-05
6.8451e-05
6.8463e-05
6.8476e-05
6.8501e-05
6.8442e-05
6.8489e-05
6.8467e-05
6.8477e-05
6.8367e-05
6.8461e-05
6.8458e-05
0.000126195
0.000106186
6.959e-05
6.8399e-05
6.8454e-05
6.8487e-05
6.8498e-05
6.8445e-05
6.8453e-05
6.8413e-05
6.8466e-05
6.8452e-05
6.844e-05
6.8455e-05
6.8468e-05
6.8483e-05
6.8436e-05
7.9189e-05
6.8464e-05
6.8509e-05
6.8512e-05
6.8373e-05
6.8499e-05
6.8436e-05
6.8472e-05
6.844e-05
6.8452e-05
7.4654e-05
6.8585e-05
6.8497e-05
6.8471e-05
6.8619e-05
6.8523e-05
6.8475e-05
6.8452e-05
6.8506e-05
6.8501e-05
6.8544e-05
6.848e-05
6.843e-05
6.8488e-05
6.8448e-05
6.8444e-05
6.8441e-05
6.8485e-05
6.8432e-05
6.8591e-05
6.8457e-05
6.8682e-05
6.8489e-05
6.8415e-05
6.8383e-05
6.8644e-05
6.8438e-05
6.843e-05
6.8445e-05
6.8452e-05
6.85e-05
6.845e-05
6.8475e-05
6.8462e-05
6.8484e-05
6.8408e-05
