#time [s]
6.867e-06
6.921e-06
6.871e-06
6.868e-06
6.848e-06
6.827e-06
6.691e-06
6.676e-06
6.668e-06
6.674e-06
6.691e-06
6.671e-06
6.672e-06
6.69e-06
6.685e-06
6.662e-06
6.678e-06
6.687e-06
6.673e-06
6.669e-06
6.688e-06
6.686e-06
6.67e-06
6.675e-06
6.695e-06
6.675e-06
6.665e-06
6.686e-06
6.686e-06
6.67e-06
6.669e-06
6.686e-06
6.681e-06
6.662e-06
6.68e-06
6.683e-06
6.67e-06
6.67e-06
6.69e-06
6.681e-06
6.667e-06
6.683e-06
6.685e-06
6.668e-06
6.676e-06
6.685e-06
6.677e-06
6.665e-06
6.67e-06
6.683e-06
6.669e-06
6.665e-06
6.689e-06
6.686e-06
6.664e-06
6.669e-06
6.685e-06
6.672e-06
6.667e-06
6.68e-06
6.689e-06
6.668e-06
6.674e-06
6.688e-06
6.679e-06
6.664e-06
6.675e-06
6.685e-06
6.67e-06
6.662e-06
6.691e-06
6.675e-06
6.665e-06
2.9853e-05
7.02e-06
6.727e-06
6.693e-06
6.828e-06
6.84e-06
6.68e-06
6.671e-06
6.672e-06
6.687e-06
6.671e-06
6.822e-06
6.687e-06
6.674e-06
6.662e-06
6.674e-06
6.684e-06
6.667e-06
6.666e-06
6.684e-06
6.843e-06
6.661e-06
6.675e-06
6.708e-06
6.668e-06
6.662e-06
6.678e-06
