#time [s]
1.463e-06
1.392e-06
1.398e-06
1.384e-06
1.377e-06
1.37e-06
1.369e-06
1.368e-06
1.355e-06
1.351e-06
1.354e-06
1.36e-06
1.356e-06
1.357e-06
1.371e-06
1.376e-06
1.368e-06
1.351e-06
1.363e-06
1.363e-06
1.355e-06
1.355e-06
1.355e-06
1.349e-06
1.346e-06
1.35e-06
1.355e-06
1.381e-06
1.35e-06
1.354e-06
1.353e-06
1.356e-06
1.361e-06
1.359e-06
1.381e-06
1.36e-06
1.36e-06
1.384e-06
1.357e-06
1.354e-06
1.355e-06
1.356e-06
1.353e-06
1.355e-06
1.355e-06
1.351e-06
1.379e-06
1.36e-06
1.352e-06
1.355e-06
1.356e-06
1.371e-06
1.354e-06
1.369e-06
1.355e-06
1.359e-06
1.363e-06
1.358e-06
1.371e-06
1.36e-06
1.359e-06
1.358e-06
1.35e-06
1.352e-06
1.356e-06
1.357e-06
1.353e-06
1.357e-06
1.358e-06
1.368e-06
1.354e-06
1.353e-06
1.356e-06
1.364e-06
1.356e-06
1.364e-06
1.353e-06
1.374e-06
1.366e-06
1.359e-06
1.352e-06
1.358e-06
1.353e-06
1.356e-06
1.363e-06
1.352e-06
1.359e-06
1.35e-06
1.356e-06
1.366e-06
1.361e-06
1.362e-06
1.365e-06
1.356e-06
1.371e-06
1.359e-06
1.36e-06
1.359e-06
1.367e-06
1.36e-06
