#time [s]
0.003179375
0.003213964
0.003315275
0.003184392
0.00312066
0.003143385
0.003079733
0.003122831
0.003104516
0.003271612
0.003112626
0.003123582
0.003118729
0.003054879
0.003266667
0.003074904
0.003156339
0.003133587
0.003280476
0.003175344
0.003117989
0.003133433
0.003056762
0.003286265
0.00311514
0.003165817
0.003117742
0.00333267
0.003277619
0.003298822
0.003242283
0.003099054
0.003216711
0.003144105
0.003117476
0.00313523
0.003317411
0.00305588
0.003080241
0.003110017
0.00320074
0.003075155
0.003098994
0.003115905
0.00315954
0.003105948
0.003060292
0.003084161
0.003103729
0.003258904
0.003073665
0.00312634
0.003182917
0.003212645
0.003137798
0.003166679
0.003106831
0.003107602
0.00326919
0.003111758
0.003120147
0.003154652
0.003266962
0.003122946
0.003073037
0.003068415
0.003270448
0.003079833
0.003154118
0.003114951
0.003388903
0.003089168
0.00311055
0.003143712
0.003076242
0.00309803
0.003054775
0.003175602
0.003113753
0.003306221
0.003071296
0.003132321
0.00311658
0.003370924
0.003115344
0.003110942
0.003119246
0.003072878
0.003307168
0.003078063
0.003153903
0.003114266
0.003323726
0.003066239
0.003124024
0.003115935
0.00314523
0.003542702
0.003144792
0.003098861
