#time [s]
0.000110477
0.000110394
0.000110359
0.000110349
0.000110326
0.000110313
0.000110349
0.000110328
0.000110325
0.000110355
0.000110353
0.000110346
0.00011036
0.000110336
0.000110316
0.000110326
0.000110319
0.000119599
0.00011043
0.000110359
0.000110361
0.000110333
0.00011037
0.000110361
0.000110363
0.000110372
0.000110368
0.000110334
0.000110344
0.00011033
0.000110341
0.000110354
0.000110371
0.000110377
0.000110355
0.000110369
0.000110385
0.000110341
0.000110344
0.000110328
0.00011033
0.000110348
0.000110353
0.000110378
0.000110359
0.000110328
0.000110364
0.000110364
0.000110346
0.000110326
0.000110347
0.000110343
0.000110364
0.000110362
0.000116919
0.000110478
0.000110399
0.000110414
0.000110355
0.000110368
0.000110325
0.000110332
0.000110341
0.000110337
0.000110339
0.000110375
0.000110366
0.000110348
0.00011036
0.000110328
0.000110332
0.000110314
0.000110331
0.000110355
0.000110349
0.000110377
0.000110377
0.000110373
0.000110379
0.000110353
0.000110344
0.000110306
0.000110345
0.00011033
0.000110358
0.000110371
0.00011037
0.000110359
0.000110629
0.000110368
0.000110345
0.000116938
0.000110409
0.000118354
0.000110447
0.000110404
0.00011033
0.000110353
0.000110299
0.000110343
