#time [s]
4.6891e-05
4.5998e-05
4.5857e-05
4.5932e-05
4.5908e-05
4.5841e-05
4.5813e-05
4.5856e-05
4.588e-05
4.5802e-05
4.5892e-05
4.5872e-05
4.592e-05
4.5798e-05
4.5845e-05
4.5884e-05
4.5795e-05
4.5867e-05
4.581e-05
4.5852e-05
4.5864e-05
4.5827e-05
4.5866e-05
4.5823e-05
4.5873e-05
4.5803e-05
4.5873e-05
4.5838e-05
4.5812e-05
4.586e-05
4.5848e-05
4.5872e-05
4.5856e-05
4.5884e-05
4.5858e-05
4.5786e-05
4.5832e-05
4.5857e-05
4.5909e-05
4.5867e-05
4.5852e-05
4.584e-05
4.59e-05
4.5881e-05
4.5864e-05
4.5843e-05
4.583e-05
4.582e-05
4.5785e-05
4.5861e-05
4.5838e-05
4.5923e-05
4.5854e-05
4.5846e-05
4.5836e-05
4.5849e-05
4.5838e-05
4.5822e-05
4.5885e-05
4.5851e-05
4.5875e-05
4.5885e-05
5.2577e-05
4.6023e-05
4.5906e-05
4.5891e-05
4.5883e-05
4.5794e-05
4.5892e-05
4.5847e-05
4.5885e-05
4.5772e-05
4.5863e-05
4.5759e-05
4.586e-05
4.5867e-05
4.5871e-05
4.5825e-05
4.5787e-05
4.5968e-05
4.5857e-05
4.5836e-05
4.5852e-05
4.5867e-05
4.6077e-05
4.5825e-05
4.5878e-05
4.5866e-05
4.59e-05
4.5859e-05
4.5847e-05
4.5906e-05
4.5836e-05
4.5865e-05
4.5877e-05
4.5886e-05
4.582e-05
4.588e-05
4.5849e-05
4.5815e-05
