#time [s]
0.000596558
0.000560999
0.000570003
0.000598078
0.000560235
0.000560849
0.0005603
0.000590688
0.000560326
0.000568469
0.000559832
0.000559643
0.000560821
0.000559671
0.000560017
0.000559476
0.00057644
0.000560511
0.000561949
0.000584011
0.000559794
0.000559294
0.000559188
0.000568307
0.00055937
0.000559407
0.000559382
0.000559248
0.000559331
0.000559895
0.000559335
0.00059047
0.000559852
0.000636288
0.000596127
0.000593889
0.000559648
0.000559387
0.000567495
0.000560043
0.000559209
0.000559504
0.000559301
0.000559803
0.000562471
0.000559252
0.000579545
0.000606822
0.00056288
0.000559361
0.000559436
0.000559365
0.000559207
0.000570271
0.000560101
0.000560987
0.000559452
0.000563416
0.000559395
0.000559278
0.000568875
0.000562459
0.000614455
0.000616336
0.000587652
0.00055957
0.000559327
0.000567131
0.000559751
0.000561307
0.000559235
0.000559283
0.000559289
0.000559211
0.000587398
0.00056044
0.000559786
0.000561459
0.000559447
0.000563458
0.00056348
0.000577305
0.000568839
0.000559618
0.000559271
0.000560764
0.000559528
0.000560862
0.000559229
0.000571556
0.000559863
0.000667035
0.000559576
0.000559291
0.000589368
0.000559579
0.000567487
0.000616223
0.000560255
0.000559425
