#time [s]
6.394e-06
6.289e-06
6.306e-06
6.354e-06
6.334e-06
6.277e-06
6.331e-06
6.344e-06
6.351e-06
6.336e-06
6.333e-06
6.337e-06
6.354e-06
6.342e-06
6.337e-06
6.276e-06
6.347e-06
6.35e-06
6.344e-06
6.268e-06
6.34e-06
6.288e-06
6.359e-06
6.345e-06
6.341e-06
6.346e-06
6.362e-06
6.351e-06
6.328e-06
6.344e-06
6.322e-06
6.351e-06
6.353e-06
6.332e-06
6.357e-06
6.354e-06
6.354e-06
6.277e-06
6.336e-06
6.342e-06
6.354e-06
6.335e-06
6.333e-06
6.335e-06
6.354e-06
6.284e-06
6.337e-06
6.275e-06
6.355e-06
6.361e-06
6.351e-06
6.333e-06
6.335e-06
6.359e-06
6.36e-06
6.333e-06
6.327e-06
6.34e-06
6.35e-06
6.339e-06
6.333e-06
6.331e-06
6.352e-06
6.347e-06
6.34e-06
6.326e-06
6.343e-06
6.348e-06
6.347e-06
6.27e-06
6.336e-06
6.29e-06
6.362e-06
6.343e-06
6.339e-06
6.342e-06
6.35e-06
6.356e-06
6.346e-06
6.34e-06
6.341e-06
6.351e-06
6.339e-06
6.326e-06
6.335e-06
6.294e-06
6.35e-06
6.281e-06
6.333e-06
6.339e-06
6.356e-06
6.34e-06
6.333e-06
6.274e-06
6.349e-06
6.36e-06
6.349e-06
6.338e-06
6.352e-06
6.36e-06
