#time [s]
1.3253e-05
1.3078e-05
1.3095e-05
1.3049e-05
1.3085e-05
1.3054e-05
1.308e-05
1.3024e-05
1.3075e-05
1.3049e-05
1.306e-05
1.3043e-05
1.3052e-05
1.3058e-05
1.3068e-05
1.3052e-05
1.304e-05
1.3035e-05
1.3055e-05
1.3051e-05
1.3057e-05
1.3047e-05
1.3045e-05
1.305e-05
1.3047e-05
1.3048e-05
1.3049e-05
1.305e-05
1.3053e-05
2.2123e-05
1.3192e-05
1.313e-05
1.3076e-05
1.3079e-05
1.3852e-05
2.4703e-05
2.2926e-05
1.3211e-05
1.3107e-05
1.3083e-05
1.3066e-05
1.3085e-05
1.304e-05
1.3094e-05
1.3045e-05
1.3092e-05
2.0833e-05
1.3209e-05
1.3122e-05
1.31e-05
1.3072e-05
1.3024e-05
1.3056e-05
2.059e-05
1.3218e-05
1.3089e-05
1.3109e-05
1.3064e-05
1.3063e-05
1.3052e-05
1.3074e-05
1.305e-05
1.3074e-05
1.303e-05
1.3072e-05
1.3037e-05
1.3072e-05
1.3045e-05
1.3052e-05
1.3041e-05
1.3067e-05
1.3041e-05
1.3061e-05
1.3039e-05
1.3052e-05
1.3055e-05
1.3053e-05
1.304e-05
1.3057e-05
1.3052e-05
1.3063e-05
1.3039e-05
2.0897e-05
1.3231e-05
1.3071e-05
1.3102e-05
1.3055e-05
1.3077e-05
1.3025e-05
1.3078e-05
1.3073e-05
1.3069e-05
1.3034e-05
1.3071e-05
1.3041e-05
1.3077e-05
1.3038e-05
1.3074e-05
1.3037e-05
1.307e-05
