#time [s]
3.0315e-05
3.0194e-05
3.0163e-05
3.0189e-05
3.0164e-05
3.0127e-05
3.0094e-05
3.0192e-05
3.0149e-05
3.0183e-05
3.0176e-05
3.0099e-05
3.0173e-05
3.0169e-05
3.017e-05
3.0172e-05
3.0122e-05
3.0159e-05
3.0144e-05
3.0113e-05
3.0106e-05
3.0152e-05
3.0143e-05
3.0148e-05
3.0138e-05
3.0161e-05
3.0162e-05
3.0175e-05
3.0181e-05
3.0157e-05
3.017e-05
3.0161e-05
3.0167e-05
3.0161e-05
3.0152e-05
3.0154e-05
3.0153e-05
3.0144e-05
3.018e-05
3.0172e-05
3.0166e-05
3.0134e-05
3.0127e-05
3.0131e-05
3.0187e-05
3.0184e-05
3.0155e-05
3.0148e-05
3.0134e-05
3.0129e-05
3.0137e-05
3.0159e-05
3.0148e-05
3.0146e-05
3.0135e-05
3.0151e-05
3.0177e-05
3.0173e-05
3.0148e-05
3.0152e-05
3.0149e-05
3.6794e-05
3.0329e-05
3.0228e-05
3.0217e-05
3.0228e-05
3.015e-05
3.0126e-05
3.0167e-05
3.0191e-05
3.0187e-05
3.0144e-05
3.0189e-05
3.02e-05
3.0153e-05
3.018e-05
3.0189e-05
3.016e-05
3.0143e-05
3.0178e-05
3.0138e-05
3.0104e-05
3.0166e-05
3.0136e-05
3.0146e-05
3.0106e-05
3.0167e-05
3.0153e-05
3.0175e-05
3.0185e-05
3.0139e-05
3.0154e-05
3.0115e-05
3.0152e-05
3.0161e-05
3.0123e-05
3.0162e-05
3.0129e-05
3.0161e-05
3.0123e-05
