#time [s]
2.267e-06
2.246e-06
2.22e-06
2.238e-06
2.237e-06
2.234e-06
2.232e-06
2.23e-06
2.23e-06
2.243e-06
2.231e-06
2.233e-06
2.235e-06
2.237e-06
2.222e-06
2.223e-06
2.231e-06
2.23e-06
2.224e-06
2.223e-06
2.225e-06
2.226e-06
2.213e-06
2.215e-06
2.233e-06
2.232e-06
2.217e-06
2.227e-06
2.224e-06
2.221e-06
2.222e-06
2.226e-06
2.227e-06
2.218e-06
2.215e-06
2.233e-06
2.215e-06
2.226e-06
2.212e-06
2.213e-06
2.224e-06
2.222e-06
2.224e-06
2.212e-06
2.215e-06
2.236e-06
2.264e-06
2.229e-06
2.211e-06
2.21e-06
2.225e-06
2.224e-06
2.225e-06
2.216e-06
2.217e-06
2.231e-06
2.218e-06
2.23e-06
2.228e-06
2.215e-06
2.213e-06
2.223e-06
2.222e-06
2.21e-06
2.212e-06
2.234e-06
2.217e-06
2.231e-06
2.228e-06
2.211e-06
2.225e-06
2.223e-06
2.223e-06
2.213e-06
2.226e-06
2.227e-06
2.229e-06
2.23e-06
2.231e-06
2.216e-06
2.215e-06
2.225e-06
2.221e-06
2.208e-06
2.224e-06
2.212e-06
2.217e-06
2.233e-06
2.231e-06
2.215e-06
2.213e-06
2.227e-06
2.212e-06
2.21e-06
2.227e-06
2.209e-06
2.226e-06
2.214e-06
2.216e-06
2.236e-06
