#time [s]
1.017e-06
9.19e-07
9.01e-07
9.03e-07
9.03e-07
8.99e-07
9e-07
8.99e-07
8.99e-07
8.99e-07
9.03e-07
9e-07
9.01e-07
9.02e-07
8.99e-07
9.03e-07
9.04e-07
9.2e-07
9.34e-07
9.02e-07
9.18e-07
9.02e-07
9.01e-07
9.04e-07
9.02e-07
9.17e-07
9.17e-07
9.16e-07
9.15e-07
9.02e-07
9.13e-07
9.14e-07
8.97e-07
9.14e-07
9.14e-07
8.99e-07
9.14e-07
9.14e-07
9.01e-07
9.14e-07
9.14e-07
9.02e-07
9.17e-07
9.16e-07
9.04e-07
9.03e-07
9.16e-07
9.04e-07
9.03e-07
9.01e-07
9.03e-07
9.3e-07
8.586e-06
9.99e-07
9.4e-07
9.59e-07
9.52e-07
9.31e-07
9.3e-07
9.19e-07
9.08e-07
9.15e-07
9.08e-07
1.214e-06
9.77e-07
9.6e-07
9.86e-07
9.7e-07
9.87e-07
9.89e-07
1.065e-06
9.89e-07
1.009e-06
1.004e-06
9.66e-07
9.66e-07
1.225e-06
1.075e-06
1.028e-06
1.01e-06
1.016e-06
1.007e-06
9.66e-07
1.022e-06
9.67e-07
9.46e-07
9.37e-07
9.38e-07
9.39e-07
9.2e-07
9.18e-07
9.22e-07
9.17e-07
9.02e-07
9.32e-07
8.99e-07
9.02e-07
9.3e-07
9.3e-07
8.99e-07
