#time [s]
4.0261e-05
4.0605e-05
4.0601e-05
4.0572e-05
4.0599e-05
3.9626e-05
3.9587e-05
3.9623e-05
3.9758e-05
3.9601e-05
3.9634e-05
3.975e-05
3.9607e-05
3.9615e-05
3.9577e-05
3.9752e-05
3.9648e-05
3.9614e-05
3.9774e-05
3.9628e-05
3.9732e-05
3.9609e-05
3.9627e-05
4.8076e-05
4.062e-05
3.9737e-05
3.9739e-05
3.9733e-05
3.9742e-05
3.963e-05
3.9625e-05
3.9654e-05
3.9619e-05
3.9616e-05
3.9648e-05
3.9596e-05
3.96e-05
3.9604e-05
3.9617e-05
3.963e-05
3.9635e-05
3.961e-05
3.9603e-05
3.9601e-05
3.9598e-05
3.9626e-05
3.9827e-05
3.9764e-05
3.978e-05
3.971e-05
3.9705e-05
3.9643e-05
3.9605e-05
3.9627e-05
3.9643e-05
3.9585e-05
3.9623e-05
3.9632e-05
3.9569e-05
3.961e-05
3.9621e-05
3.9597e-05
3.9623e-05
3.9578e-05
3.9604e-05
3.9623e-05
3.9581e-05
3.961e-05
3.9588e-05
3.9597e-05
3.9609e-05
3.9611e-05
3.9584e-05
3.9618e-05
3.9606e-05
3.9611e-05
3.9621e-05
3.9588e-05
3.9622e-05
3.9615e-05
3.962e-05
3.9598e-05
3.9608e-05
3.9589e-05
3.9609e-05
3.9613e-05
3.9576e-05
3.9631e-05
3.958e-05
3.961e-05
3.9614e-05
3.9578e-05
3.9627e-05
3.9631e-05
3.9569e-05
3.9618e-05
3.9612e-05
3.9611e-05
3.9582e-05
3.9625e-05
