#time [s]
8.66e-07
7.8e-07
7.7e-07
7.57e-07
7.47e-07
7.41e-07
7.35e-07
7.4e-07
7.23e-07
7.38e-07
7.21e-07
7.24e-07
7.25e-07
7.38e-07
7.36e-07
7.24e-07
7.24e-07
7.26e-07
7.28e-07
7.25e-07
7.25e-07
7.26e-07
7.26e-07
7.23e-07
7.36e-07
7.26e-07
7.27e-07
7.27e-07
7.25e-07
7.25e-07
7.27e-07
7.22e-07
7.27e-07
7.23e-07
7.33e-07
7.24e-07
7.23e-07
7.36e-07
7.33e-07
7.22e-07
7.24e-07
7.19e-07
7.23e-07
7.21e-07
7.23e-07
7.21e-07
7.24e-07
7.21e-07
7.23e-07
7.21e-07
7.33e-07
7.24e-07
7.23e-07
7.26e-07
7.23e-07
7.23e-07
7.38e-07
7.25e-07
7.24e-07
7.22e-07
7.33e-07
7.26e-07
7.22e-07
7.38e-07
7.22e-07
7.24e-07
7.26e-07
7.38e-07
7.23e-07
7.22e-07
7.22e-07
7.22e-07
7.23e-07
7.22e-07
7.22e-07
7.2e-07
7.34e-07
7.23e-07
7.22e-07
7.22e-07
7.25e-07
7.21e-07
7.23e-07
7.22e-07
7.22e-07
7.22e-07
7.22e-07
7.25e-07
7.26e-07
7.25e-07
7.26e-07
7.23e-07
7.25e-07
7.26e-07
7.35e-07
7.23e-07
7.23e-07
7.24e-07
7.22e-07
7.38e-07
