#time [s]
1.4049e-05
1.3983e-05
1.3958e-05
1.3669e-05
1.3959e-05
1.3987e-05
1.3648e-05
1.4011e-05
1.3757e-05
1.3939e-05
1.3978e-05
1.3968e-05
1.3967e-05
1.3967e-05
1.3953e-05
1.3965e-05
1.3963e-05
1.3982e-05
1.3952e-05
1.3997e-05
1.3973e-05
1.3947e-05
1.3974e-05
1.4125e-05
1.3971e-05
1.4019e-05
1.3982e-05
1.4003e-05
1.3959e-05
1.3987e-05
1.3959e-05
1.3968e-05
1.3778e-05
1.3951e-05
1.3981e-05
1.396e-05
1.3971e-05
1.3959e-05
1.3976e-05
1.3975e-05
1.395e-05
1.3968e-05
1.3945e-05
1.3971e-05
1.3954e-05
1.3968e-05
1.3976e-05
1.3956e-05
1.3993e-05
1.3955e-05
1.3989e-05
1.3957e-05
1.3953e-05
1.3972e-05
1.3933e-05
1.3983e-05
1.3939e-05
1.3969e-05
1.3971e-05
1.3959e-05
1.397e-05
1.3933e-05
1.3974e-05
1.3953e-05
1.3971e-05
1.3978e-05
1.395e-05
1.3976e-05
1.3935e-05
1.397e-05
1.3975e-05
1.3698e-05
1.3997e-05
1.3963e-05
1.398e-05
1.3964e-05
1.3977e-05
1.3982e-05
1.3961e-05
1.3991e-05
1.3973e-05
1.3995e-05
1.3946e-05
1.3975e-05
1.3969e-05
1.3964e-05
1.3985e-05
1.3938e-05
1.3968e-05
1.3962e-05
1.3966e-05
1.3966e-05
1.3954e-05
1.3984e-05
1.3963e-05
1.3983e-05
1.3941e-05
1.3956e-05
1.3961e-05
1.3946e-05
