#time [s]
9.046e-06
9.315e-06
9.233e-06
9.196e-06
9.219e-06
8.969e-06
8.965e-06
9.002e-06
8.974e-06
8.984e-06
8.991e-06
8.961e-06
8.999e-06
8.967e-06
8.991e-06
8.985e-06
8.958e-06
8.986e-06
8.977e-06
8.962e-06
8.995e-06
8.965e-06
9.201e-06
8.983e-06
8.965e-06
8.991e-06
8.975e-06
8.966e-06
8.984e-06
8.968e-06
8.969e-06
8.985e-06
8.966e-06
8.966e-06
8.971e-06
8.963e-06
8.981e-06
8.964e-06
8.975e-06
8.984e-06
8.951e-06
8.981e-06
8.982e-06
8.949e-06
8.983e-06
8.965e-06
8.976e-06
8.981e-06
8.954e-06
8.98e-06
8.974e-06
8.955e-06
8.981e-06
8.968e-06
8.969e-06
8.987e-06
8.959e-06
8.971e-06
8.981e-06
8.957e-06
8.984e-06
8.972e-06
8.965e-06
8.989e-06
8.963e-06
8.97e-06
8.977e-06
8.957e-06
8.985e-06
8.973e-06
8.961e-06
8.993e-06
8.963e-06
8.975e-06
8.985e-06
8.971e-06
8.981e-06
8.966e-06
8.97e-06
8.993e-06
8.967e-06
8.975e-06
8.972e-06
8.961e-06
8.997e-06
8.972e-06
8.969e-06
8.991e-06
8.964e-06
8.967e-06
8.977e-06
8.949e-06
8.975e-06
8.97e-06
8.96e-06
8.981e-06
8.955e-06
8.971e-06
8.98e-06
8.958e-06
