#time [s]
0.001031646
0.001031539
0.001032956
0.001009743
0.001139592
0.001038433
0.001036368
0.001018717
0.001013344
0.001048198
0.001020695
0.001016051
0.001022295
0.001025981
0.001009706
0.001012435
0.001151411
0.001038625
0.001002787
0.00103244
0.00101507
0.001009821
0.001033979
0.001016536
0.001006476
0.001030372
0.001051771
0.001006498
0.001008697
0.001108982
0.001009591
0.001063089
0.001013964
0.001035034
0.001023775
0.001026551
0.001014449
0.001026596
0.001012606
0.001028834
0.001000603
0.001005309
0.001025448
0.001105008
0.001027541
0.001025406
0.001008221
0.001015955
0.001008603
0.001043067
0.001016215
0.001007885
0.001026938
0.001013451
0.001026385
0.001030805
0.001106384
0.001136216
0.00100707
0.001008897
0.001008129
0.00101578
0.001035724
0.001043676
0.001017993
0.001111121
0.001014585
0.001017559
0.001035299
0.001152398
0.001041687
0.001017243
0.00102292
0.001013601
0.001030974
0.001039156
0.001035481
0.001001812
0.001017681
0.001011794
0.001007565
0.001016951
0.00112061
0.001010579
0.001009376
0.001038247
0.001001967
0.001014056
0.001031116
0.001015686
0.001022421
0.001031427
0.001031818
0.001023079
0.001022519
0.001034362
0.001430793
0.001060078
0.001069787
0.001428858
