#time [s]
3.6228e-05
3.6285e-05
3.6179e-05
3.6115e-05
3.6149e-05
3.6092e-05
3.6124e-05
3.6105e-05
3.6127e-05
3.6083e-05
3.6137e-05
3.6124e-05
3.6129e-05
4.2635e-05
3.6418e-05
3.635e-05
3.6167e-05
3.6304e-05
3.6195e-05
3.6091e-05
3.6107e-05
3.6105e-05
3.612e-05
3.6109e-05
3.6111e-05
3.6115e-05
3.6135e-05
3.611e-05
3.6134e-05
3.6113e-05
3.6124e-05
3.6109e-05
3.6117e-05
3.609e-05
3.612e-05
3.6101e-05
3.6126e-05
3.6098e-05
3.6114e-05
3.6107e-05
3.6122e-05
3.6108e-05
3.6123e-05
3.6111e-05
3.6138e-05
3.6139e-05
3.6123e-05
3.6118e-05
3.611e-05
3.6105e-05
3.6132e-05
3.6105e-05
3.6118e-05
3.6114e-05
3.6111e-05
3.6116e-05
3.6122e-05
3.6109e-05
3.6102e-05
3.6101e-05
3.6107e-05
3.6106e-05
3.6111e-05
3.6099e-05
3.6111e-05
3.6118e-05
3.6159e-05
3.6113e-05
3.6133e-05
3.608e-05
3.6113e-05
3.6109e-05
3.6111e-05
3.6126e-05
3.611e-05
3.6111e-05
3.6115e-05
3.611e-05
3.6128e-05
3.6121e-05
3.6107e-05
3.6116e-05
3.6124e-05
3.6104e-05
3.6107e-05
3.6121e-05
3.6106e-05
3.6098e-05
3.6102e-05
3.6107e-05
3.6117e-05
3.6109e-05
3.6104e-05
3.6117e-05
3.6114e-05
3.6132e-05
3.61e-05
3.6109e-05
3.6095e-05
3.6137e-05
