#time [s]
0.000630186
0.000630919
0.000632326
0.000629915
0.000647802
0.000633571
0.000631397
0.000636149
0.000685502
0.000682626
0.000640388
0.000655837
0.000630455
0.000628252
0.000630593
0.000638015
0.000646595
0.000632369
0.000633239
0.000632558
0.000630228
0.000630283
0.000630204
0.000647144
0.000633538
0.000638984
0.000635648
0.000637985
0.000630242
0.000712983
0.000676787
0.000663492
0.000630208
0.000675401
0.000721193
0.000654363
0.000769275
0.000701745
0.000687844
0.000730533
0.000686385
0.000632919
0.000681074
0.000695293
0.000744902
0.000628456
0.000628645
0.000630491
0.000641863
0.000631633
0.000724417
0.000748496
0.000794137
0.000698622
0.000641036
0.000630859
0.000662979
0.000628876
0.000635828
0.00072031
0.000693198
0.000657362
0.000726683
0.000676691
0.000653327
0.000674555
0.000676934
0.000678092
0.000629477
0.000630675
0.000630746
0.000629577
0.000639715
0.000644782
0.000633702
0.000632734
0.00068119
0.000732488
0.000629325
0.000638706
0.000630556
0.000629326
0.000665886
0.000630738
0.000628645
0.000639894
0.000635339
0.000638637
0.000631875
0.000633301
0.000632549
0.000651328
0.000637734
0.000632596
0.000632094
0.000628263
0.000628605
0.000628593
0.000630807
0.000632424
