#time [s]
3.868e-06
3.84e-06
3.835e-06
3.819e-06
3.814e-06
3.828e-06
3.804e-06
3.81e-06
3.817e-06
3.838e-06
3.813e-06
3.808e-06
3.804e-06
3.808e-06
3.836e-06
3.818e-06
3.837e-06
3.81e-06
3.825e-06
3.809e-06
3.813e-06
3.818e-06
3.818e-06
3.832e-06
3.806e-06
3.826e-06
3.812e-06
3.817e-06
3.819e-06
3.835e-06
3.808e-06
3.826e-06
3.831e-06
3.815e-06
3.84e-06
3.836e-06
3.829e-06
3.826e-06
3.83e-06
3.834e-06
3.841e-06
3.835e-06
3.809e-06
3.804e-06
3.808e-06
3.814e-06
3.839e-06
3.817e-06
3.834e-06
3.806e-06
3.825e-06
3.81e-06
3.817e-06
3.82e-06
3.814e-06
3.829e-06
3.825e-06
3.811e-06
3.815e-06
3.819e-06
3.815e-06
3.83e-06
3.805e-06
3.809e-06
3.835e-06
3.821e-06
3.817e-06
3.811e-06
3.826e-06
3.808e-06
3.835e-06
1.3942e-05
3.968e-06
3.85e-06
3.851e-06
3.844e-06
3.859e-06
3.832e-06
3.809e-06
3.827e-06
3.829e-06
3.837e-06
3.835e-06
3.833e-06
3.826e-06
3.826e-06
3.833e-06
3.837e-06
3.839e-06
3.835e-06
3.83e-06
3.826e-06
3.829e-06
3.836e-06
3.841e-06
3.822e-06
3.83e-06
3.827e-06
3.829e-06
3.832e-06
