#time [s]
4.2629e-05
4.1879e-05
4.1866e-05
4.1836e-05
4.182e-05
4.9861e-05
4.1907e-05
4.1806e-05
4.1777e-05
4.1816e-05
4.1785e-05
4.182e-05
4.176e-05
4.175e-05
4.1811e-05
4.1731e-05
4.1778e-05
4.1724e-05
4.1799e-05
4.1788e-05
4.1775e-05
4.176e-05
4.1793e-05
4.1813e-05
4.1778e-05
4.1769e-05
4.1735e-05
4.1729e-05
4.1751e-05
4.1751e-05
4.1797e-05
4.1806e-05
4.1738e-05
4.1778e-05
4.1778e-05
4.1779e-05
4.1712e-05
4.178e-05
4.18e-05
4.1789e-05
4.1792e-05
4.1769e-05
4.1777e-05
4.1783e-05
4.1757e-05
4.179e-05
4.1708e-05
4.1816e-05
4.1716e-05
4.1802e-05
4.1798e-05
4.1784e-05
4.1726e-05
4.1719e-05
4.1796e-05
4.1754e-05
4.1758e-05
4.1693e-05
4.2038e-05
4.1823e-05
4.186e-05
4.181e-05
4.1782e-05
4.179e-05
4.1774e-05
4.1799e-05
4.1764e-05
4.1766e-05
4.1781e-05
4.1731e-05
4.1831e-05
4.1715e-05
4.1803e-05
4.1728e-05
4.173e-05
4.1732e-05
4.1777e-05
4.1814e-05
4.1772e-05
4.1771e-05
4.1773e-05
4.1813e-05
4.1775e-05
4.1767e-05
4.1808e-05
4.1756e-05
4.1764e-05
4.1779e-05
4.1768e-05
4.1791e-05
4.1766e-05
4.1836e-05
4.1764e-05
4.1742e-05
4.172e-05
4.1787e-05
4.179e-05
4.1728e-05
4.1803e-05
4.1775e-05
