#time [s]
7.424e-06
7.248e-06
7.251e-06
7.222e-06
7.26e-06
7.25e-06
7.216e-06
7.246e-06
7.263e-06
7.25e-06
7.233e-06
7.261e-06
7.234e-06
7.255e-06
7.262e-06
7.262e-06
7.246e-06
7.264e-06
7.255e-06
7.237e-06
7.246e-06
7.24e-06
7.233e-06
7.235e-06
7.271e-06
7.283e-06
7.245e-06
7.249e-06
7.252e-06
7.251e-06
7.249e-06
7.252e-06
7.236e-06
7.244e-06
7.263e-06
7.261e-06
7.255e-06
7.251e-06
7.268e-06
7.248e-06
7.244e-06
7.271e-06
7.243e-06
7.257e-06
7.24e-06
7.261e-06
7.255e-06
7.252e-06
7.249e-06
7.247e-06
7.263e-06
7.254e-06
7.251e-06
7.24e-06
7.272e-06
7.241e-06
7.231e-06
7.275e-06
7.269e-06
7.258e-06
7.248e-06
7.256e-06
7.248e-06
7.263e-06
7.26e-06
7.247e-06
7.242e-06
7.257e-06
7.266e-06
7.231e-06
7.266e-06
7.268e-06
7.232e-06
7.244e-06
7.273e-06
7.237e-06
7.261e-06
7.244e-06
7.265e-06
7.251e-06
7.267e-06
7.253e-06
7.229e-06
7.248e-06
7.253e-06
7.252e-06
7.254e-06
7.238e-06
7.244e-06
7.229e-06
7.273e-06
7.248e-06
7.245e-06
7.262e-06
7.258e-06
7.256e-06
7.259e-06
7.277e-06
7.262e-06
7.222e-06
