#time [s]
0.000219989
0.000236313
0.00020201
0.000201983
0.000202
0.000201905
0.000201976
0.000202006
0.00020202
0.000201945
0.000202022
0.000201826
0.000202026
0.000201811
0.000201873
0.000201973
0.000201846
0.000201944
0.000202004
0.000201877
0.000201947
0.000209694
0.000202113
0.000202014
0.000201941
0.000201895
0.000201925
0.000201851
0.00020194
0.000201933
0.000201875
0.000201964
0.000201775
0.000201928
0.000201746
0.000202016
0.000201871
0.000201868
0.00020202
0.00020202
0.000201902
0.000209016
0.000202088
0.000212573
0.0002674
0.000214853
0.000202022
0.000201934
0.000202092
0.00020207
0.000201965
0.000202024
0.000201867
0.00020214
0.000202103
0.00021016
0.000202305
0.00020238
0.000202111
0.000202214
0.00020223
0.000208781
0.000201949
0.000202055
0.000202062
0.000202001
0.000201982
0.000202192
0.000202152
0.000202017
0.000202082
0.000202035
0.000201937
0.000202009
0.000202028
0.000201833
0.00020197
0.000201949
0.000202079
0.000202008
0.000202115
0.000214066
0.000202045
0.000201914
0.000202153
0.000201982
0.000201738
0.000201924
0.000202036
0.000202074
0.000201778
0.000201905
0.000201944
0.000201778
0.000202013
0.000201905
0.00020196
0.000201961
0.000201989
0.00020204
