#time [s]
6.19e-07
5.31e-07
5.18e-07
4.98e-07
4.94e-07
4.94e-07
4.93e-07
5.08e-07
4.84e-07
5.07e-07
4.92e-07
4.95e-07
4.91e-07
4.91e-07
4.91e-07
4.62e-07
4.88e-07
4.61e-07
4.91e-07
4.9e-07
4.57e-07
4.93e-07
4.91e-07
4.91e-07
4.83e-07
4.92e-07
4.83e-07
4.9e-07
4.72e-07
4.93e-07
4.83e-07
4.94e-07
4.74e-07
4.92e-07
4.74e-07
4.96e-07
4.92e-07
4.92e-07
4.74e-07
4.92e-07
4.82e-07
4.93e-07
4.82e-07
4.94e-07
4.73e-07
4.92e-07
4.93e-07
4.9e-07
4.8e-07
4.9e-07
4.73e-07
4.83e-07
4.63e-07
4.65e-07
4.58e-07
4.67e-07
4.6e-07
4.66e-07
4.61e-07
4.6e-07
4.65e-07
4.89e-07
4.77e-07
4.59e-07
4.97e-07
4.61e-07
4.63e-07
4.8e-07
4.61e-07
4.59e-07
4.61e-07
4.6e-07
4.6e-07
4.81e-07
4.6e-07
4.61e-07
4.73e-07
4.68e-07
4.61e-07
4.63e-07
4.62e-07
4.64e-07
4.6e-07
4.65e-07
4.6e-07
4.63e-07
4.62e-07
4.63e-07
4.6e-07
4.85e-07
4.59e-07
4.79e-07
4.6e-07
4.6e-07
4.6e-07
4.91e-07
4.62e-07
4.58e-07
4.62e-07
4.64e-07
