#time [s]
2.458e-06
2.42e-06
2.382e-06
2.391e-06
2.394e-06
2.383e-06
2.385e-06
2.384e-06
2.389e-06
2.384e-06
2.385e-06
2.386e-06
2.38e-06
2.377e-06
2.378e-06
2.379e-06
9.796e-06
2.492e-06
2.405e-06
2.404e-06
2.393e-06
2.379e-06
2.382e-06
2.382e-06
2.381e-06
2.385e-06
2.388e-06
2.382e-06
2.384e-06
2.388e-06
2.378e-06
2.38e-06
2.378e-06
2.382e-06
2.382e-06
2.387e-06
2.386e-06
2.388e-06
2.387e-06
2.386e-06
2.383e-06
2.383e-06
2.379e-06
2.381e-06
2.382e-06
2.374e-06
2.386e-06
2.389e-06
2.384e-06
2.385e-06
2.384e-06
2.377e-06
2.379e-06
2.371e-06
2.381e-06
2.378e-06
2.383e-06
2.382e-06
2.389e-06
2.381e-06
2.385e-06
2.383e-06
2.379e-06
2.376e-06
2.377e-06
2.377e-06
2.38e-06
2.38e-06
2.383e-06
2.387e-06
2.384e-06
2.383e-06
2.381e-06
2.381e-06
2.377e-06
2.38e-06
2.38e-06
2.384e-06
2.383e-06
2.385e-06
2.384e-06
2.381e-06
2.38e-06
2.377e-06
2.376e-06
2.372e-06
2.377e-06
2.375e-06
2.383e-06
2.385e-06
2.388e-06
2.379e-06
2.384e-06
2.38e-06
2.379e-06
2.378e-06
2.379e-06
2.38e-06
2.384e-06
2.386e-06
