#time [s]
0.000175286
0.000173462
0.000173014
0.000173441
0.00017346
0.000173088
0.000173178
0.000173028
0.000178212
0.000172991
0.000172977
0.000173077
0.000174748
0.000181032
0.000186836
0.000173976
0.000173171
0.000174991
0.000173207
0.000173481
0.000175551
0.000191539
0.000173006
0.00017298
0.000173111
0.000216303
0.000195081
0.000172981
0.000172929
0.000172977
0.000172946
0.000172985
0.000172865
0.000174291
0.000173074
0.000173088
0.000173015
0.000174965
0.000173006
0.000173039
0.000172949
0.000173024
0.000176235
0.000172974
0.000173022
0.000173027
0.000175115
0.000176109
0.000173087
0.000172971
0.000173108
0.000184055
0.000199139
0.000199092
0.000196011
0.000216903
0.000172964
0.000172946
0.000172964
0.000172974
0.000226866
0.000177104
0.00017338
0.000173303
0.000172979
0.000173199
0.000173152
0.000231953
0.000173408
0.000180733
0.000173262
0.000173082
0.000172977
0.000173107
0.000173271
0.000173208
0.000172878
0.000173199
0.000174936
0.000173181
0.000176679
0.000173439
0.000172971
0.000207948
0.000172952
0.000172882
0.000172923
0.000211961
0.000174143
0.000173128
0.000173036
0.00017302
0.000173354
0.000173027
0.000172943
0.000172902
0.000172909
0.000172882
0.000172928
0.000172919
