#time [s]
0.000682241
0.000682933
0.000678412
0.000685471
0.000711954
0.000675871
0.000701555
0.000677893
0.00069297
0.00068347
0.000675875
0.000676467
0.000677074
0.000695787
0.000676438
0.000676749
0.000675671
0.00067654
0.000677633
0.000677059
0.000685988
0.000678106
0.000682576
0.000681279
0.00068053
0.000676518
0.000683958
0.000751938
0.000677783
0.000675821
0.000703676
0.000677358
0.000683825
0.000680588
0.000678057
0.000682537
0.000677259
0.000677888
0.000691114
0.000679382
0.000683187
0.00067647
0.000681741
0.000678066
0.000691468
0.000677696
0.000677029
0.000680352
0.000719965
0.000678523
0.000689742
0.000735709
0.000676643
0.000703119
0.000676278
0.000675434
0.00068365
0.000676256
0.00068057
0.000677335
0.000680602
0.000682028
0.000696668
0.000678138
0.000681532
0.000677331
0.000678431
0.000675401
0.000684456
0.000675766
0.000679116
0.000677076
0.000675913
0.000676436
0.000768265
0.000710133
0.000677216
0.00067693
0.00067698
0.000675434
0.000702411
0.000679986
0.000675262
0.000675136
0.00067623
0.000680968
0.000690744
0.000677572
0.000678084
0.000678365
0.000677037
0.000681416
0.000687156
0.000683143
0.000676446
0.000676255
0.000676167
0.000708733
0.000691574
0.000676587
