#time [s]
0.000300002
0.000237045
0.000236544
0.00023674
0.000236209
0.000236021
0.000236043
0.000266279
0.000237494
0.000236363
0.000239371
0.000236237
0.000236014
0.000236839
0.000240277
0.000237396
0.000237957
0.00023708
0.000239523
0.000236006
0.000236303
0.000235833
0.000236742
0.000248761
0.000242169
0.000234783
0.000234712
0.00023665
0.00023829
0.000234729
0.000250619
0.000239033
0.000235569
0.000234787
0.000234844
0.000239039
0.000240112
0.000234717
0.000234727
0.000240473
0.00023474
0.000238783
0.000234669
0.000236688
0.000237657
0.000234727
0.000249944
0.000239841
0.000234868
0.000237291
0.000240318
0.000236645
0.000239744
0.000262708
0.000250263
0.000234588
0.000234498
0.000234581
0.000234437
0.00023448
0.000234557
0.000236492
0.00023442
0.000244242
0.00024743
0.000284452
0.000234587
0.000234486
0.00023449
0.000234432
0.000234482
0.000234532
0.000267279
0.000234655
0.00023448
0.000234544
0.000234547
0.000234479
0.000242154
0.000235613
0.000234488
0.000235772
0.000234453
0.000234428
0.000234399
0.00023656
0.000236088
0.000239127
0.000234544
0.000234484
0.000239043
0.000234592
0.000236416
0.000234621
0.00025081
0.000236606
0.000234857
0.000234839
0.000234833
0.000234703
