#time [s]
0.000910345
0.000923111
0.000919155
0.000924041
0.000919458
0.001074454
0.000922433
0.000951368
0.000927959
0.000912856
0.00092231
0.000917558
0.000957503
0.000932149
0.000927811
0.000923057
0.000973369
0.000933011
0.000915617
0.000933454
0.001072379
0.000974257
0.001050248
0.000940738
0.00091548
0.000915187
0.000940846
0.000931705
0.00092278
0.000930993
0.000915186
0.000925029
0.000931148
0.000942543
0.001016646
0.00091143
0.000920319
0.00091025
0.000911213
0.000916931
0.000976259
0.000932979
0.000931017
0.000944695
0.000923651
0.00092148
0.000921125
0.000936807
0.000910307
0.000980663
0.000921927
0.000913788
0.00091799
0.00091842
0.000941755
0.000931293
0.000927495
0.000927809
0.000921111
0.000946523
0.000932078
0.000921805
0.000925326
0.000955108
0.000929215
0.000922621
0.000916949
0.000932335
0.000936583
0.00092895
0.000924593
0.000915925
0.000936138
0.000943665
0.000931987
0.000938887
0.000976141
0.001004748
0.000932393
0.000990144
0.000913301
0.000936588
0.000912064
0.000932304
0.000915705
0.000917057
0.000944681
0.00092428
0.000917157
0.000922938
0.000943035
0.000962021
0.000953244
0.000912022
0.000928973
0.000931045
0.000937804
0.000963174
0.000943298
0.000928292
