#time [s]
0.001929997
0.00195779
0.001953162
0.001962504
0.001964437
0.002079762
0.001971551
0.001942831
0.001942138
0.001986217
0.001932342
0.002036123
0.001933666
0.002158928
0.001975265
0.001944108
0.001943675
0.001990428
0.001944948
0.001960949
0.002139372
0.002564206
0.001953368
0.001958191
0.001939182
0.001957618
0.001940935
0.002215969
0.00205426
0.001928251
0.001957372
0.001965464
0.001945251
0.001977487
0.001930382
0.001951319
0.001958644
0.001929102
0.002789897
0.002787662
0.001944665
0.002020845
0.001988368
0.002085954
0.001956639
0.001934613
0.001985764
0.001974444
0.001960153
0.001945335
0.001940384
0.001967318
0.001951079
0.001981204
0.002171346
0.001951524
0.001931355
0.001930938
0.001936219
0.00196551
0.001948958
0.002054917
0.001948584
0.00198092
0.001944152
0.001961912
0.001973581
0.001937283
0.00198227
0.001930798
0.001939552
0.001961808
0.001940225
0.002134153
0.002458834
0.001948212
0.001947944
0.001955644
0.001929461
0.001969963
0.001969576
0.002038074
0.001987438
0.001926726
0.001931971
0.001956676
0.001931596
0.001940451
0.001990518
0.002121392
0.001950496
0.001932629
0.002000393
0.001929965
0.001951589
0.001958165
0.001948333
0.001979096
0.001967732
0.002474011
