#time [s]
0.001480543
0.001471022
0.00150006
0.001489482
0.001516432
0.001586153
0.001539234
0.001499243
0.001489983
0.001532308
0.001465356
0.0015423
0.001502944
0.00151699
0.001650942
0.001484413
0.001476025
0.001476097
0.001530237
0.001476877
0.001503912
0.001494913
0.00150738
0.001474628
0.00151156
0.001475297
0.001473159
0.001517724
0.001618651
0.001489493
0.001464244
0.001488147
0.001612364
0.001456065
0.001510219
0.001482777
0.001655941
0.001459813
0.001459708
0.001489053
0.001598473
0.001480126
0.001473015
0.00152348
0.001636471
0.0015128
0.001476138
0.001466111
0.001518658
0.001529881
0.001477656
0.001505812
0.001607421
0.001511212
0.001518372
0.001458734
0.001466723
0.001479093
0.001508373
0.001508433
0.001535963
0.001461715
0.001633388
0.001714419
0.001521717
0.001493777
0.001498482
0.001507243
0.001474271
0.001505546
0.001504105
0.001640149
0.001468338
0.001477791
0.001463283
0.001458123
0.001500594
0.001500445
0.001519105
0.001490733
0.001504941
0.00155217
0.001507937
0.00148789
0.001475034
0.001522621
0.001463003
0.001507747
0.00147077
0.001518616
0.001506752
0.001456274
0.001460726
0.0014766
0.001511135
0.001575085
0.001485324
0.001477554
0.001508617
0.001460805
