#time [s]
0.000410736
0.000443986
0.000406857
0.000413605
0.000402051
0.000415118
0.000406434
0.000428342
0.000399466
0.000418508
0.000400688
0.000401201
0.000432791
0.000394885
0.000394662
0.000417766
0.000406016
0.000394748
0.000395158
0.000394575
0.000396531
0.000395441
0.000398349
0.000396387
0.000406968
0.000412237
0.000396017
0.000395991
0.000401766
0.00039579
0.000397928
0.000408011
0.000421946
0.000418934
0.000396565
0.000396449
0.000396395
0.000404742
0.000398372
0.000406307
0.000399636
0.000407813
0.00049595
0.00039475
0.000394463
0.000394356
0.000394456
0.000427368
0.000394695
0.000394477
0.000402565
0.000394515
0.000395284
0.000443133
0.00039448
0.000394572
0.000396435
0.000394524
0.000396564
0.000395958
0.000403742
0.000403976
0.000403313
0.000400645
0.000423113
0.000400706
0.000403046
0.000397593
0.000397493
0.000399439
0.000405144
0.000396207
0.000401401
0.000407351
0.000402176
0.000398403
0.000399686
0.000492495
0.00039474
0.000394424
0.000427711
0.0004048
0.000394608
0.000396575
0.000394356
0.000401448
0.0003953
0.000404284
0.000396163
0.000416576
0.000402724
0.00042933
0.00040477
0.000396175
0.000404464
0.000399231
0.000406726
0.000410161
0.000405018
0.000398824
