#time [s]
1.5832e-05
1.5763e-05
1.5715e-05
1.5729e-05
1.5699e-05
1.5723e-05
1.5715e-05
1.5705e-05
1.5726e-05
1.5678e-05
1.5725e-05
1.5673e-05
1.5709e-05
1.5677e-05
1.5711e-05
1.5714e-05
1.5688e-05
1.5728e-05
1.5713e-05
1.5744e-05
1.571e-05
1.5744e-05
1.5705e-05
1.5699e-05
1.5731e-05
1.572e-05
1.5704e-05
1.5701e-05
2.5007e-05
1.5849e-05
1.5737e-05
1.5749e-05
1.5702e-05
1.5718e-05
1.5715e-05
1.5731e-05
1.5698e-05
1.5713e-05
1.5722e-05
1.569e-05
1.5714e-05
1.5674e-05
1.5707e-05
1.5692e-05
1.5698e-05
1.5708e-05
1.5687e-05
1.5718e-05
1.5693e-05
1.5729e-05
1.5686e-05
1.5717e-05
1.5697e-05
1.5698e-05
1.5713e-05
1.5685e-05
1.5719e-05
1.571e-05
1.5719e-05
1.5688e-05
1.5735e-05
1.5726e-05
1.5695e-05
1.5715e-05
1.5711e-05
1.5711e-05
1.5676e-05
1.5728e-05
1.5689e-05
1.5732e-05
1.5704e-05
1.5694e-05
1.5715e-05
1.5692e-05
1.572e-05
1.5709e-05
1.5713e-05
1.5716e-05
1.5703e-05
1.5707e-05
1.5689e-05
1.574e-05
1.5683e-05
1.571e-05
1.5684e-05
1.5707e-05
1.5694e-05
1.5699e-05
1.5734e-05
1.5687e-05
1.5717e-05
1.5683e-05
1.5719e-05
1.5688e-05
1.5712e-05
1.5698e-05
1.5717e-05
1.5722e-05
1.5709e-05
1.574e-05
