#time [s]
5.342e-06
5.336e-06
5.248e-06
5.241e-06
5.234e-06
5.231e-06
5.256e-06
5.296e-06
5.247e-06
5.236e-06
5.276e-06
5.244e-06
5.238e-06
5.242e-06
5.231e-06
5.229e-06
5.238e-06
5.252e-06
5.252e-06
5.239e-06
5.241e-06
5.229e-06
5.242e-06
5.236e-06
5.238e-06
5.222e-06
5.221e-06
5.237e-06
5.249e-06
5.271e-06
5.247e-06
5.235e-06
5.229e-06
5.24e-06
5.244e-06
5.249e-06
5.232e-06
5.229e-06
5.226e-06
5.232e-06
5.243e-06
5.244e-06
5.236e-06
5.223e-06
5.238e-06
5.239e-06
5.253e-06
5.231e-06
5.234e-06
5.233e-06
5.236e-06
5.25e-06
5.244e-06
5.239e-06
5.22e-06
5.238e-06
5.244e-06
5.248e-06
5.237e-06
5.235e-06
5.234e-06
5.23e-06
5.245e-06
5.293e-06
5.228e-06
5.221e-06
5.239e-06
5.248e-06
5.248e-06
5.244e-06
5.234e-06
5.232e-06
5.24e-06
5.251e-06
5.248e-06
5.237e-06
5.233e-06
5.235e-06
5.248e-06
5.241e-06
5.242e-06
5.229e-06
5.233e-06
5.243e-06
5.249e-06
5.237e-06
5.283e-06
5.271e-06
5.277e-06
5.234e-06
5.24e-06
5.243e-06
5.237e-06
5.231e-06
5.24e-06
5.245e-06
5.25e-06
5.229e-06
5.226e-06
5.236e-06
