#time [s]
0.00093691
0.000945755
0.000945137
0.001001904
0.000936
0.00093616
0.000948904
0.000936823
0.000936486
0.000939765
0.000950608
0.000935624
0.000937657
0.000959808
0.000943225
0.000934735
0.001023862
0.000935168
0.000987119
0.000934856
0.000936144
0.000941189
0.000956334
0.000937695
0.00093732
0.000936759
0.00094765
0.000935502
0.000942214
0.000936978
0.00093557
0.000945432
0.000937693
0.001006591
0.000969415
0.000943498
0.000936092
0.000935872
0.00093974
0.000940977
0.000951771
0.00093708
0.000935183
0.000935179
0.000946794
0.000937649
0.000937543
0.00093498
0.000936312
0.000980373
0.000978981
0.000962504
0.000934742
0.000936047
0.000946183
0.000941647
0.000935307
0.000935592
0.000952171
0.000935633
0.000935309
0.000936475
0.000936663
0.000945555
0.000936053
0.000937206
0.000935063
0.001023815
0.000934922
0.000967421
0.000941755
0.000943616
0.000945963
0.000956662
0.000935133
0.000938815
0.000951735
0.000941217
0.000939279
0.000935347
0.000935138
0.000937671
0.000944435
0.000986798
0.00093433
0.000999235
0.000934981
0.00094769
0.00095351
0.000944819
0.000936401
0.000938486
0.000936422
0.000951448
0.00094136
0.00093887
0.000936078
0.000948339
0.00093583
0.000935651
