#time [s]
3.9258e-05
3.9205e-05
3.9197e-05
3.9231e-05
3.9246e-05
3.9239e-05
3.9246e-05
3.9272e-05
3.9232e-05
3.9233e-05
3.9191e-05
3.9267e-05
3.9233e-05
3.9216e-05
3.9241e-05
3.9257e-05
3.9216e-05
3.9238e-05
3.9232e-05
3.9262e-05
3.9224e-05
3.9234e-05
3.9257e-05
3.9235e-05
3.9232e-05
3.9206e-05
3.9453e-05
3.9336e-05
3.9296e-05
3.9244e-05
3.9248e-05
3.9263e-05
3.923e-05
3.9243e-05
3.9228e-05
3.9251e-05
3.9256e-05
3.9218e-05
3.9273e-05
3.9248e-05
3.922e-05
3.9252e-05
3.9226e-05
3.9258e-05
3.9226e-05
3.9169e-05
3.925e-05
3.924e-05
3.9259e-05
3.9221e-05
3.9252e-05
3.9239e-05
3.9229e-05
3.9277e-05
3.9207e-05
3.9242e-05
3.928e-05
3.923e-05
3.9215e-05
3.9275e-05
3.9225e-05
3.9254e-05
3.9231e-05
3.9248e-05
3.926e-05
3.9219e-05
3.926e-05
3.9213e-05
3.9238e-05
3.9257e-05
3.9233e-05
3.923e-05
3.9254e-05
3.9214e-05
3.9256e-05
3.9327e-05
3.9264e-05
3.9256e-05
3.9224e-05
3.9233e-05
3.923e-05
3.9234e-05
3.9238e-05
3.9232e-05
3.9233e-05
3.9202e-05
3.922e-05
3.9257e-05
3.9188e-05
3.9288e-05
3.9272e-05
3.9213e-05
3.9252e-05
3.924e-05
3.9253e-05
3.9243e-05
3.9248e-05
3.9181e-05
3.923e-05
3.9343e-05
