#time [s]
0.00011788
0.000113125
0.000110884
0.000114091
0.000114707
0.000129494
0.000140444
0.000133671
0.000113323
0.000113312
0.000113118
0.000111295
0.000110812
0.000113241
0.00011088
0.000115021
0.000110813
0.00011072
0.000110701
0.000110647
0.000110722
0.000110728
0.000110707
0.000110733
0.000110715
0.00011073
0.000110843
0.000110796
0.00011068
0.000110832
0.000110676
0.000110709
0.000110649
0.000110734
0.000110734
0.000110702
0.000110713
0.000110713
0.000110742
0.000119675
0.000110821
0.000110831
0.000111234
0.000110984
0.000110722
0.000110805
0.000110734
0.000110702
0.000110774
0.000110692
0.000110748
0.000110708
0.00011071
0.000110666
0.000110714
0.000110789
0.000110774
0.000110779
0.000110818
0.000110726
0.000110826
0.000110796
0.000110821
0.00011071
0.000110823
0.000110815
0.000110798
0.000110821
0.000110809
0.000110792
0.000111345
0.000111266
0.000110853
0.00012415
0.000110776
0.000111258
0.000110802
0.000111067
0.000110708
0.000110818
0.000110762
0.000110731
0.000110695
0.000110726
0.000110741
0.000110702
0.000110752
0.000110726
0.000110744
0.000110709
0.000110738
0.000110728
0.000110723
0.0001107
0.000110693
0.000110756
0.000110738
0.000110693
0.00011068
0.000110758
