#time [s]
0.002371537
0.002394893
0.002400962
0.002488668
0.002451801
0.002402128
0.002371322
0.002394
0.002388936
0.002467285
0.002384886
0.002532968
0.002459738
0.002370986
0.002475813
0.002401654
0.002397131
0.002473016
0.002442768
0.00237205
0.002395101
0.002420897
0.002380921
0.002387274
0.002611449
0.002380927
0.002380259
0.002411628
0.00236875
0.002372218
0.002457401
0.002408894
0.002384206
0.002377437
0.002433535
0.00238705
0.002403048
0.002528312
0.002403112
0.002372579
0.00243669
0.002378487
0.002393811
0.002396449
0.002553494
0.002380024
0.002377989
0.002399332
0.002392665
0.002387342
0.002479908
0.002414873
0.002371929
0.002396628
0.002398896
0.002387022
0.002383604
0.002577097
0.002490394
0.002374045
0.00240061
0.002401153
0.002381988
0.002396407
0.00244971
0.002386271
0.002393647
0.002391869
0.002392402
0.002395123
0.002491107
0.002404312
0.002371241
0.002406417
0.002374169
0.002390603
0.002396556
0.002511112
0.002378486
0.002545824
0.002375429
0.00240814
0.002378509
0.002524281
0.002399452
0.00238002
0.002408326
0.002379103
0.002400671
0.002390164
0.002481419
0.002382167
0.002382769
0.002399187
0.002393451
0.002385403
0.00240755
0.002807157
0.002401679
0.002475217
