#time [s]
0.001450264
0.001436259
0.001425442
0.001426536
0.001444936
0.001432995
0.001435199
0.001496952
0.001455965
0.001439815
0.001433342
0.001430412
0.001450694
0.001429196
0.00142271
0.001424326
0.001422792
0.001436473
0.001611577
0.001577892
0.001433102
0.001425592
0.001427849
0.001441969
0.001428422
0.001430312
0.001454281
0.001439084
0.001434919
0.001535127
0.001435103
0.001494013
0.001437658
0.001430305
0.001426319
0.001427346
0.001441181
0.001433954
0.001424661
0.001433334
0.001499152
0.001434988
0.00146879
0.001422909
0.001439675
0.00144194
0.001434025
0.001476978
0.001424167
0.001425457
0.001436696
0.001510051
0.001449292
0.001433758
0.001426516
0.001427998
0.001446369
0.001436066
0.001434518
0.001436437
0.001427351
0.00143448
0.001542624
0.001449907
0.001432932
0.001426129
0.001428345
0.001445352
0.001426177
0.001427424
0.001441903
0.001430318
0.001422723
0.001482298
0.001487963
0.001439434
0.001432585
0.001436157
0.001443376
0.001430437
0.001425899
0.001437357
0.001425504
0.001427107
0.001517927
0.001422894
0.001422999
0.001433892
0.001427346
0.001428071
0.001438784
0.001426484
0.001429483
0.00143176
0.001422865
0.001518089
0.001423362
0.001450446
0.001431004
0.001425259
