#time [s]
7.614e-06
7.506e-06
7.477e-06
7.487e-06
7.484e-06
7.452e-06
7.439e-06
7.453e-06
7.45e-06
7.434e-06
7.447e-06
7.454e-06
7.428e-06
7.44e-06
7.457e-06
7.447e-06
7.434e-06
7.455e-06
7.44e-06
7.436e-06
7.453e-06
7.461e-06
7.447e-06
7.434e-06
7.455e-06
7.46e-06
7.447e-06
7.444e-06
7.463e-06
7.443e-06
7.435e-06
7.46e-06
7.455e-06
7.453e-06
7.449e-06
7.463e-06
7.431e-06
7.426e-06
7.46e-06
7.448e-06
7.441e-06
7.448e-06
7.457e-06
7.445e-06
7.443e-06
7.452e-06
7.448e-06
7.427e-06
7.449e-06
7.46e-06
7.444e-06
7.441e-06
7.463e-06
7.442e-06
7.433e-06
7.445e-06
7.463e-06
7.438e-06
7.441e-06
7.457e-06
7.445e-06
7.427e-06
7.449e-06
7.458e-06
7.434e-06
7.437e-06
7.461e-06
7.448e-06
7.427e-06
7.451e-06
7.455e-06
7.427e-06
7.447e-06
7.454e-06
7.438e-06
7.458e-06
7.464e-06
7.452e-06
7.436e-06
7.451e-06
7.465e-06
7.435e-06
7.434e-06
7.462e-06
7.458e-06
7.437e-06
7.456e-06
7.452e-06
7.432e-06
7.442e-06
7.461e-06
7.446e-06
7.429e-06
7.453e-06
7.456e-06
7.44e-06
7.442e-06
7.459e-06
7.442e-06
7.434e-06
