#time [s]
2.839e-06
2.835e-06
2.821e-06
2.818e-06
2.82e-06
2.809e-06
2.831e-06
2.819e-06
2.823e-06
2.818e-06
2.796e-06
2.821e-06
2.824e-06
2.808e-06
2.827e-06
2.819e-06
2.824e-06
2.823e-06
2.83e-06
2.827e-06
2.814e-06
2.811e-06
2.835e-06
2.804e-06
2.814e-06
2.803e-06
2.825e-06
2.815e-06
2.831e-06
2.829e-06
2.804e-06
2.802e-06
2.826e-06
2.829e-06
2.831e-06
2.803e-06
2.816e-06
2.834e-06
2.812e-06
2.831e-06
2.825e-06
2.815e-06
2.822e-06
2.81e-06
2.811e-06
2.835e-06
2.829e-06
2.814e-06
2.83e-06
2.83e-06
2.807e-06
2.822e-06
2.806e-06
2.81e-06
2.815e-06
2.84e-06
2.835e-06
2.825e-06
2.824e-06
2.816e-06
2.805e-06
2.817e-06
2.807e-06
2.831e-06
2.816e-06
2.836e-06
2.812e-06
2.812e-06
2.806e-06
2.828e-06
2.812e-06
2.818e-06
2.809e-06
2.831e-06
2.839e-06
2.826e-06
2.815e-06
2.824e-06
2.817e-06
2.827e-06
2.814e-06
2.811e-06
2.831e-06
2.811e-06
2.813e-06
2.846e-06
2.815e-06
2.813e-06
2.81e-06
2.808e-06
2.809e-06
2.812e-06
2.815e-06
2.817e-06
2.818e-06
2.818e-06
2.814e-06
2.811e-06
2.812e-06
2.804e-06
