#time [s]
0.001371888
0.001360118
0.001364835
0.001376424
0.001361025
0.00137245
0.001499131
0.001386678
0.001366916
0.001362298
0.001368426
0.001378944
0.001361056
0.001372044
0.001366492
0.001390517
0.001371408
0.00141535
0.001533612
0.00138176
0.001358963
0.001358928
0.001361307
0.001359736
0.001375146
0.001399428
0.0013755
0.00136846
0.001383804
0.001478313
0.001367435
0.001359672
0.001363642
0.001379107
0.001361036
0.001362027
0.001374249
0.001370262
0.001361575
0.001368222
0.001501187
0.001359195
0.001368635
0.001373482
0.00136398
0.001382117
0.00136769
0.001372349
0.001371634
0.001384296
0.00135837
0.00146727
0.001386151
0.001367253
0.001359688
0.001362628
0.001379026
0.001367021
0.001361591
0.001372932
0.00139013
0.001361616
0.0013735
0.001424708
0.001385406
0.001368084
0.001360829
0.001362092
0.001380434
0.001364488
0.001358392
0.001368782
0.001361947
0.001373696
0.001463529
0.001386027
0.001367212
0.001401713
0.001358388
0.001372841
0.001362046
0.001363807
0.001395261
0.001359669
0.001407048
0.001368695
0.001446359
0.001369026
0.001361625
0.001362828
0.001377874
0.001365782
0.001361644
0.001372569
0.001364796
0.001373257
0.001373833
0.001451706
0.001383912
0.00136804
