#time [s]
0.000215065
0.000199304
0.000200941
0.00019847
0.000197759
0.000197999
0.000199236
0.000198548
0.000198625
0.000197844
0.000200238
0.000205305
0.00019539
0.000194955
0.000202739
0.000195816
0.000195308
0.000196152
0.000198084
0.000194807
0.000201454
0.000197114
0.000199131
0.000197093
0.000197212
0.000196937
0.00019978
0.000206799
0.000234224
0.000219019
0.000221794
0.000195329
0.000195019
0.00019467
0.000194304
0.000194823
0.000194188
0.000193315
0.00023012
0.00019561
0.000194837
0.00019501
0.000194201
0.000194495
0.000197616
0.00019516
0.000194389
0.000198538
0.000196076
0.000194005
0.000194231
0.0001945
0.000198513
0.000194837
0.00019422
0.000194199
0.00020379
0.000194628
0.00019855
0.000194515
0.000218302
0.000196312
0.000195885
0.000194826
0.000196917
0.000200043
0.000193719
0.000194924
0.000195634
0.000197337
0.000197037
0.000194269
0.000195066
0.000194197
0.000194905
0.000196212
0.000196385
0.00020669
0.000195439
0.000195274
0.000200707
0.000195497
0.000194075
0.000198761
0.000200858
0.000196724
0.000198496
0.000196017
0.000195972
0.000195598
0.000195616
0.000195706
0.000195745
0.000203934
0.000215224
0.000217074
0.000194419
0.000194114
0.000194141
0.000205287
