#time [s]
2.6376e-05
2.6241e-05
2.6239e-05
2.6238e-05
2.6228e-05
2.6217e-05
2.6222e-05
2.6205e-05
3.4195e-05
2.7269e-05
3.8402e-05
2.7106e-05
2.6286e-05
2.625e-05
2.6324e-05
2.6235e-05
2.6206e-05
3.473e-05
2.6303e-05
2.6272e-05
2.6257e-05
2.626e-05
2.6225e-05
2.6198e-05
2.6191e-05
2.6208e-05
2.6213e-05
2.6224e-05
2.6203e-05
2.6219e-05
2.6222e-05
2.6227e-05
2.6234e-05
2.6233e-05
2.6226e-05
2.6219e-05
2.6208e-05
2.6213e-05
2.6214e-05
2.6216e-05
2.6212e-05
2.6214e-05
2.6217e-05
2.6226e-05
2.6239e-05
2.6217e-05
2.6221e-05
2.6222e-05
2.6222e-05
2.623e-05
2.6221e-05
2.6208e-05
2.6204e-05
2.6213e-05
2.6203e-05
2.6203e-05
2.6226e-05
2.6221e-05
2.6225e-05
2.6237e-05
2.6234e-05
2.623e-05
2.6229e-05
2.6225e-05
2.6202e-05
2.6209e-05
2.6188e-05
2.6185e-05
2.6192e-05
2.6197e-05
2.6208e-05
2.6213e-05
2.622e-05
2.6229e-05
2.6217e-05
2.6226e-05
2.6225e-05
2.6223e-05
2.6225e-05
2.6259e-05
2.6218e-05
2.6208e-05
2.6216e-05
2.622e-05
2.6224e-05
2.6237e-05
2.6222e-05
2.6243e-05
2.6239e-05
2.6232e-05
2.6225e-05
2.6237e-05
2.622e-05
2.6207e-05
2.6203e-05
2.6201e-05
3.3976e-05
2.6296e-05
2.6264e-05
2.624e-05
