#time [s]
7.343e-06
7.06e-06
7.171e-06
6.986e-06
6.992e-06
7.008e-06
6.993e-06
6.977e-06
7.001e-06
7e-06
6.984e-06
6.992e-06
7e-06
6.988e-06
6.989e-06
6.999e-06
6.998e-06
6.977e-06
7e-06
7.169e-06
6.984e-06
7.155e-06
7.002e-06
6.987e-06
6.984e-06
7.001e-06
6.997e-06
6.981e-06
6.996e-06
7.003e-06
6.992e-06
6.984e-06
7.01e-06
6.998e-06
6.984e-06
7e-06
7.153e-06
6.981e-06
6.992e-06
7.01e-06
6.992e-06
6.988e-06
7.001e-06
6.996e-06
1.718e-05
7.344e-06
7.053e-06
7.019e-06
7.213e-06
6.996e-06
6.992e-06
7.009e-06
7.001e-06
6.988e-06
6.997e-06
7.006e-06
6.986e-06
6.995e-06
7.008e-06
6.998e-06
6.985e-06
7.01e-06
7.005e-06
6.981e-06
6.998e-06
7.008e-06
6.99e-06
6.989e-06
7.17e-06
7e-06
6.983e-06
6.999e-06
7.008e-06
6.987e-06
6.997e-06
7.009e-06
6.993e-06
6.986e-06
7.007e-06
7.001e-06
6.989e-06
7.003e-06
7.007e-06
6.992e-06
7.018e-06
7.013e-06
6.997e-06
6.988e-06
6.998e-06
7e-06
6.991e-06
7.026e-06
7.009e-06
6.997e-06
6.981e-06
7.004e-06
7.004e-06
6.983e-06
6.999e-06
7.006e-06
