#time [s]
1.707e-06
1.449e-06
1.447e-06
1.434e-06
1.436e-06
1.452e-06
1.43e-06
1.437e-06
1.438e-06
1.436e-06
1.434e-06
1.42e-06
1.427e-06
1.43e-06
1.425e-06
1.426e-06
1.42e-06
1.431e-06
1.432e-06
1.422e-06
1.435e-06
1.43e-06
1.428e-06
1.43e-06
1.431e-06
1.436e-06
1.436e-06
1.438e-06
1.43e-06
1.43e-06
1.426e-06
1.435e-06
1.421e-06
1.432e-06
1.434e-06
1.445e-06
1.422e-06
1.43e-06
1.422e-06
1.427e-06
1.432e-06
1.43e-06
1.425e-06
1.431e-06
1.431e-06
1.427e-06
1.426e-06
1.43e-06
1.431e-06
1.425e-06
1.428e-06
1.427e-06
1.423e-06
1.427e-06
1.421e-06
1.425e-06
1.421e-06
1.426e-06
1.428e-06
1.428e-06
1.429e-06
1.429e-06
1.433e-06
1.426e-06
1.434e-06
1.429e-06
1.428e-06
1.43e-06
1.429e-06
1.429e-06
1.425e-06
1.427e-06
1.451e-06
1.426e-06
1.425e-06
1.419e-06
1.431e-06
1.428e-06
1.426e-06
1.428e-06
1.426e-06
1.437e-06
1.435e-06
1.425e-06
1.431e-06
1.432e-06
1.43e-06
1.43e-06
1.43e-06
1.434e-06
1.433e-06
1.421e-06
1.434e-06
1.426e-06
1.425e-06
1.433e-06
1.431e-06
1.433e-06
1.432e-06
1.436e-06
