#time [s]
2.9838e-05
2.9755e-05
2.9741e-05
2.9782e-05
2.9765e-05
2.9772e-05
2.9798e-05
2.9751e-05
2.9766e-05
2.9768e-05
2.9769e-05
2.9774e-05
2.9751e-05
2.9751e-05
2.9742e-05
2.9786e-05
2.978e-05
2.9752e-05
2.978e-05
2.976e-05
2.9754e-05
2.9782e-05
3.606e-05
2.987e-05
2.9817e-05
2.9794e-05
2.9808e-05
2.9769e-05
2.9752e-05
2.9791e-05
2.975e-05
2.977e-05
2.9776e-05
2.9771e-05
2.9763e-05
2.9775e-05
2.9781e-05
2.9764e-05
2.9773e-05
2.9771e-05
2.978e-05
2.9775e-05
2.9786e-05
2.9771e-05
2.9774e-05
2.9737e-05
2.9782e-05
2.975e-05
2.975e-05
2.9771e-05
2.9773e-05
2.9781e-05
2.9755e-05
2.9767e-05
2.977e-05
2.9774e-05
2.9773e-05
2.9773e-05
2.9762e-05
2.9777e-05
2.9768e-05
2.9765e-05
2.9769e-05
2.9798e-05
2.9777e-05
2.9785e-05
2.9784e-05
2.9764e-05
2.9695e-05
2.9777e-05
2.9764e-05
2.9768e-05
2.9758e-05
2.978e-05
2.9788e-05
2.9751e-05
2.974e-05
2.9772e-05
2.9772e-05
2.9785e-05
2.9778e-05
2.9762e-05
2.9759e-05
2.9774e-05
2.9718e-05
2.9786e-05
2.9771e-05
2.9807e-05
2.9779e-05
2.977e-05
2.9775e-05
2.977e-05
2.9776e-05
2.9754e-05
2.979e-05
2.9763e-05
2.9754e-05
2.9756e-05
2.9788e-05
2.9769e-05
