#time [s]
0.000105891
0.000105775
0.000105766
0.000105703
0.00010571
0.000113507
0.000105882
0.000105776
0.000105764
0.000105822
0.000105768
0.000105784
0.000105796
0.000105818
0.000105799
0.000105774
0.000105793
0.00010579
0.000105779
0.000105768
0.000105777
0.00010578
0.000114167
0.000159005
0.000119733
0.000105861
0.00010583
0.000105795
0.000105759
0.000105789
0.000105749
0.00010581
0.000105706
0.000105777
0.000105711
0.000105758
0.000105722
0.000105834
0.000105743
0.000105818
0.000112262
0.000105837
0.000105851
0.000105841
0.000105729
0.000105641
0.000105769
0.000105683
0.000105809
0.000105795
0.000105746
0.000105707
0.000105796
0.000105832
0.000105665
0.000105711
0.000105768
0.000105662
0.000105605
0.000105702
0.000105769
0.000105677
0.000105684
0.000105689
0.000105774
0.000105799
0.000105824
0.000105712
0.0001058
0.000105675
0.000105772
0.00010576
0.000105732
0.00010571
0.000105649
0.000115864
0.000105939
0.000105853
0.000105853
0.000105756
0.000105737
0.000105623
0.00010574
0.000105747
0.000105706
0.000105771
0.000105691
0.000105656
0.000105701
0.000105724
0.000105734
0.000105798
0.000105692
0.000105712
0.000105769
0.000105736
0.00010575
0.000105781
0.000105812
0.000105697
