#time [s]
0.001558657
0.001575453
0.001561782
0.001563394
0.001572624
0.001558136
0.00161499
0.001651983
0.001593487
0.001566575
0.001561056
0.001566488
0.00158964
0.001580236
0.001574536
0.001569505
0.001623293
0.001595244
0.001558126
0.001586866
0.001583383
0.001559811
0.001562861
0.001577048
0.00156639
0.001585701
0.001567913
0.001562426
0.001650248
0.001558209
0.001585877
0.001567897
0.001561449
0.001577032
0.001562207
0.001584459
0.001567288
0.00156119
0.001571404
0.001635109
0.001587239
0.001566748
0.001559578
0.001576061
0.001612891
0.001576038
0.001567459
0.001560934
0.001575848
0.001566455
0.001693695
0.001585306
0.001565246
0.001581514
0.001566607
0.00159345
0.00155988
0.001561071
0.001573001
0.001573107
0.001734077
0.001723686
0.001741214
0.001729658
0.001748463
0.001720903
0.001739926
0.00173927
0.001736002
0.001714464
0.001726298
0.001759528
0.001710625
0.001744811
0.001692202
0.001751399
0.001720546
0.001763738
0.001877831
0.001914768
0.001876428
0.001853418
0.001852493
0.001778985
0.001567866
0.001561946
0.001567077
0.001638462
0.00158718
0.001558791
0.001588324
0.001594573
0.001572409
0.001574926
0.001580404
0.001570192
0.001561701
0.001562211
0.001661356
0.001586284
