#time [s]
7.85e-07
7.87e-07
7.17e-07
6.95e-07
6.97e-07
6.97e-07
6.94e-07
6.95e-07
6.95e-07
6.94e-07
6.94e-07
6.94e-07
6.96e-07
6.97e-07
6.95e-07
6.95e-07
6.95e-07
6.97e-07
6.97e-07
6.95e-07
6.94e-07
6.94e-07
6.95e-07
6.94e-07
6.93e-07
6.96e-07
6.95e-07
6.97e-07
6.96e-07
6.95e-07
6.95e-07
6.93e-07
6.95e-07
6.95e-07
6.92e-07
6.94e-07
6.94e-07
6.94e-07
6.91e-07
6.93e-07
6.92e-07
6.92e-07
6.93e-07
6.94e-07
6.94e-07
6.91e-07
6.94e-07
6.94e-07
6.94e-07
6.94e-07
6.95e-07
6.93e-07
6.95e-07
6.96e-07
6.95e-07
6.97e-07
6.94e-07
6.96e-07
6.96e-07
6.93e-07
6.96e-07
6.96e-07
6.96e-07
6.95e-07
6.95e-07
6.95e-07
6.93e-07
6.94e-07
6.94e-07
6.94e-07
6.94e-07
6.93e-07
6.93e-07
6.91e-07
6.93e-07
6.94e-07
6.94e-07
6.95e-07
6.94e-07
6.95e-07
6.94e-07
6.95e-07
6.95e-07
6.95e-07
6.95e-07
6.95e-07
6.95e-07
6.95e-07
6.96e-07
6.96e-07
6.95e-07
6.95e-07
6.94e-07
6.95e-07
6.93e-07
6.95e-07
6.94e-07
6.93e-07
6.93e-07
6.94e-07
