#time [s]
6.6356e-05
6.6336e-05
6.6332e-05
6.6341e-05
6.6312e-05
6.631e-05
6.6321e-05
6.6334e-05
6.6304e-05
6.6311e-05
6.6323e-05
6.631e-05
6.6307e-05
6.6317e-05
6.63e-05
6.6337e-05
6.6311e-05
6.6305e-05
6.6328e-05
6.6306e-05
6.6311e-05
6.6299e-05
7.6001e-05
6.6424e-05
6.6327e-05
6.6336e-05
6.6338e-05
6.632e-05
6.6324e-05
6.632e-05
6.6305e-05
6.6325e-05
6.6317e-05
6.6485e-05
6.6312e-05
6.6351e-05
6.6317e-05
6.6304e-05
6.6328e-05
6.6317e-05
6.6328e-05
6.6321e-05
6.6298e-05
6.6305e-05
6.6306e-05
6.6294e-05
6.6324e-05
6.631e-05
6.6302e-05
6.6324e-05
6.6303e-05
6.6306e-05
6.6319e-05
6.6305e-05
6.6313e-05
6.6322e-05
6.6305e-05
6.632e-05
6.6304e-05
6.6313e-05
6.632e-05
6.6328e-05
6.6305e-05
6.6322e-05
6.6306e-05
6.6307e-05
6.6315e-05
6.6328e-05
6.6306e-05
6.6315e-05
6.6318e-05
6.6314e-05
6.6322e-05
6.6317e-05
6.6304e-05
6.6339e-05
6.6322e-05
6.6322e-05
6.6346e-05
6.631e-05
6.6316e-05
7.2806e-05
6.6399e-05
6.6362e-05
6.6355e-05
6.6337e-05
6.632e-05
6.6332e-05
6.6318e-05
6.6338e-05
6.6324e-05
6.6323e-05
6.6309e-05
6.6299e-05
6.6321e-05
6.6312e-05
6.63e-05
6.6329e-05
6.6328e-05
6.6334e-05
