#time [s]
0.014285149
0.014076848
0.013963449
0.014120168
0.014162368
0.01425564
0.015883823
0.017894655
0.017970363
0.015689776
0.014138122
0.01445289
0.014133492
0.01411434
0.014135169
0.014123669
0.013934414
0.013955392
0.015085639
0.014104303
0.014195742
0.014123952
0.01409785
0.014139532
0.013966948
0.014207876
0.014071069
0.014177076
0.014207854
0.014120883
0.014086343
0.014037621
0.013935869
0.014148233
0.014056611
0.014141264
0.014245497
0.014287008
0.014186875
0.013980751
0.014063693
0.014093784
0.014049903
0.014088241
0.014077171
0.014162505
0.014119075
0.013940689
0.01397347
0.014112738
0.014128818
0.014137793
0.014167154
0.014171223
0.014107935
0.013948875
0.014232274
0.014038683
0.014100607
0.014071676
0.014225245
0.014165891
0.014158623
0.014030888
0.013961707
0.014039117
0.014078489
0.014161366
0.0141336
0.014408785
0.014240854
0.014172583
0.014092032
0.013923875
0.017912761
0.018073192
0.017768087
0.014095923
0.014155132
0.01395163
0.013987476
0.014112541
0.014658543
0.014449365
0.014868223
0.014384322
0.014227118
0.014079259
0.013968287
0.014747398
0.014072319
0.01408353
0.014153395
0.014122654
0.014130818
0.014032374
0.013969276
0.014112716
0.014135507
0.014073202
