#time [s]
2.067e-06
2.046e-06
2.028e-06
2.031e-06
2.03e-06
2.03e-06
2.032e-06
2.024e-06
2.025e-06
2.022e-06
2.022e-06
2.022e-06
2.024e-06
2.028e-06
2.028e-06
2.03e-06
2.032e-06
2.026e-06
2.028e-06
2.024e-06
2.024e-06
2.022e-06
2.021e-06
2.026e-06
2.028e-06
2.028e-06
2.031e-06
2.031e-06
2.121e-06
2.027e-06
2.024e-06
2.026e-06
2.02e-06
2.024e-06
2.021e-06
2.027e-06
2.027e-06
2.028e-06
2.029e-06
2.028e-06
2.028e-06
2.028e-06
2.025e-06
2.025e-06
2.022e-06
2.023e-06
2.024e-06
2.028e-06
2.029e-06
2.029e-06
2.031e-06
2.027e-06
2.027e-06
2.028e-06
2.024e-06
2.021e-06
2.023e-06
2.02e-06
2.025e-06
2.028e-06
2.029e-06
2.031e-06
2.031e-06
2.049e-06
2.027e-06
2.027e-06
2.023e-06
2.022e-06
2.023e-06
2.026e-06
2.024e-06
2.029e-06
2.028e-06
2.033e-06
2.03e-06
2.027e-06
2.026e-06
2.021e-06
2.023e-06
2.023e-06
2.023e-06
2.025e-06
2.028e-06
2.048e-06
2.029e-06
2.032e-06
2.029e-06
2.028e-06
2.025e-06
2.026e-06
2.021e-06
2.022e-06
2.022e-06
2.051e-06
2.028e-06
2.03e-06
2.032e-06
2.03e-06
2.03e-06
2.027e-06
