#time [s]
2.2178e-05
2.2072e-05
2.2038e-05
2.2022e-05
2.2037e-05
2.2032e-05
2.2079e-05
2.204e-05
2.2009e-05
2.2e-05
2.2005e-05
2.2043e-05
2.2031e-05
2.2089e-05
2.2024e-05
2.1989e-05
2.201e-05
2.2077e-05
2.2035e-05
2.2047e-05
2.2002e-05
2.2031e-05
2.2047e-05
2.2056e-05
2.2033e-05
2.2035e-05
2.2025e-05
2.205e-05
2.2076e-05
2.2041e-05
2.2009e-05
2.2007e-05
2.2024e-05
2.2054e-05
2.2087e-05
2.2064e-05
2.2031e-05
2.1987e-05
2.2024e-05
2.2049e-05
2.2048e-05
2.2027e-05
2.2026e-05
2.2027e-05
2.205e-05
2.2038e-05
2.2027e-05
2.2016e-05
2.2045e-05
2.2014e-05
2.202e-05
2.2013e-05
2.1993e-05
2.2016e-05
2.2063e-05
2.2068e-05
2.2017e-05
2.2034e-05
2.2059e-05
2.2021e-05
2.2046e-05
2.204e-05
2.2013e-05
2.2018e-05
2.2019e-05
2.2042e-05
2.204e-05
2.204e-05
2.2012e-05
2.2011e-05
2.2043e-05
2.2044e-05
2.2018e-05
2.2014e-05
2.1996e-05
2.2042e-05
2.206e-05
2.2052e-05
2.204e-05
2.1999e-05
2.2019e-05
2.202e-05
2.2066e-05
2.2065e-05
2.2009e-05
2.2005e-05
2.209e-05
2.2034e-05
2.2024e-05
2.2023e-05
2.2e-05
2.2054e-05
2.2096e-05
2.2024e-05
2.201e-05
2.1997e-05
2.2027e-05
2.2036e-05
2.2056e-05
2.2013e-05
