#time [s]
1.465e-06
1.408e-06
1.371e-06
1.367e-06
1.367e-06
1.369e-06
1.366e-06
1.365e-06
1.364e-06
1.365e-06
1.363e-06
1.362e-06
1.363e-06
1.366e-06
1.365e-06
1.368e-06
1.367e-06
1.367e-06
1.369e-06
1.369e-06
1.369e-06
1.366e-06
1.366e-06
1.367e-06
1.364e-06
1.365e-06
1.367e-06
1.365e-06
1.365e-06
1.363e-06
1.368e-06
1.364e-06
1.366e-06
1.365e-06
1.367e-06
1.372e-06
1.369e-06
1.37e-06
1.367e-06
1.365e-06
1.365e-06
1.366e-06
1.365e-06
1.363e-06
1.362e-06
1.363e-06
1.364e-06
1.365e-06
1.365e-06
1.366e-06
1.367e-06
1.369e-06
1.369e-06
1.368e-06
1.368e-06
1.369e-06
1.366e-06
1.365e-06
1.368e-06
1.367e-06
1.364e-06
1.363e-06
1.363e-06
1.364e-06
1.364e-06
1.365e-06
1.37e-06
1.367e-06
1.369e-06
1.37e-06
1.372e-06
1.367e-06
1.368e-06
1.368e-06
1.366e-06
1.364e-06
1.365e-06
1.366e-06
1.363e-06
1.365e-06
1.364e-06
1.363e-06
1.366e-06
1.369e-06
1.367e-06
1.368e-06
1.369e-06
1.37e-06
1.367e-06
1.365e-06
1.37e-06
1.365e-06
1.365e-06
1.364e-06
1.363e-06
1.361e-06
1.363e-06
1.364e-06
1.365e-06
1.37e-06
