#time [s]
0.01235622
0.012395139
0.012285099
0.01209378
0.012254857
0.012309889
0.012392194
0.012343091
0.012294344
0.012474662
0.012317314
0.012116604
0.0124389
0.012303979
0.012316446
0.012142058
0.012277196
0.012322377
0.012435351
0.012166159
0.01233249
0.012232647
0.012305635
0.012139424
0.012260819
0.012219935
0.012273691
0.012279112
0.012213335
0.012388763
0.012356734
0.012292513
0.012149176
0.012358398
0.012213423
0.012411743
0.012193396
0.012285913
0.012314931
0.012357766
0.012166743
0.012188661
0.012312338
0.012324291
0.012192253
0.012196041
0.012309688
0.012287251
0.012282785
0.012154444
0.012367405
0.012284089
0.012346401
0.012136933
0.012361864
0.012322253
0.012378987
0.012100708
0.012308531
0.012278147
0.012376023
0.012131239
0.012347898
0.012425117
0.01301454
0.015084301
0.01612527
0.015036425
0.012178636
0.012300679
0.01232426
0.012483523
0.012213918
0.012136752
0.012260811
0.012333717
0.012391699
0.012140408
0.012297807
0.012294999
0.012404516
0.012141085
0.012242788
0.012343306
0.012274505
0.012169867
0.012130924
0.012709573
0.012262963
0.01233012
0.012173535
0.012228289
0.012350044
0.012302349
0.012100578
0.012111421
0.012191967
0.012382207
0.012216253
0.012316486
