#time [s]
0.002881236
0.003082356
0.002858861
0.002834113
0.002881813
0.002871566
0.002810007
0.003037951
0.002827558
0.002875966
0.002953397
0.002806807
0.003035167
0.002816444
0.002872974
0.002875419
0.002807958
0.003023966
0.002842678
0.002868118
0.002879492
0.00282022
0.002959795
0.002827528
0.002857435
0.00286692
0.002846412
0.003081342
0.003307919
0.003301816
0.003330131
0.00328204
0.003502198
0.003296376
0.003259343
0.003304462
0.003308769
0.003259811
0.002872372
0.002895577
0.002864614
0.003066414
0.002835784
0.002849063
0.002862245
0.002868592
0.003007354
0.002830049
0.002874341
0.00281524
0.002817497
0.003067886
0.002831203
0.00318633
0.002813811
0.002862611
0.002825092
0.002826289
0.002956363
0.002811542
0.002835929
0.002876215
0.002873327
0.002851921
0.00286575
0.002864167
0.00288297
0.002907108
0.002889014
0.002820184
0.002845034
0.002856488
0.002881812
0.002893537
0.002811316
0.002901833
0.002919221
0.002869114
0.002920862
0.002821818
0.002879032
0.002846457
0.00293685
0.003228857
0.002824997
0.002889049
0.00291052
0.002813409
0.003072725
0.002827085
0.002874497
0.00293513
0.002812512
0.002975752
0.002867328
0.002861293
0.002864746
0.00286705
0.003210814
0.003081545
