#time [s]
0.000618886
0.000545326
0.000545319
0.000545218
0.000547053
0.00055558
0.000546964
0.000548549
0.000550983
0.000550074
0.000546986
0.000589121
0.000635549
0.000545571
0.000545328
0.000576577
0.000545312
0.000553676
0.000580006
0.000566534
0.00054532
0.00054505
0.000545263
0.0005468
0.000561316
0.000546965
0.000552113
0.000549949
0.000553371
0.000546954
0.000556556
0.000546948
0.000551776
0.000602761
0.000545901
0.000545291
0.000576341
0.000610938
0.000545951
0.00062268
0.000545464
0.00062214
0.000553711
0.000545286
0.000545425
0.000546945
0.000549307
0.000547044
0.000548723
0.000562673
0.00054976
0.000547268
0.000547169
0.000547074
0.000551559
0.000557943
0.000546586
0.000546704
0.000546711
0.000548385
0.00054746
0.00057411
0.000545615
0.000545352
0.000545309
0.000660462
0.000581704
0.000546109
0.000558948
0.000609774
0.000547735
0.000545822
0.000545961
0.000546137
0.000546128
0.000568881
0.000545683
0.000545552
0.000549414
0.000546439
0.000549251
0.000560549
0.000548596
0.000553427
0.00057145
0.000545881
0.000545775
0.000545406
0.000555699
0.000547552
0.000652441
0.000545437
0.000577454
0.000545429
0.000545319
0.000553615
0.000547756
0.000548101
0.000553012
0.000553828
