#time [s]
2.36e-06
2.089e-06
2.045e-06
2.039e-06
2.029e-06
1.99e-06
2.005e-06
1.995e-06
2.001e-06
1.998e-06
2.007e-06
2.008e-06
1.994e-06
2.015e-06
2e-06
2.015e-06
2.01e-06
1.997e-06
2.006e-06
2.009e-06
1.993e-06
2.006e-06
2.005e-06
2.005e-06
2.007e-06
2.012e-06
2.014e-06
2.015e-06
2.011e-06
2.01e-06
2.023e-06
2.008e-06
2.01e-06
1.994e-06
2.008e-06
2.003e-06
2.002e-06
2.005e-06
2.01e-06
2.012e-06
2.014e-06
2.011e-06
2.012e-06
2e-06
2.009e-06
2.012e-06
1.996e-06
2.009e-06
2.005e-06
1.992e-06
2.004e-06
2.01e-06
2.01e-06
2.011e-06
2.01e-06
2.01e-06
2.012e-06
2.014e-06
2.013e-06
1.996e-06
2.011e-06
2.006e-06
2.018e-06
2.003e-06
2.008e-06
2.009e-06
2.01e-06
2.008e-06
2.007e-06
2.01e-06
2.016e-06
2.014e-06
1.997e-06
2.013e-06
2.007e-06
1.995e-06
2.004e-06
2.007e-06
1.994e-06
2.009e-06
2.005e-06
2.008e-06
2.008e-06
2.015e-06
2.016e-06
2.015e-06
2.01e-06
2.008e-06
1.996e-06
2.005e-06
2.008e-06
1.992e-06
2.008e-06
2.005e-06
2.021e-06
2.008e-06
2.012e-06
2.015e-06
2.015e-06
2.011e-06
