#time [s]
0.004094098
0.002814945
0.002840947
0.002976199
0.003191137
0.002809545
0.002825448
0.002704687
0.002896012
0.002838194
0.002736691
0.002756034
0.002977993
0.00276042
0.002823841
0.002808006
0.00297793
0.002746087
0.002691492
0.002829897
0.002763024
0.002967269
0.002758952
0.002800377
0.00278595
0.002928388
0.002835758
0.002756564
0.002726572
0.002900693
0.002925659
0.00270671
0.002809345
0.002768652
0.00296172
0.002698737
0.002745087
0.002785207
0.003060017
0.002723085
0.002821175
0.002775749
0.002780897
0.002763067
0.002705087
0.002781418
0.002790009
0.002889494
0.00274373
0.00283372
0.002776978
0.002985665
0.002818749
0.002741046
0.002797113
0.002745907
0.003121977
0.002760224
0.002878599
0.002738615
0.002916772
0.00278543
0.002846518
0.002815082
0.002994333
0.002732161
0.002846798
0.002812266
0.002831382
0.002897255
0.002849457
0.002842388
0.003005467
0.003086428
0.003082206
0.003079933
0.003224392
0.003430923
0.003348697
0.003858673
0.003882119
0.003783395
0.003792245
0.002888554
0.002728002
0.00287557
0.002804526
0.002875172
0.002722719
0.002830412
0.002792522
0.002783425
0.002831804
0.002731122
0.00281165
0.002850481
0.002899108
0.002748151
0.002753275
0.002762602
