#time [s]
4.0108e-05
4.0064e-05
4.0046e-05
4.0038e-05
4.0025e-05
3.9998e-05
4e-05
4.0972e-05
5.1718e-05
4.0067e-05
4.003e-05
4.0067e-05
4.7528e-05
4.0058e-05
4.0039e-05
4.7459e-05
4.0092e-05
4.0035e-05
3.9983e-05
3.9974e-05
4.0182e-05
4.0057e-05
4.0025e-05
3.9985e-05
3.9966e-05
3.9979e-05
3.9992e-05
3.9985e-05
3.9985e-05
3.9991e-05
3.9985e-05
3.9997e-05
3.9948e-05
3.9989e-05
3.996e-05
3.9991e-05
3.9962e-05
4.0003e-05
3.9982e-05
3.9969e-05
3.9986e-05
3.9968e-05
3.9997e-05
3.9949e-05
3.9985e-05
3.9969e-05
3.9992e-05
3.9973e-05
3.9992e-05
3.9989e-05
3.9973e-05
3.9974e-05
3.9974e-05
4.0195e-05
4.004e-05
4.0045e-05
4.0004e-05
3.9993e-05
4.0006e-05
3.998e-05
3.9989e-05
3.9974e-05
3.9995e-05
3.9992e-05
4.0003e-05
3.9954e-05
4.0003e-05
4.0008e-05
4.0006e-05
3.9983e-05
3.9972e-05
3.9993e-05
3.9971e-05
3.9992e-05
3.9951e-05
4.0002e-05
3.9954e-05
4.0008e-05
3.9968e-05
3.999e-05
3.996e-05
4.0017e-05
3.9969e-05
3.9972e-05
3.9985e-05
4.0005e-05
3.9989e-05
3.9955e-05
3.9998e-05
3.9974e-05
4.0005e-05
3.9956e-05
3.9994e-05
3.9961e-05
3.9991e-05
3.9953e-05
4.0001e-05
3.9965e-05
3.9976e-05
4.6082e-05
