#time [s]
6.37e-07
5.68e-07
5.81e-07
5.58e-07
5.52e-07
5.35e-07
5.34e-07
5.33e-07
5.33e-07
5.33e-07
5.33e-07
5.32e-07
5.33e-07
5.31e-07
5.33e-07
5.32e-07
5.32e-07
5.31e-07
5.32e-07
5.31e-07
5.32e-07
5.31e-07
5.31e-07
5.31e-07
5.31e-07
5.3e-07
5.29e-07
5.3e-07
5.31e-07
5.31e-07
5.31e-07
5.31e-07
5.32e-07
5.31e-07
5.31e-07
5.31e-07
5.31e-07
5.31e-07
5.32e-07
5.33e-07
5.32e-07
5.32e-07
5.31e-07
5.32e-07
5.33e-07
5.32e-07
5.33e-07
5.34e-07
5.33e-07
5.32e-07
5.32e-07
5.31e-07
5.32e-07
5.32e-07
5.33e-07
5.32e-07
5.32e-07
5.31e-07
5.31e-07
5.31e-07
5.31e-07
5.31e-07
5.32e-07
5.32e-07
5.3e-07
5.3e-07
5.31e-07
5.29e-07
5.31e-07
5.31e-07
5.31e-07
5.31e-07
5.31e-07
5.31e-07
5.31e-07
5.31e-07
5.32e-07
5.31e-07
5.32e-07
5.32e-07
5.32e-07
5.32e-07
5.31e-07
5.33e-07
5.33e-07
5.32e-07
5.33e-07
5.34e-07
5.33e-07
5.32e-07
5.32e-07
5.3e-07
5.33e-07
5.32e-07
5.32e-07
5.32e-07
5.32e-07
5.32e-07
5.32e-07
5.3e-07
