#time [s]
4.939e-06
4.873e-06
4.838e-06
4.829e-06
4.791e-06
4.783e-06
4.792e-06
4.803e-06
4.799e-06
4.812e-06
4.791e-06
4.795e-06
4.8e-06
4.795e-06
4.787e-06
4.783e-06
4.791e-06
4.803e-06
4.797e-06
4.815e-06
4.786e-06
4.795e-06
4.803e-06
4.797e-06
4.79e-06
4.785e-06
4.791e-06
4.802e-06
4.793e-06
4.786e-06
4.783e-06
4.794e-06
4.801e-06
4.799e-06
4.787e-06
4.782e-06
4.798e-06
4.799e-06
4.796e-06
4.786e-06
4.785e-06
4.797e-06
4.806e-06
4.795e-06
4.785e-06
4.814e-06
4.825e-06
4.811e-06
4.797e-06
4.814e-06
4.787e-06
4.804e-06
4.811e-06
4.803e-06
4.796e-06
4.795e-06
4.803e-06
4.811e-06
4.805e-06
4.795e-06
4.786e-06
4.803e-06
4.811e-06
4.824e-06
4.795e-06
4.815e-06
4.802e-06
4.804e-06
4.812e-06
4.789e-06
4.795e-06
4.803e-06
4.819e-06
4.803e-06
4.816e-06
4.815e-06
4.825e-06
4.833e-06
4.803e-06
4.813e-06
4.794e-06
4.805e-06
4.81e-06
4.803e-06
4.815e-06
4.795e-06
4.804e-06
4.81e-06
4.803e-06
4.804e-06
4.795e-06
4.804e-06
4.811e-06
4.803e-06
4.816e-06
4.784e-06
4.805e-06
4.812e-06
4.812e-06
4.812e-06
