#time [s]
0.001694623
0.001819086
0.00210266
0.002139219
0.001681918
0.001668717
0.001685475
0.001666035
0.001771749
0.001670434
0.001667034
0.001851637
0.001699109
0.00167534
0.001672606
0.001696812
0.001744863
0.001685553
0.00166847
0.001688769
0.001783918
0.001676089
0.001718862
0.00170129
0.001731585
0.001716118
0.001761232
0.001732296
0.001803643
0.001673712
0.001663866
0.001707502
0.001700775
0.001670093
0.001679836
0.001676362
0.001766536
0.001734069
0.001674743
0.001692101
0.001707501
0.001663832
0.001684826
0.001679239
0.001827805
0.001797963
0.001739151
0.001664581
0.001688914
0.001690149
0.001685349
0.001714826
0.001667568
0.001842778
0.001721645
0.001706846
0.001675154
0.001691222
0.001757754
0.001664872
0.001682534
0.001671508
0.001786202
0.001680752
0.001686417
0.001672527
0.001700371
0.001681464
0.001701666
0.001681227
0.001668009
0.001817292
0.001699979
0.001679801
0.001667542
0.001703282
0.001666783
0.001676698
0.001663307
0.001696129
0.00176208
0.001751508
0.001667008
0.001674341
0.001689183
0.001674616
0.001676961
0.001666676
0.001702223
0.001706166
0.001673444
0.001668184
0.001700823
0.001677431
0.001706778
0.001667461
0.001672646
0.001910925
0.001662022
0.001677464
