#time [s]
0.000185202
0.000184347
0.000184352
0.000184377
0.00018429
0.000184274
0.000184285
0.000184247
0.000191452
0.000184462
0.000197653
0.000225886
0.000184303
0.000184358
0.000184251
0.000184253
0.000184305
0.000184203
0.000184257
0.000184217
0.000184256
0.000211396
0.000184683
0.000184304
0.000184378
0.000184311
0.000184246
0.000191005
0.000184361
0.00018435
0.000184268
0.000184205
0.000185934
0.000184373
0.00018427
0.000184231
0.000184203
0.000184211
0.000184277
0.00018432
0.000221779
0.000184266
0.000184239
0.00018432
0.000184241
0.000184218
0.00018526
0.000184336
0.000184322
0.00018431
0.000184223
0.000184242
0.000184193
0.000184217
0.000184273
0.000184338
0.000184264
0.000184224
0.000184217
0.000186209
0.00018422
0.000184148
0.000184244
0.000184216
0.000186145
0.000184431
0.000184301
0.000184381
0.00018433
0.000184415
0.000184321
0.00018414
0.00018428
0.000184312
0.000184269
0.000184276
0.00018428
0.000184339
0.000184277
0.00018427
0.000184225
0.000184212
0.000186054
0.00018941
0.000184238
0.000184612
0.000184292
0.000184376
0.000184351
0.000184248
0.000184334
0.000187264
0.000283787
0.000205327
0.000198635
0.000184265
0.000184234
0.000184233
0.000214599
0.000184435
