#time [s]
0.000351017
0.000350916
0.000363538
0.000351092
0.000350985
0.000350983
0.000350991
0.000350808
0.000350925
0.000350991
0.000350902
0.000350957
0.000350951
0.000358553
0.000351068
0.000350946
0.000359588
0.000411881
0.00035097
0.000351037
0.000359857
0.000351125
0.00035084
0.000350969
0.000357361
0.000351043
0.000351007
0.000350783
0.00035096
0.000350931
0.000350958
0.000351025
0.000350945
0.000350945
0.000350959
0.000400318
0.000361917
0.000350962
0.000350992
0.000350972
0.000350907
0.00035095
0.000350947
0.00035097
0.000350943
0.000350899
0.000350928
0.000357841
0.000350985
0.000350954
0.00035099
0.000350975
0.000350912
0.000351015
0.000350922
0.000350961
0.000350954
0.000350927
0.000350948
0.00035958
0.000350957
0.000417404
0.000368852
0.000351007
0.000350905
0.000351227
0.000350947
0.000350975
0.000350944
0.000350955
0.00035759
0.000351057
0.000350987
0.000350942
0.000350972
0.000350913
0.00035095
0.00035094
0.000350928
0.00035096
0.000350927
0.000350951
0.000361818
0.000351101
0.000350861
0.000350933
0.000350981
0.000350994
0.000350963
0.000350916
0.000350944
0.000350986
0.000350926
0.000357904
0.000353903
0.000351017
0.000350854
0.000350958
0.000350958
0.000350938
