#time [s]
0.000712076
0.000675228
0.000675068
0.000700848
0.000673848
0.000674248
0.000686411
0.000787363
0.00067524
0.000674231
0.000704231
0.000674519
0.000683037
0.000674909
0.000673875
0.000744499
0.000673843
0.000674677
0.000689091
0.000675605
0.000675274
0.000674023
0.000675482
0.000678943
0.000675822
0.000683138
0.00068189
0.000686185
0.000694048
0.000704242
0.000686013
0.000710205
0.000764357
0.000674391
0.000702975
0.000683891
0.00067487
0.000675883
0.00071107
0.000685922
0.000687844
0.000674474
0.000677222
0.000674707
0.00067467
0.000675769
0.000676507
0.000675877
0.000675504
0.000674838
0.00068787
0.000683863
0.000685207
0.000693715
0.000675081
0.000822408
0.001225544
0.000825638
0.000675248
0.000693368
0.00067401
0.000675678
0.000674139
0.000675377
0.000678224
0.000674164
0.000688701
0.000675896
0.000676694
0.000675972
0.000691884
0.000682592
0.000683517
0.000683272
0.000683528
0.000686679
0.000695403
0.000795848
0.000674732
0.000702507
0.000691961
0.000674238
0.000700175
0.00070885
0.000674051
0.00067404
0.000674135
0.000675077
0.00068941
0.000674406
0.000676057
0.000675791
0.000674523
0.000674291
0.000693281
0.000687526
0.000684183
0.000679084
0.000682828
0.000683309
