#time [s]
3.2641e-05
3.2578e-05
3.2699e-05
3.2601e-05
3.2596e-05
3.2618e-05
3.2739e-05
3.26e-05
3.259e-05
3.2582e-05
4.0372e-05
3.2753e-05
3.2653e-05
3.2642e-05
3.2683e-05
3.2595e-05
3.2632e-05
3.2607e-05
3.2603e-05
3.2578e-05
3.2584e-05
3.2596e-05
3.2607e-05
3.2569e-05
3.2602e-05
3.2597e-05
3.261e-05
3.2571e-05
3.2563e-05
3.2608e-05
3.2599e-05
3.2634e-05
3.2618e-05
3.2596e-05
3.2592e-05
3.2617e-05
3.2611e-05
3.2598e-05
3.26e-05
3.2601e-05
3.2579e-05
3.2571e-05
3.2588e-05
3.2587e-05
3.2627e-05
3.2591e-05
3.2624e-05
3.2567e-05
3.2596e-05
3.2617e-05
3.2583e-05
3.2575e-05
3.2611e-05
3.2594e-05
3.262e-05
3.2601e-05
3.2586e-05
3.2571e-05
3.2623e-05
3.2588e-05
3.2588e-05
3.26e-05
3.2592e-05
3.2592e-05
3.2595e-05
3.2603e-05
3.2582e-05
3.2572e-05
3.2578e-05
3.2611e-05
3.2626e-05
3.2637e-05
3.2584e-05
3.2601e-05
3.2598e-05
3.2614e-05
3.2599e-05
3.2597e-05
3.2562e-05
3.2621e-05
3.259e-05
3.2592e-05
3.2588e-05
3.2604e-05
3.2628e-05
3.2613e-05
3.26e-05
3.2602e-05
3.2592e-05
3.2618e-05
3.2623e-05
3.2608e-05
3.258e-05
3.2577e-05
3.2643e-05
3.2602e-05
3.2596e-05
3.2602e-05
3.2613e-05
3.2581e-05
