#time [s]
6.368e-05
6.3587e-05
6.3577e-05
6.3568e-05
6.3553e-05
6.3517e-05
8.8033e-05
7.1597e-05
6.3616e-05
6.3611e-05
6.353e-05
6.3528e-05
6.3507e-05
6.3556e-05
6.3502e-05
6.3521e-05
6.3521e-05
6.3534e-05
6.3525e-05
6.3522e-05
6.3518e-05
6.3497e-05
6.3504e-05
6.352e-05
6.3506e-05
6.3526e-05
6.351e-05
6.3494e-05
6.3519e-05
6.3529e-05
6.3504e-05
6.3504e-05
6.3513e-05
6.3499e-05
6.3512e-05
6.3516e-05
6.3514e-05
6.3535e-05
6.3527e-05
6.3522e-05
6.3508e-05
6.3485e-05
6.3511e-05
6.3502e-05
6.3494e-05
6.3521e-05
6.3562e-05
6.3479e-05
6.3511e-05
6.3505e-05
6.3532e-05
6.3498e-05
6.35e-05
6.3523e-05
6.3531e-05
6.3529e-05
6.352e-05
6.3528e-05
6.3532e-05
6.3504e-05
6.3526e-05
6.3509e-05
6.3528e-05
6.353e-05
6.3489e-05
7.0079e-05
6.3627e-05
6.3533e-05
6.3571e-05
6.3594e-05
6.352e-05
6.3515e-05
6.3527e-05
6.3552e-05
6.3536e-05
6.3512e-05
6.3506e-05
6.35e-05
6.3497e-05
6.3534e-05
6.3531e-05
6.3515e-05
6.3512e-05
6.3492e-05
6.3512e-05
6.354e-05
6.3491e-05
6.351e-05
6.3535e-05
6.3523e-05
6.3526e-05
6.352e-05
6.3539e-05
6.3508e-05
6.3528e-05
6.3548e-05
6.3544e-05
6.3512e-05
6.353e-05
6.349e-05
