#time [s]
0.000701988
0.000692554
0.00070547
0.000728271
0.000689389
0.000689428
0.000700688
0.000783241
0.000734414
0.000743389
0.000689514
0.000697973
0.000697891
0.000692356
0.00075402
0.000689698
0.000690932
0.000705046
0.000699627
0.000701213
0.000692129
0.000694405
0.000691077
0.00070032
0.000691583
0.00069788
0.000723784
0.000691232
0.000815556
0.000692053
0.000691606
0.000723559
0.000689741
0.000698238
0.000691438
0.000698046
0.00071662
0.000689884
0.000689599
0.000703085
0.00069134
0.000691582
0.000690372
0.000693515
0.000703164
0.000694616
0.000699197
0.000699346
0.000693812
0.000691912
0.000740598
0.000689736
0.000691632
0.000727967
0.000690051
0.000698409
0.00069164
0.000726189
0.000736008
0.000762847
0.000902689
0.000763568
0.000691604
0.000689885
0.000778754
0.000752258
0.00072854
0.000756778
0.000719153
0.000764227
0.000794954
0.000767598
0.000737066
0.000728107
0.000712181
0.000689674
0.000699175
0.000693727
0.000696301
0.000694788
0.000693283
0.00071222
0.000701478
0.000695298
0.000691754
0.000691773
0.000697676
0.00070437
0.000700711
0.000689444
0.000689562
0.000689438
0.000705799
0.000848891
0.000689761
0.000724144
0.000689325
0.000697672
0.000695254
0.000696049
