#time [s]
5.55e-07
4.45e-07
4.44e-07
4.45e-07
4.47e-07
4.45e-07
4.44e-07
4.44e-07
4.44e-07
4.47e-07
4.43e-07
4.44e-07
4.45e-07
4.43e-07
4.76e-07
4.47e-07
4.46e-07
4.45e-07
4.45e-07
4.43e-07
4.45e-07
4.45e-07
4.44e-07
5.52e-07
4.47e-07
5.38e-07
4.46e-07
4.42e-07
4.45e-07
4.46e-07
4.44e-07
4.45e-07
4.45e-07
4.43e-07
4.46e-07
4.46e-07
4.45e-07
4.46e-07
4.41e-07
4.46e-07
4.78e-07
4.44e-07
4.43e-07
4.44e-07
4.47e-07
4.47e-07
4.47e-07
4.45e-07
4.44e-07
4.45e-07
4.47e-07
4.44e-07
4.48e-07
4.46e-07
4.44e-07
4.44e-07
4.46e-07
4.43e-07
4.48e-07
4.44e-07
4.44e-07
4.44e-07
4.44e-07
4.45e-07
4.46e-07
4.43e-07
4.45e-07
4.45e-07
4.42e-07
4.44e-07
4.42e-07
4.44e-07
4.44e-07
4.47e-07
4.48e-07
4.46e-07
4.45e-07
4.44e-07
4.77e-07
4.44e-07
4.46e-07
4.47e-07
4.46e-07
4.45e-07
4.48e-07
4.45e-07
4.44e-07
4.44e-07
4.44e-07
4.46e-07
4.45e-07
4.45e-07
4.46e-07
4.8e-07
4.45e-07
4.48e-07
4.44e-07
4.44e-07
4.46e-07
4.44e-07
