#time [s]
9.32e-07
4.2e-07
3.84e-07
3.82e-07
3.9e-07
3.91e-07
3.92e-07
3.91e-07
3.91e-07
3.91e-07
3.9e-07
3.92e-07
3.91e-07
3.93e-07
3.92e-07
3.92e-07
3.91e-07
3.93e-07
3.92e-07
3.92e-07
3.92e-07
3.93e-07
3.93e-07
3.94e-07
3.95e-07
3.92e-07
3.93e-07
3.92e-07
3.93e-07
3.93e-07
3.94e-07
3.92e-07
3.94e-07
3.93e-07
3.93e-07
3.92e-07
3.93e-07
3.92e-07
3.93e-07
3.93e-07
3.92e-07
3.92e-07
3.92e-07
3.91e-07
3.92e-07
3.93e-07
3.93e-07
3.92e-07
3.92e-07
3.91e-07
3.92e-07
3.91e-07
3.92e-07
3.91e-07
3.92e-07
3.91e-07
3.91e-07
3.9e-07
3.91e-07
3.91e-07
3.93e-07
3.91e-07
3.92e-07
3.92e-07
3.92e-07
3.91e-07
3.92e-07
3.9e-07
3.92e-07
3.92e-07
3.92e-07
3.92e-07
3.92e-07
3.91e-07
3.92e-07
3.92e-07
3.93e-07
3.93e-07
3.94e-07
3.93e-07
3.93e-07
3.93e-07
3.92e-07
3.91e-07
3.94e-07
3.94e-07
3.94e-07
3.94e-07
3.93e-07
3.92e-07
3.94e-07
3.92e-07
3.94e-07
3.93e-07
3.93e-07
3.92e-07
3.93e-07
3.92e-07
3.92e-07
3.91e-07
