#time [s]
2.716e-06
2.701e-06
2.665e-06
2.663e-06
2.662e-06
2.657e-06
2.662e-06
2.668e-06
2.667e-06
2.674e-06
2.667e-06
2.672e-06
2.667e-06
2.668e-06
2.655e-06
2.666e-06
2.665e-06
2.672e-06
2.671e-06
2.675e-06
2.664e-06
2.67e-06
2.664e-06
2.665e-06
2.662e-06
2.668e-06
2.663e-06
2.674e-06
2.672e-06
2.673e-06
2.661e-06
2.667e-06
2.661e-06
2.667e-06
2.666e-06
2.672e-06
2.667e-06
2.674e-06
2.669e-06
2.669e-06
2.663e-06
2.663e-06
2.657e-06
2.669e-06
2.669e-06
2.676e-06
2.666e-06
2.671e-06
2.665e-06
2.667e-06
2.661e-06
2.667e-06
2.662e-06
2.673e-06
2.673e-06
2.674e-06
2.668e-06
2.668e-06
2.657e-06
2.665e-06
2.664e-06
2.67e-06
2.665e-06
2.676e-06
2.671e-06
2.672e-06
2.666e-06
2.666e-06
2.657e-06
2.668e-06
2.667e-06
2.672e-06
2.672e-06
2.673e-06
2.664e-06
2.668e-06
2.662e-06
2.665e-06
2.66e-06
2.669e-06
2.67e-06
2.675e-06
2.67e-06
2.671e-06
2.659e-06
2.665e-06
2.661e-06
2.668e-06
2.667e-06
2.674e-06
2.668e-06
2.673e-06
2.666e-06
2.667e-06
2.658e-06
2.664e-06
2.664e-06
2.671e-06
2.669e-06
2.675e-06
