#time [s]
0.004437334
0.003249462
0.002973478
0.003142256
0.0029725
0.003074069
0.003005222
0.003015271
0.003029477
0.003076643
0.002971499
0.003227615
0.002967157
0.003092693
0.003043981
0.002937242
0.003329867
0.003023398
0.002954048
0.003262791
0.003025663
0.002956506
0.003211433
0.00296481
0.003151492
0.003065813
0.002944889
0.00313868
0.003009131
0.003128065
0.003058672
0.002946155
0.003090179
0.002977341
0.00312395
0.003048862
0.00307672
0.002938961
0.002957801
0.003169837
0.003378222
0.003098525
0.002918607
0.003145095
0.003240601
0.003241051
0.003538175
0.00358238
0.00342275
0.003515365
0.003472976
0.003495664
0.003053207
0.003188852
0.003084392
0.003112411
0.003060173
0.002957857
0.003178442
0.003222682
0.002930188
0.0031365
0.002951234
0.003208115
0.003050407
0.003099135
0.00297942
0.003224231
0.002990414
0.00317444
0.002944891
0.003195248
0.00306921
0.00308947
0.002994023
0.003089746
0.00293522
0.003529064
0.002980643
0.003049871
0.003039623
0.002947591
0.002977413
0.003109027
0.003076464
0.003095595
0.002953309
0.003244554
0.003161608
0.002925152
0.003092242
0.003024122
0.003159801
0.003092919
0.002938382
0.003154811
0.003096742
0.002950249
0.003108598
0.003071537
