#time [s]
2.179e-06
1.986e-06
1.965e-06
1.96e-06
1.983e-06
1.959e-06
1.967e-06
1.954e-06
1.952e-06
1.941e-06
1.941e-06
1.934e-06
1.959e-06
1.929e-06
1.931e-06
1.936e-06
1.952e-06
1.949e-06
1.937e-06
1.952e-06
1.937e-06
1.947e-06
1.931e-06
1.932e-06
1.929e-06
1.933e-06
1.928e-06
1.952e-06
1.952e-06
1.951e-06
1.949e-06
1.951e-06
1.957e-06
1.95e-06
1.951e-06
1.949e-06
1.953e-06
1.945e-06
1.944e-06
1.944e-06
1.959e-06
1.95e-06
1.95e-06
1.949e-06
1.951e-06
1.954e-06
1.952e-06
1.95e-06
1.95e-06
1.948e-06
1.944e-06
1.945e-06
1.949e-06
1.947e-06
1.945e-06
1.947e-06
1.947e-06
1.951e-06
1.956e-06
1.954e-06
1.953e-06
1.951e-06
1.955e-06
1.947e-06
1.947e-06
1.945e-06
1.956e-06
1.945e-06
1.948e-06
1.958e-06
1.955e-06
1.955e-06
1.954e-06
1.952e-06
1.964e-06
1.949e-06
1.949e-06
1.948e-06
1.96e-06
1.945e-06
1.946e-06
1.945e-06
1.947e-06
1.948e-06
1.949e-06
1.952e-06
1.957e-06
1.952e-06
1.947e-06
1.949e-06
1.954e-06
1.948e-06
1.945e-06
1.946e-06
1.944e-06
1.948e-06
1.952e-06
1.95e-06
1.951e-06
1.95e-06
