#time [s]
0.000175834
0.00017576
0.000185074
0.000175786
0.000175891
0.000175753
0.000175769
0.000175778
0.000175711
0.00017568
0.000175721
0.000175749
0.000175765
0.000175671
0.000175701
0.00017578
0.000184194
0.000175836
0.000175766
0.000175803
0.000175857
0.000175628
0.000175719
0.000175723
0.00017574
0.000181856
0.000175991
0.000175718
0.000175745
0.000175796
0.000175792
0.000175776
0.000175692
0.000175719
0.000175728
0.000175666
0.000175704
0.000175755
0.000175794
0.000175751
0.000175802
0.00017576
0.000175616
0.00017574
0.000175787
0.000175787
0.000175712
0.000175863
0.000175839
0.000184941
0.000175789
0.000175814
0.000175759
0.00017576
0.000175628
0.000175855
0.000175753
0.000175759
0.000175692
0.000175744
0.000175685
0.000175768
0.000175742
0.000175788
0.00017581
0.00017575
0.000175706
0.000175787
0.000175737
0.000175816
0.000175774
0.000175773
0.000175806
0.000182261
0.00017598
0.000175778
0.00017572
0.00017577
0.000175737
0.000175711
0.000175838
0.000175744
0.000175803
0.000175708
0.000175762
0.000175837
0.000175823
0.000175676
0.000175761
0.000175703
0.000175754
0.000175811
0.00017577
0.000175742
0.000175808
0.000175754
0.000175753
0.000182219
0.00017586
0.000175786
