#time [s]
0.004023598
0.004016054
0.004500226
0.003758867
0.004207106
0.004155804
0.003576871
0.003565029
0.003786145
0.004038887
0.003713488
0.003740107
0.003689664
0.003932882
0.003831281
0.003973425
0.003939581
0.004287135
0.00408421
0.004123274
0.004185181
0.004643498
0.003848102
0.004042118
0.00383837
0.004021442
0.003957431
0.003962214
0.004021566
0.004194154
0.004478103
0.004165166
0.003720351
0.003733661
0.003642454
0.003709866
0.003659755
0.00381379
0.003995474
0.005202467
0.004300073
0.003661325
0.003590895
0.003944367
0.003768952
0.003608676
0.003568844
0.004132421
0.004085215
0.003767399
0.003631031
0.003750268
0.003938431
0.003589762
0.003789903
0.003588188
0.005059427
0.004393088
0.003679894
0.003619496
0.003749156
0.003728709
0.003559464
0.003599601
0.003749766
0.003757438
0.003631897
0.003586582
0.003738509
0.003597976
0.003814966
0.003553908
0.003627432
0.003554614
0.003642804
0.003620042
0.003691664
0.003645365
0.003813431
0.003570761
0.00358934
0.003641736
0.003569784
0.003651679
0.003626769
0.003760529
0.003574437
0.00365958
0.003652225
0.003684628
0.003585845
0.003614444
0.003701365
0.00395194
0.003604623
0.003632021
0.003622356
0.003734712
0.003584593
0.003659158
