#time [s]
0.001152148
0.001171406
0.001212619
0.001162196
0.001143436
0.001150666
0.001198427
0.001260727
0.00114253
0.00123485
0.001141206
0.001225878
0.001206009
0.001143335
0.001145534
0.001180934
0.001226501
0.001141955
0.001219927
0.001139867
0.001166255
0.001303338
0.001188061
0.001140908
0.001143191
0.00124415
0.001138189
0.001144301
0.001149176
0.00125046
0.001193928
0.001141704
0.001148345
0.0011421
0.001258145
0.001157707
0.001145069
0.001153376
0.001161127
0.001203651
0.001230173
0.001165178
0.001142993
0.001223923
0.001172097
0.001143242
0.001183707
0.001153341
0.001194783
0.001143627
0.00119977
0.001192593
0.00116779
0.001159916
0.001144697
0.001150099
0.001312836
0.00121213
0.001187304
0.001161453
0.001153542
0.001206404
0.001211057
0.001142168
0.001148056
0.001163801
0.001210372
0.001228479
0.001270681
0.001143052
0.001177481
0.001169226
0.001228159
0.001169719
0.001152467
0.001137524
0.001163717
0.001229138
0.001139146
0.00115408
0.001251422
0.001227198
0.001141704
0.001142754
0.001199262
0.001169031
0.0011424
0.001168759
0.001169642
0.001169496
0.001142888
0.001258407
0.001193808
0.001218065
0.001213346
0.001169222
0.001143971
0.001140035
0.001255614
0.001145815
