#time [s]
7.81e-07
6.56e-07
6.25e-07
6.19e-07
5.94e-07
5.93e-07
5.92e-07
5.93e-07
5.93e-07
5.92e-07
5.91e-07
5.94e-07
5.88e-07
5.92e-07
5.91e-07
5.92e-07
6.41e-07
5.92e-07
5.88e-07
5.92e-07
5.87e-07
5.91e-07
5.91e-07
5.9e-07
5.9e-07
5.94e-07
5.91e-07
5.91e-07
5.91e-07
5.91e-07
5.91e-07
6.31e-07
5.92e-07
5.92e-07
5.95e-07
5.9e-07
5.91e-07
5.9e-07
5.93e-07
5.93e-07
5.96e-07
5.95e-07
5.92e-07
5.93e-07
5.96e-07
5.89e-07
5.92e-07
5.91e-07
5.89e-07
5.92e-07
5.94e-07
5.91e-07
5.89e-07
5.9e-07
5.92e-07
5.89e-07
5.93e-07
5.95e-07
5.93e-07
5.92e-07
5.91e-07
5.91e-07
6.35e-07
5.9e-07
5.92e-07
5.92e-07
5.91e-07
5.91e-07
5.95e-07
5.91e-07
5.92e-07
5.92e-07
5.93e-07
5.94e-07
5.95e-07
5.95e-07
5.92e-07
5.92e-07
5.95e-07
5.95e-07
5.92e-07
5.94e-07
5.92e-07
5.93e-07
5.95e-07
5.93e-07
5.9e-07
5.9e-07
5.91e-07
5.91e-07
5.91e-07
5.88e-07
5.95e-07
5.9e-07
5.9e-07
5.89e-07
5.88e-07
5.87e-07
5.91e-07
5.9e-07
