#time [s]
3.35e-06
3.285e-06
3.331e-06
3.235e-06
3.227e-06
3.293e-06
3.205e-06
3.205e-06
3.205e-06
3.21e-06
3.208e-06
3.207e-06
3.204e-06
3.201e-06
3.199e-06
3.2e-06
3.207e-06
3.209e-06
3.212e-06
3.21e-06
3.205e-06
3.2e-06
3.201e-06
3.448e-06
3.245e-06
3.294e-06
3.285e-06
3.205e-06
3.281e-06
3.208e-06
3.215e-06
3.212e-06
3.206e-06
3.204e-06
3.196e-06
3.2e-06
3.203e-06
3.209e-06
3.211e-06
3.207e-06
3.202e-06
3.201e-06
3.199e-06
3.205e-06
3.206e-06
3.21e-06
3.207e-06
3.203e-06
3.204e-06
3.198e-06
3.201e-06
3.205e-06
3.43e-06
3.314e-06
3.3e-06
3.284e-06
3.214e-06
3.288e-06
3.215e-06
3.214e-06
3.205e-06
1.0477e-05
3.391e-06
3.334e-06
3.325e-06
3.314e-06
3.286e-06
3.287e-06
3.288e-06
3.287e-06
3.296e-06
3.292e-06
3.289e-06
3.288e-06
3.278e-06
3.291e-06
3.286e-06
3.299e-06
3.29e-06
3.295e-06
3.281e-06
3.287e-06
3.281e-06
3.294e-06
3.288e-06
3.3e-06
3.287e-06
3.292e-06
3.278e-06
3.288e-06
3.285e-06
3.297e-06
3.291e-06
3.297e-06
3.284e-06
3.288e-06
3.28e-06
3.291e-06
3.288e-06
3.3e-06
