#time [s]
0.000110161
0.000142923
0.000119024
0.000109776
0.000109758
0.000109722
0.000112305
0.000109962
0.000110029
0.000110057
0.000109969
0.000110018
0.000110224
0.000109952
0.000109984
0.000109996
0.000109927
0.000109956
0.000109983
0.000109971
0.000109766
0.000109924
0.000109965
0.000109987
0.000111797
0.000109982
0.000109952
0.000110172
0.000109986
0.00011283
0.00010994
0.000109963
0.000109987
0.000110009
0.000111337
0.000109981
0.000110004
0.000109941
0.000110703
0.000109928
0.000110013
0.000109947
0.000109972
0.000116908
0.000110083
0.000110032
0.000109975
0.00010978
0.000109918
0.00011228
0.000109999
0.000109957
0.000109908
0.000109962
0.000109926
0.00010998
0.000109996
0.000109998
0.00010999
0.000113027
0.000109935
0.00011414
0.000109921
0.000109981
0.000109976
0.000109955
0.00011201
0.000109984
0.000109954
0.000109967
0.000111299
0.000111794
0.000111317
0.000112908
0.000110019
0.000109971
0.0001219
0.000168494
0.00012838
0.00010986
0.000126066
0.000109711
0.000120976
0.00010978
0.000109734
0.0001098
0.000109737
0.000120911
0.000109742
0.000109887
0.000109734
0.000109789
0.000123956
0.000111658
0.000112374
0.00011038
0.000112113
0.000112345
0.00011425
0.000112338
