#time [s]
1.6581e-05
1.643e-05
1.6462e-05
1.6468e-05
1.6421e-05
1.6482e-05
1.6434e-05
1.6452e-05
1.6461e-05
1.6451e-05
1.6459e-05
1.6439e-05
1.6462e-05
1.6431e-05
1.6447e-05
1.6453e-05
1.6436e-05
1.6464e-05
1.6447e-05
1.6455e-05
1.6444e-05
1.6441e-05
1.6461e-05
1.6426e-05
1.6467e-05
1.6444e-05
1.6447e-05
1.6457e-05
1.6428e-05
1.647e-05
1.6437e-05
1.6455e-05
1.6467e-05
1.6432e-05
1.6485e-05
1.6448e-05
1.6458e-05
1.6456e-05
1.644e-05
1.6466e-05
1.6449e-05
1.647e-05
1.643e-05
1.6448e-05
1.6448e-05
1.643e-05
1.6463e-05
1.6434e-05
1.6466e-05
1.6446e-05
1.6441e-05
1.6457e-05
1.6429e-05
1.6462e-05
1.6434e-05
1.647e-05
1.645e-05
1.6457e-05
1.6461e-05
1.6429e-05
1.6456e-05
1.6448e-05
1.6457e-05
1.6469e-05
1.6426e-05
1.646e-05
1.6436e-05
1.6469e-05
1.6455e-05
1.6428e-05
1.6461e-05
1.6435e-05
1.6456e-05
1.6452e-05
1.6443e-05
1.6469e-05
1.6435e-05
1.6461e-05
1.6443e-05
1.6447e-05
1.6453e-05
1.6446e-05
1.648e-05
1.643e-05
1.6454e-05
1.6456e-05
1.6441e-05
1.6479e-05
1.6435e-05
1.6459e-05
1.6447e-05
1.6442e-05
1.6467e-05
1.6427e-05
1.6463e-05
1.6434e-05
1.6449e-05
1.6474e-05
1.6432e-05
1.6482e-05
