#time [s]
2.2163e-05
2.19e-05
2.1843e-05
2.1856e-05
2.1834e-05
2.1795e-05
2.1825e-05
2.184e-05
2.1827e-05
2.1797e-05
2.1797e-05
2.1806e-05
2.1834e-05
2.1812e-05
2.1822e-05
2.1837e-05
2.1833e-05
2.1792e-05
2.1821e-05
2.1826e-05
2.1859e-05
2.1791e-05
2.1821e-05
2.1829e-05
2.1809e-05
2.1813e-05
2.182e-05
2.1848e-05
2.183e-05
2.1819e-05
2.1802e-05
2.183e-05
2.1827e-05
2.1825e-05
2.1822e-05
2.1835e-05
2.1811e-05
2.1816e-05
2.183e-05
2.1846e-05
2.1814e-05
2.1816e-05
2.1829e-05
2.1846e-05
2.1814e-05
2.1816e-05
2.1833e-05
2.184e-05
2.1828e-05
2.1817e-05
2.1833e-05
2.1849e-05
2.1817e-05
2.1811e-05
2.1824e-05
2.1838e-05
2.1814e-05
2.1784e-05
2.1834e-05
2.1827e-05
2.1835e-05
2.1799e-05
2.1837e-05
2.1816e-05
2.1814e-05
2.1811e-05
2.1817e-05
2.1836e-05
2.1795e-05
2.1812e-05
2.1835e-05
2.1837e-05
2.1815e-05
2.1838e-05
2.1839e-05
2.1839e-05
2.1816e-05
2.1814e-05
2.1837e-05
2.1842e-05
2.1781e-05
2.182e-05
2.1839e-05
2.1841e-05
2.1814e-05
2.1806e-05
2.1854e-05
2.1822e-05
2.1791e-05
2.1808e-05
2.1854e-05
2.1834e-05
2.1777e-05
2.1802e-05
2.184e-05
2.1816e-05
2.178e-05
2.1794e-05
2.1849e-05
2.1792e-05
