#time [s]
1.725e-06
1.579e-06
1.524e-06
1.5e-06
1.498e-06
1.483e-06
1.472e-06
1.471e-06
1.473e-06
1.475e-06
1.476e-06
1.475e-06
1.475e-06
1.476e-06
1.478e-06
1.48e-06
1.475e-06
1.478e-06
1.474e-06
1.47e-06
1.472e-06
1.475e-06
1.472e-06
1.467e-06
1.471e-06
1.472e-06
1.475e-06
1.471e-06
1.47e-06
1.485e-06
1.477e-06
1.475e-06
1.474e-06
1.483e-06
1.473e-06
1.473e-06
1.47e-06
1.473e-06
1.467e-06
1.467e-06
1.472e-06
1.465e-06
1.466e-06
1.465e-06
1.471e-06
1.472e-06
1.467e-06
1.469e-06
1.47e-06
1.47e-06
1.473e-06
1.47e-06
1.471e-06
1.47e-06
1.471e-06
1.468e-06
1.467e-06
1.467e-06
1.465e-06
1.465e-06
1.465e-06
1.473e-06
1.466e-06
1.468e-06
1.486e-06
1.475e-06
1.474e-06
1.471e-06
1.477e-06
1.472e-06
1.469e-06
1.473e-06
1.475e-06
1.472e-06
1.473e-06
1.471e-06
1.471e-06
1.467e-06
1.471e-06
1.471e-06
1.473e-06
1.473e-06
1.473e-06
1.475e-06
1.471e-06
1.473e-06
1.472e-06
1.475e-06
1.475e-06
1.468e-06
1.469e-06
1.467e-06
1.466e-06
1.466e-06
1.465e-06
1.472e-06
1.466e-06
1.466e-06
1.467e-06
1.468e-06
