#time [s]
0.000273908
0.000274012
0.000272001
0.000273655
0.00027745
0.000271919
0.000274577
0.000271725
0.000271719
0.000303161
0.000271351
0.000270562
0.00027206
0.000269942
0.000270183
0.000270129
0.000277691
0.000270318
0.000274604
0.000273466
0.00027096
0.000279192
0.000282448
0.000333309
0.000335238
0.000274366
0.000271041
0.000273352
0.000304294
0.000271945
0.000338063
0.000271981
0.000270961
0.000271168
0.000272011
0.000270775
0.000270934
0.000270486
0.000270418
0.000270458
0.000270446
0.000271227
0.000270529
0.000270532
0.000270297
0.000270752
0.000292138
0.000272422
0.000271531
0.000274162
0.000271267
0.000271349
0.000275925
0.000271818
0.000271756
0.000294582
0.000271604
0.000270943
0.000285146
0.00027227
0.000285139
0.000270732
0.000270271
0.000270351
0.000270281
0.000270237
0.000272258
0.000295361
0.000270847
0.000274757
0.000283436
0.000272625
0.000285198
0.000300302
0.000299421
0.000271177
0.000298745
0.000293115
0.00027193
0.000296134
0.000293544
0.000301914
0.000300236
0.000270792
0.000297697
0.000326273
0.000319584
0.000318946
0.000360106
0.000339811
0.000362676
0.00037285
0.000354693
0.000363409
0.000364793
0.000361082
0.000315844
0.000367302
0.000367437
0.000360734
