#time [s]
0.000256161
0.000253897
0.000253861
0.00025386
0.000253839
0.000264204
0.000264862
0.000253886
0.000253801
0.000253863
0.000253879
0.000253825
0.000253851
0.000253744
0.000253842
0.00025386
0.000253857
0.000253828
0.000253813
0.000253854
0.00025383
0.000261417
0.000254693
0.000253889
0.000253795
0.000253859
0.00025386
0.000253845
0.00025385
0.000253839
0.000253849
0.00025383
0.000253897
0.000253843
0.000253847
0.000253862
0.000253865
0.000261962
0.00025883
0.000253892
0.000267937
0.000284697
0.000278867
0.000253855
0.000253835
0.000253827
0.000254053
0.00025387
0.000253734
0.000253776
0.000253838
0.000253872
0.000253772
0.000260118
0.000253893
0.000253979
0.000253955
0.00025384
0.000253845
0.000253828
0.00025383
0.00025384
0.000253845
0.000253836
0.000253777
0.000253848
0.00025383
0.000253849
0.000253854
0.000263756
0.000253933
0.000253888
0.000253879
0.000253867
0.000253751
0.000253846
0.000253867
0.000253837
0.000253908
0.000253832
0.000253866
0.000253722
0.000253844
0.00025384
0.000253844
0.000260793
0.000253898
0.000253874
0.000253872
0.000253864
0.000253862
0.000253764
0.000253863
0.000253786
0.000253834
0.000253827
0.000253903
0.000253784
0.000253817
0.00025385
