#time [s]
0.000145188
0.000196167
0.000195697
0.000143725
0.000143654
0.000143734
0.000191885
0.000143573
0.000143617
0.000143501
0.000183517
0.000178387
0.000177446
0.00017352
0.00018968
0.00017974
0.00017585
0.000178858
0.000183065
0.000197676
0.000163633
0.000185728
0.000143501
0.000186826
0.000170789
0.000174764
0.00019043
0.000143578
0.000183395
0.000157856
0.000168262
0.000175011
0.000181745
0.000170563
0.000178805
0.000181443
0.000143613
0.000163923
0.000143573
0.000183525
0.000143668
0.000146495
0.000167387
0.000162811
0.000154898
0.000143766
0.000163035
0.000143719
0.000162105
0.000148715
0.000186795
0.000165366
0.000185884
0.000170192
0.000191081
0.000165478
0.000181473
0.000163399
0.000182334
0.000145758
0.00018315
0.00017269
0.000176253
0.000181219
0.000156332
0.000170973
0.000173511
0.000154425
0.000181942
0.000143487
0.000163228
0.000143578
0.000156474
0.000156413
0.000143594
0.000165374
0.000170446
0.000158382
0.00016387
0.00014598
0.000181504
0.000174633
0.000181086
0.000162977
0.00018517
0.000152224
0.000185922
0.000160609
0.0001719
0.000167159
0.000178986
0.00018539
0.000175882
0.0001795
0.000157179
0.00016214
0.000166792
0.000154916
0.000176282
0.000163313
