#time [s]
6.18e-07
3.75e-07
3.61e-07
3.62e-07
3.59e-07
3.51e-07
3.49e-07
3.6e-07
3.6e-07
3.61e-07
3.61e-07
3.59e-07
3.6e-07
3.59e-07
3.6e-07
3.6e-07
3.61e-07
3.6e-07
3.6e-07
3.6e-07
3.6e-07
3.6e-07
3.61e-07
3.6e-07
3.6e-07
3.61e-07
3.6e-07
3.61e-07
3.6e-07
3.62e-07
3.6e-07
3.62e-07
3.6e-07
3.62e-07
3.6e-07
3.61e-07
3.6e-07
3.6e-07
3.61e-07
3.6e-07
3.61e-07
3.61e-07
3.61e-07
3.61e-07
3.62e-07
3.61e-07
3.62e-07
3.61e-07
3.62e-07
3.61e-07
3.6e-07
3.6e-07
3.6e-07
3.6e-07
3.6e-07
3.61e-07
3.61e-07
3.6e-07
3.6e-07
3.61e-07
3.6e-07
3.63e-07
3.6e-07
3.63e-07
3.62e-07
3.61e-07
3.61e-07
3.6e-07
3.6e-07
3.6e-07
3.6e-07
3.6e-07
3.6e-07
3.6e-07
3.6e-07
3.6e-07
3.61e-07
3.6e-07
3.61e-07
3.6e-07
3.61e-07
3.6e-07
3.61e-07
3.6e-07
3.6e-07
3.61e-07
3.6e-07
3.6e-07
3.6e-07
3.6e-07
3.6e-07
3.6e-07
3.61e-07
3.63e-07
3.6e-07
3.63e-07
3.61e-07
3.62e-07
3.61e-07
3.62e-07
