#time [s]
4.0362e-05
4.0367e-05
4.0309e-05
4.035e-05
4.0313e-05
4.0322e-05
4.0285e-05
4.0303e-05
4.0262e-05
4.0318e-05
4.0313e-05
4.0315e-05
4.0302e-05
4.0286e-05
4.0298e-05
4.0305e-05
4.0323e-05
4.0267e-05
4.0335e-05
4.0277e-05
4.0327e-05
4.0292e-05
4.0337e-05
4.0318e-05
4.0325e-05
4.026e-05
4.032e-05
4.027e-05
4.0291e-05
4.0276e-05
4.0324e-05
4.0314e-05
4.0336e-05
4.0282e-05
4.0321e-05
4.0303e-05
4.0339e-05
4.0288e-05
4.7166e-05
4.0394e-05
4.04e-05
4.0312e-05
4.0367e-05
4.0303e-05
4.0342e-05
4.0324e-05
4.0326e-05
4.0312e-05
4.0301e-05
4.0281e-05
4.0315e-05
4.0299e-05
4.0334e-05
4.03e-05
4.0321e-05
4.029e-05
4.0314e-05
4.0291e-05
4.0316e-05
4.0332e-05
4.0334e-05
4.0308e-05
4.0299e-05
4.0314e-05
4.0301e-05
4.0323e-05
4.0281e-05
4.0305e-05
4.0295e-05
4.0333e-05
4.0289e-05
4.0317e-05
4.0261e-05
4.0313e-05
4.0294e-05
4.0339e-05
4.0262e-05
4.0327e-05
4.0296e-05
4.0341e-05
4.0289e-05
4.034e-05
4.0313e-05
4.033e-05
4.0317e-05
4.0324e-05
4.0298e-05
4.0312e-05
4.029e-05
4.0328e-05
4.032e-05
4.0306e-05
4.0314e-05
4.0314e-05
4.0293e-05
4.0292e-05
4.0316e-05
4.0305e-05
4.0306e-05
4.0306e-05
