#time [s]
0.000562031
0.000558947
0.000601747
0.000581121
0.000556952
0.00055681
0.000558701
0.000559499
0.000547893
0.00054989
0.000552134
0.000556729
0.000551527
0.000560318
0.000551702
0.000555187
0.000551394
0.00055132
0.000555089
0.00056606
0.000685075
0.000552475
0.000556813
0.000545366
0.00054527
0.000555861
0.000672903
0.000546261
0.000556196
0.000557734
0.000558869
0.000571455
0.000547875
0.000549757
0.00055181
0.000549495
0.000549614
0.000559656
0.000551657
0.000549747
0.000621548
0.000545395
0.000545199
0.000554801
0.000643706
0.000546954
0.000618186
0.000581418
0.000578565
0.0005548
0.000545419
0.000548475
0.000551207
0.000552275
0.000549654
0.000563922
0.000551606
0.000554453
0.000549265
0.000552649
0.00056
0.000552299
0.000549771
0.000554592
0.000551464
0.000553645
0.000554062
0.000547418
0.000558082
0.000652673
0.000545415
0.000570313
0.000546041
0.000557276
0.000556155
0.000553425
0.000546296
0.000556217
0.000549972
0.000551292
0.000561443
0.000581799
0.000545178
0.00054517
0.000549727
0.00054707
0.000557381
0.000547896
0.000550021
0.000551832
0.000551451
0.000550178
0.000556168
0.000577294
0.000570298
0.000545281
0.000580211
0.00055632
0.000545441
0.000555909
