#time [s]
8.746e-06
8.757e-06
8.716e-06
8.738e-06
8.693e-06
8.673e-06
8.664e-06
8.69e-06
8.685e-06
8.672e-06
8.67e-06
8.687e-06
8.661e-06
8.689e-06
8.682e-06
8.653e-06
8.673e-06
8.699e-06
8.653e-06
8.668e-06
8.685e-06
8.684e-06
8.664e-06
8.68e-06
8.692e-06
8.681e-06
8.673e-06
8.672e-06
8.677e-06
8.661e-06
8.686e-06
8.683e-06
8.663e-06
8.662e-06
8.674e-06
8.662e-06
8.675e-06
8.688e-06
8.675e-06
8.668e-06
8.684e-06
8.677e-06
8.649e-06
8.667e-06
8.687e-06
8.68e-06
8.683e-06
8.688e-06
8.677e-06
8.668e-06
8.683e-06
8.687e-06
8.647e-06
8.674e-06
8.693e-06
8.68e-06
8.667e-06
8.687e-06
8.672e-06
8.665e-06
8.682e-06
8.682e-06
8.65e-06
8.674e-06
8.688e-06
8.692e-06
8.663e-06
8.681e-06
8.677e-06
8.68e-06
8.675e-06
8.694e-06
8.667e-06
8.668e-06
8.692e-06
8.674e-06
8.654e-06
8.691e-06
8.684e-06
8.664e-06
8.68e-06
8.687e-06
8.664e-06
8.66e-06
8.677e-06
8.688e-06
8.666e-06
8.691e-06
8.68e-06
8.663e-06
8.684e-06
8.688e-06
8.667e-06
8.66e-06
8.677e-06
8.674e-06
8.652e-06
8.704e-06
8.673e-06
1.5279e-05
