#time [s]
5.1122e-05
5.0447e-05
5.0321e-05
5.0368e-05
5.0338e-05
5.0302e-05
7.6835e-05
5.0402e-05
5.0369e-05
5.0353e-05
5.0264e-05
5.0296e-05
5.8783e-05
5.21e-05
5.0934e-05
5.047e-05
5.0338e-05
5.0339e-05
5.0351e-05
5.0288e-05
5.0273e-05
5.0351e-05
5.0274e-05
5.0226e-05
5.0336e-05
5.0299e-05
5.031e-05
5.0343e-05
5.034e-05
5.0292e-05
5.0305e-05
5.0261e-05
5.0291e-05
5.0256e-05
5.0241e-05
5.0254e-05
5.0247e-05
5.0291e-05
5.0312e-05
5.0392e-05
5.0327e-05
5.0263e-05
5.0323e-05
5.0229e-05
5.0263e-05
5.0345e-05
5.0285e-05
5.0265e-05
5.0324e-05
5.0309e-05
5.0304e-05
5.8445e-05
5.0424e-05
5.0436e-05
5.0352e-05
5.0293e-05
5.03e-05
5.0312e-05
5.0261e-05
5.029e-05
5.0312e-05
5.0313e-05
5.0296e-05
5.0317e-05
5.0329e-05
5.0316e-05
5.0283e-05
5.0323e-05
5.0287e-05
5.0333e-05
5.0333e-05
5.0313e-05
5.0268e-05
5.0291e-05
5.0309e-05
5.0287e-05
5.0257e-05
5.0283e-05
5.0321e-05
5.0337e-05
5.0321e-05
5.0358e-05
5.0323e-05
5.0277e-05
5.029e-05
5.0332e-05
5.0314e-05
5.6416e-05
5.0412e-05
5.0347e-05
5.0331e-05
5.0324e-05
5.033e-05
5.0348e-05
5.0284e-05
5.0296e-05
5.0345e-05
5.0301e-05
5.0317e-05
5.0359e-05
