#time [s]
2.404e-06
2.37e-06
2.353e-06
2.351e-06
2.357e-06
2.347e-06
2.351e-06
2.372e-06
2.384e-06
2.348e-06
2.34e-06
2.381e-06
2.37e-06
2.369e-06
2.365e-06
2.356e-06
2.375e-06
2.347e-06
2.346e-06
2.345e-06
2.359e-06
2.353e-06
2.365e-06
2.363e-06
2.346e-06
2.377e-06
2.345e-06
2.347e-06
2.339e-06
2.376e-06
2.352e-06
2.347e-06
2.363e-06
2.356e-06
2.348e-06
2.381e-06
2.352e-06
2.358e-06
2.344e-06
2.347e-06
2.341e-06
2.359e-06
2.361e-06
2.35e-06
2.356e-06
2.356e-06
2.346e-06
2.361e-06
2.345e-06
2.376e-06
2.343e-06
2.347e-06
2.341e-06
2.378e-06
2.352e-06
2.349e-06
2.365e-06
2.355e-06
2.346e-06
2.379e-06
2.35e-06
2.355e-06
2.344e-06
2.348e-06
2.342e-06
2.361e-06
2.363e-06
2.35e-06
2.356e-06
2.354e-06
2.358e-06
2.359e-06
2.343e-06
2.374e-06
2.344e-06
2.349e-06
2.344e-06
2.381e-06
2.353e-06
2.351e-06
2.364e-06
2.354e-06
2.344e-06
2.377e-06
2.348e-06
2.355e-06
2.347e-06
2.35e-06
2.345e-06
2.363e-06
2.364e-06
2.35e-06
2.354e-06
2.353e-06
2.343e-06
2.358e-06
2.341e-06
2.375e-06
2.347e-06
2.351e-06
