#time [s]
4.945e-06
4.811e-06
4.814e-06
4.805e-06
4.8e-06
4.757e-06
4.766e-06
4.771e-06
4.782e-06
4.775e-06
4.773e-06
4.761e-06
4.763e-06
4.771e-06
4.785e-06
4.775e-06
4.755e-06
4.766e-06
4.758e-06
4.783e-06
4.768e-06
4.772e-06
4.75e-06
4.769e-06
4.765e-06
4.783e-06
4.762e-06
4.768e-06
4.753e-06
4.773e-06
4.764e-06
4.781e-06
4.761e-06
4.765e-06
4.753e-06
4.776e-06
4.771e-06
4.778e-06
4.755e-06
4.765e-06
4.759e-06
4.779e-06
4.767e-06
4.775e-06
4.755e-06
4.766e-06
4.759e-06
4.782e-06
4.767e-06
4.772e-06
4.75e-06
4.768e-06
4.766e-06
4.783e-06
4.761e-06
4.768e-06
4.753e-06
4.773e-06
4.766e-06
4.781e-06
4.761e-06
4.765e-06
4.753e-06
4.776e-06
4.771e-06
4.778e-06
4.755e-06
4.765e-06
4.759e-06
4.779e-06
4.768e-06
4.775e-06
4.755e-06
4.766e-06
4.759e-06
4.781e-06
4.767e-06
4.772e-06
4.75e-06
4.769e-06
4.765e-06
4.783e-06
4.762e-06
4.768e-06
4.753e-06
4.772e-06
4.766e-06
4.781e-06
4.761e-06
4.765e-06
4.753e-06
4.776e-06
4.77e-06
4.778e-06
4.755e-06
4.764e-06
4.759e-06
4.779e-06
4.766e-06
4.775e-06
