#time [s]
0.001252383
0.001413812
0.001251174
0.001211549
0.001211414
0.001271938
0.00122628
0.001234189
0.001228596
0.001215056
0.001219732
0.001246175
0.001259908
0.001236392
0.001224093
0.001215906
0.001233886
0.001227207
0.001215136
0.001217934
0.001234505
0.001224477
0.001361332
0.001213398
0.00120899
0.001225005
0.001231336
0.001224541
0.001252033
0.001220155
0.001218163
0.001250069
0.001241745
0.001284581
0.001218242
0.001247965
0.001227372
0.001214189
0.001240194
0.00123852
0.001245407
0.001219307
0.001240183
0.001217535
0.001263479
0.00137433
0.001252416
0.001224127
0.001211891
0.00122149
0.00127456
0.001223938
0.001245515
0.001236622
0.00123761
0.001242603
0.001397915
0.001254822
0.001223826
0.001218518
0.001216704
0.001235914
0.001266968
0.001244421
0.001234486
0.001215153
0.001246156
0.001309654
0.001230128
0.001210517
0.001221829
0.001265796
0.001238227
0.00123768
0.001241725
0.001226465
0.00123155
0.001281873
0.001248878
0.001222411
0.001249799
0.001234666
0.001229885
0.001211985
0.001218665
0.001253397
0.001214594
0.001254756
0.001331768
0.001260067
0.001222724
0.001221289
0.001215741
0.001254961
0.001223971
0.001222822
0.001258865
0.001241305
0.001277178
0.001402673
