#time [s]
0.000672912
0.000947986
0.000910889
0.000904837
0.000909454
0.000903324
0.000987468
0.00102325
0.00113157
0.001027399
0.001113657
0.000988193
0.00101287
0.000885093
0.000827284
0.000787727
0.000796554
0.00080351
0.000794362
0.000656885
0.000659582
0.000661291
0.000668908
0.000696716
0.000660583
0.000658276
0.000660307
0.00068747
0.000657822
0.000666961
0.000660404
0.000802115
0.000709976
0.000706062
0.000730123
0.000723802
0.000665971
0.000661597
0.000663452
0.000660073
0.000675326
0.000688941
0.000657012
0.00065603
0.000662168
0.000675624
0.000661557
0.000661082
0.000669177
0.000672564
0.000660484
0.000673768
0.000662688
0.000794641
0.000687962
0.000657612
0.000668622
0.000675884
0.000668814
0.000666012
0.00069715
0.000720562
0.000656139
0.000658431
0.000659139
0.000682605
0.000690121
0.000664271
0.000669042
0.000662124
0.000658848
0.000672203
0.00066129
0.000668645
0.000659034
0.000658941
0.000865897
0.000658375
0.000656106
0.000690853
0.000656237
0.000656721
0.000657896
0.00065989
0.000659489
0.00067721
0.00066339
0.00065911
0.000662026
0.000683604
0.000673649
0.000668877
0.000665357
0.000659422
0.000661417
0.000671596
0.000663576
0.000783193
0.001030926
0.000657503
