#time [s]
5.912e-06
5.797e-06
5.742e-06
5.746e-06
5.742e-06
5.737e-06
5.724e-06
5.719e-06
5.723e-06
5.736e-06
5.724e-06
5.723e-06
5.716e-06
5.729e-06
5.731e-06
5.731e-06
5.711e-06
5.815e-06
5.731e-06
5.735e-06
5.727e-06
5.714e-06
5.727e-06
5.738e-06
5.731e-06
5.717e-06
5.715e-06
5.722e-06
5.731e-06
5.733e-06
5.719e-06
5.716e-06
5.73e-06
5.74e-06
5.725e-06
5.72e-06
5.725e-06
5.732e-06
5.734e-06
5.726e-06
5.715e-06
5.722e-06
5.738e-06
5.726e-06
5.72e-06
5.719e-06
5.733e-06
5.732e-06
5.725e-06
5.719e-06
5.724e-06
5.738e-06
5.734e-06
5.72e-06
5.717e-06
5.73e-06
5.736e-06
5.724e-06
5.719e-06
5.716e-06
5.734e-06
5.738e-06
5.814e-06
5.715e-06
5.721e-06
5.741e-06
5.716e-06
5.718e-06
5.718e-06
5.729e-06
5.722e-06
5.727e-06
5.715e-06
5.721e-06
5.735e-06
5.72e-06
5.722e-06
5.715e-06
5.725e-06
5.737e-06
5.73e-06
5.719e-06
5.719e-06
5.729e-06
5.735e-06
5.713e-06
5.715e-06
5.721e-06
5.733e-06
5.734e-06
5.723e-06
5.702e-06
5.725e-06
5.736e-06
5.729e-06
5.704e-06
5.718e-06
5.73e-06
5.736e-06
5.778e-06
