#time [s]
0.00011271
0.00011168
0.000103758
0.000103805
0.000103818
0.000103718
0.000103776
0.000103743
0.000103764
0.000103755
0.000103742
0.000103769
0.000103787
0.000103785
0.000103808
0.000103787
0.00011015
0.000103789
0.000103784
0.000103805
0.000103806
0.00010374
0.000103756
0.00010378
0.000103761
0.000103744
0.000103868
0.000103672
0.000103778
0.000103767
0.000103771
0.000103767
0.000103884
0.000103622
0.000103759
0.000103785
0.000103763
0.000103749
0.000104956
0.000103752
0.00010395
0.000103759
0.000103673
0.000103748
0.0001038
0.000103767
0.000103712
0.000103764
0.000103746
0.000103752
0.000126684
0.000107118
0.000103815
0.000103805
0.000103662
0.000103791
0.000103742
0.000103723
0.000103774
0.0001038
0.000103755
0.000103757
0.000103691
0.000103761
0.000103772
0.000103767
0.000103737
0.000103665
0.000103728
0.000103777
0.000103755
0.000103791
0.000103765
0.000103758
0.000103789
0.00010377
0.000103767
0.000103811
0.000103726
0.000103809
0.000103761
0.000103759
0.000103751
0.000103759
0.000113152
0.00010386
0.000103826
0.000103644
0.000103795
0.000103833
0.00010369
0.000103777
0.000103774
0.000103818
0.00010376
0.000103713
0.000103788
0.00010377
0.000103762
0.000103722
