#time [s]
1.014e-06
1e-06
9.73e-07
9.71e-07
9.7e-07
9.92e-07
9.68e-07
9.69e-07
9.68e-07
9.69e-07
9.68e-07
9.67e-07
9.69e-07
9.69e-07
9.69e-07
9.69e-07
9.7e-07
9.69e-07
9.71e-07
9.71e-07
9.71e-07
9.7e-07
9.73e-07
9.71e-07
9.71e-07
9.7e-07
9.69e-07
9.7e-07
9.69e-07
9.71e-07
9.69e-07
9.69e-07
9.68e-07
9.66e-07
9.68e-07
9.68e-07
9.69e-07
9.67e-07
9.69e-07
9.69e-07
9.69e-07
9.7e-07
9.71e-07
9.71e-07
9.68e-07
9.71e-07
9.71e-07
9.71e-07
9.72e-07
9.72e-07
9.7e-07
9.69e-07
9.69e-07
9.69e-07
9.68e-07
9.68e-07
9.7e-07
9.66e-07
9.69e-07
9.68e-07
9.68e-07
9.7e-07
9.68e-07
9.7e-07
9.71e-07
9.7e-07
9.71e-07
9.69e-07
9.72e-07
9.71e-07
9.71e-07
9.72e-07
9.7e-07
9.71e-07
9.69e-07
9.69e-07
9.69e-07
9.68e-07
9.68e-07
9.68e-07
9.68e-07
9.68e-07
9.68e-07
9.69e-07
9.68e-07
9.69e-07
9.7e-07
9.7e-07
9.7e-07
9.71e-07
9.7e-07
9.71e-07
9.71e-07
9.71e-07
9.7e-07
9.71e-07
9.7e-07
9.7e-07
9.7e-07
9.69e-07
