#time [s]
1.698e-06
1.692e-06
1.628e-06
1.621e-06
1.634e-06
1.617e-06
1.616e-06
1.613e-06
1.616e-06
1.617e-06
1.616e-06
1.615e-06
1.616e-06
1.615e-06
1.617e-06
1.62e-06
1.618e-06
1.622e-06
1.615e-06
1.614e-06
1.619e-06
1.614e-06
1.617e-06
1.615e-06
1.615e-06
1.62e-06
1.616e-06
1.615e-06
1.616e-06
1.619e-06
1.617e-06
1.614e-06
1.619e-06
1.612e-06
1.612e-06
1.611e-06
1.61e-06
1.61e-06
1.613e-06
1.619e-06
1.615e-06
1.622e-06
1.621e-06
1.621e-06
1.62e-06
1.618e-06
1.62e-06
1.613e-06
1.612e-06
1.616e-06
1.608e-06
1.607e-06
1.611e-06
1.622e-06
1.615e-06
1.619e-06
1.621e-06
1.619e-06
1.623e-06
1.62e-06
1.613e-06
1.617e-06
1.613e-06
1.617e-06
1.612e-06
1.611e-06
1.613e-06
1.612e-06
1.615e-06
1.619e-06
1.615e-06
1.616e-06
1.62e-06
1.621e-06
1.615e-06
1.619e-06
1.615e-06
1.614e-06
1.611e-06
1.61e-06
1.612e-06
1.616e-06
1.611e-06
1.614e-06
1.617e-06
1.621e-06
1.619e-06
1.622e-06
1.618e-06
1.615e-06
1.613e-06
1.618e-06
1.613e-06
1.612e-06
1.61e-06
1.612e-06
1.613e-06
1.618e-06
1.614e-06
1.619e-06
