#time [s]
5.7557e-05
5.7434e-05
5.7509e-05
5.7445e-05
5.7413e-05
5.7753e-05
5.7406e-05
5.74e-05
5.7406e-05
6.4489e-05
5.7435e-05
5.7407e-05
5.7396e-05
5.7793e-05
5.7344e-05
5.7917e-05
5.7788e-05
5.7804e-05
5.788e-05
5.7778e-05
5.7798e-05
5.7788e-05
5.7818e-05
5.7774e-05
5.7818e-05
5.7756e-05
5.7794e-05
5.788e-05
5.8577e-05
5.781e-05
5.7817e-05
5.7807e-05
5.7808e-05
5.7751e-05
5.7797e-05
6.3711e-05
5.7898e-05
5.7998e-05
5.7929e-05
5.7437e-05
5.7921e-05
5.7439e-05
5.7829e-05
5.7823e-05
5.7943e-05
5.7814e-05
5.7802e-05
5.794e-05
5.7806e-05
5.7803e-05
5.7819e-05
5.787e-05
5.7792e-05
5.7921e-05
5.7792e-05
5.7934e-05
5.7809e-05
5.7901e-05
5.7448e-05
5.7398e-05
5.7425e-05
5.7831e-05
5.7755e-05
5.7812e-05
5.7919e-05
5.7812e-05
5.7779e-05
5.7796e-05
5.7799e-05
5.7777e-05
5.824e-05
5.7763e-05
5.7787e-05
5.7807e-05
5.7808e-05
5.7792e-05
5.7933e-05
5.7382e-05
5.7918e-05
5.8335e-05
5.7796e-05
5.7823e-05
5.7801e-05
5.7806e-05
5.7785e-05
5.7786e-05
5.8366e-05
5.7922e-05
5.7429e-05
5.8271e-05
5.7925e-05
5.7809e-05
6.8454e-05
5.8019e-05
5.8293e-05
5.7946e-05
5.7803e-05
5.7794e-05
5.7815e-05
5.7928e-05
