#time [s]
6.28e-07
6.06e-07
5.53e-07
5.39e-07
5.39e-07
5.23e-07
5.06e-07
5.07e-07
5.24e-07
5.23e-07
5.07e-07
5.02e-07
5.09e-07
5.02e-07
5.02e-07
5.23e-07
5.04e-07
5.02e-07
5.02e-07
5.05e-07
5.04e-07
5.04e-07
5.05e-07
5.02e-07
5.04e-07
5.06e-07
5.06e-07
5.06e-07
5.06e-07
5.5e-07
5.03e-07
5.02e-07
5.05e-07
5.05e-07
5.02e-07
5.04e-07
5.04e-07
5.01e-07
5.03e-07
5.01e-07
5.02e-07
5.02e-07
5.02e-07
5.33e-07
5.03e-07
5.02e-07
5.03e-07
5.04e-07
5.03e-07
4.99e-07
5.02e-07
5.02e-07
5.03e-07
5.02e-07
5.05e-07
5.04e-07
5.03e-07
5.04e-07
5.03e-07
5.02e-07
5.02e-07
5.03e-07
5.04e-07
5e-07
5.04e-07
5.03e-07
5.05e-07
5.05e-07
5.03e-07
5.06e-07
5.02e-07
5.4e-07
5.04e-07
5.04e-07
5.06e-07
5.03e-07
5.03e-07
5.03e-07
5.05e-07
5.04e-07
5.05e-07
5.04e-07
5.05e-07
5.04e-07
5.03e-07
5.01e-07
5.04e-07
5.03e-07
5.01e-07
5.01e-07
5.08e-07
5.04e-07
5.01e-07
5.06e-07
5.03e-07
5.02e-07
5.04e-07
5.02e-07
5.01e-07
5.01e-07
