#time [s]
0.003978665
0.004171158
0.003960876
0.004005598
0.004001097
0.00411292
0.003993486
0.004036535
0.003979314
0.004170256
0.004005331
0.003990686
0.00420463
0.004010884
0.004011593
0.004014412
0.004153792
0.003975382
0.004026304
0.003975698
0.004178852
0.003962661
0.004032569
0.003981656
0.004183869
0.003962507
0.00402581
0.003970713
0.004161793
0.004004314
0.004013016
0.004009382
0.004123437
0.003987097
0.004003365
0.003976566
0.004000721
0.004001774
0.003993459
0.004135912
0.004015705
0.003997895
0.00399544
0.00410108
0.00399683
0.003995439
0.00397631
0.004159672
0.004329044
0.004066885
0.004158961
0.004092996
0.004095831
0.004037913
0.00403514
0.004177102
0.003987356
0.004015192
0.003994454
0.004346766
0.003984313
0.004045749
0.00398313
0.004099125
0.004072835
0.003994576
0.003993424
0.004170822
0.004035079
0.003980443
0.004051731
0.004046941
0.004005649
0.004008237
0.00412996
0.004006628
0.003994955
0.004092133
0.004356347
0.004177362
0.004049234
0.003982167
0.004166964
0.004037278
0.003976303
0.004007737
0.004203764
0.003966677
0.004003554
0.003959585
0.004177193
0.00395822
0.004009494
0.003963358
0.004006733
0.003951827
0.004026506
0.003980225
0.004177473
0.003951967
