#time [s]
0.00105083
0.001079147
0.001066206
0.001076262
0.001171119
0.00115507
0.001088905
0.001061844
0.001062007
0.001057201
0.001083513
0.001068984
0.001079199
0.001082507
0.001072727
0.001057999
0.001107296
0.001244368
0.001116009
0.001072967
0.001058506
0.001062442
0.001057289
0.001077916
0.001069871
0.00107391
0.00107273
0.001051939
0.001174795
0.001055326
0.001155298
0.001087746
0.001050852
0.001064036
0.001066028
0.001071861
0.001077841
0.00107287
0.001069694
0.0010642
0.001068371
0.001076646
0.00115396
0.00107846
0.001062347
0.001063164
0.001058072
0.001095411
0.001094106
0.001079876
0.001094031
0.001074262
0.001055138
0.001077762
0.001185289
0.001095312
0.001053977
0.00105359
0.001075844
0.001054783
0.001079296
0.001089924
0.001065631
0.001100597
0.001063949
0.001053077
0.001062165
0.001126023
0.001105388
0.001054682
0.001061821
0.001069525
0.001066524
0.001100591
0.001068054
0.001087588
0.001072252
0.001053041
0.001080244
0.001198195
0.001056381
0.001097812
0.00106435
0.001074724
0.001057055
0.001112089
0.001065908
0.001058562
0.001074066
0.001069899
0.001057259
0.001072169
0.001108314
0.001074694
0.001099899
0.001052669
0.001063585
0.001088359
0.001083512
0.00109203
