#time [s]
8.328e-06
8.26e-06
8.214e-06
8.195e-06
8.211e-06
8.167e-06
8.152e-06
8.177e-06
8.174e-06
8.151e-06
8.175e-06
8.176e-06
8.152e-06
8.167e-06
8.186e-06
8.157e-06
8.159e-06
8.175e-06
8.151e-06
8.166e-06
8.179e-06
8.157e-06
8.154e-06
8.182e-06
8.161e-06
8.151e-06
8.174e-06
8.17e-06
8.16e-06
8.171e-06
8.168e-06
8.149e-06
8.169e-06
8.172e-06
8.147e-06
8.163e-06
8.188e-06
8.149e-06
8.167e-06
8.186e-06
8.151e-06
8.16e-06
8.185e-06
8.159e-06
8.162e-06
8.177e-06
8.158e-06
8.159e-06
8.171e-06
8.165e-06
8.148e-06
8.173e-06
8.177e-06
8.15e-06
8.177e-06
8.171e-06
8.149e-06
8.167e-06
8.174e-06
8.151e-06
8.162e-06
8.177e-06
8.152e-06
8.16e-06
8.175e-06
8.167e-06
8.155e-06
8.186e-06
8.167e-06
8.161e-06
8.178e-06
8.163e-06
8.163e-06
8.173e-06
8.177e-06
8.148e-06
8.179e-06
8.171e-06
8.149e-06
8.18e-06
8.173e-06
8.153e-06
8.165e-06
8.176e-06
8.151e-06
8.162e-06
8.181e-06
8.158e-06
8.157e-06
8.187e-06
8.165e-06
8.151e-06
8.179e-06
8.162e-06
8.148e-06
8.172e-06
8.174e-06
8.152e-06
8.171e-06
8.173e-06
