#time [s]
6.465e-06
6.358e-06
6.294e-06
6.303e-06
6.312e-06
6.281e-06
6.266e-06
6.292e-06
6.284e-06
6.282e-06
6.268e-06
6.263e-06
6.284e-06
6.289e-06
6.272e-06
6.266e-06
6.28e-06
6.283e-06
6.276e-06
6.261e-06
6.275e-06
6.284e-06
6.28e-06
6.262e-06
6.257e-06
6.282e-06
6.283e-06
6.266e-06
6.268e-06
6.277e-06
6.287e-06
6.27e-06
6.265e-06
6.273e-06
6.289e-06
6.274e-06
6.26e-06
6.272e-06
6.284e-06
6.279e-06
6.268e-06
6.27e-06
6.28e-06
6.284e-06
6.266e-06
6.268e-06
6.279e-06
6.288e-06
6.263e-06
6.26e-06
6.264e-06
6.279e-06
6.268e-06
6.291e-06
6.269e-06
6.286e-06
6.275e-06
6.267e-06
6.265e-06
6.282e-06
6.288e-06
6.271e-06
6.267e-06
6.275e-06
6.284e-06
6.272e-06
6.262e-06
6.271e-06
6.288e-06
6.278e-06
6.269e-06
6.271e-06
6.284e-06
6.283e-06
6.273e-06
6.266e-06
6.28e-06
6.286e-06
6.276e-06
6.265e-06
6.281e-06
6.286e-06
6.279e-06
6.262e-06
6.273e-06
6.284e-06
6.28e-06
6.27e-06
6.268e-06
6.287e-06
6.285e-06
6.267e-06
6.266e-06
6.277e-06
6.307e-06
6.271e-06
6.265e-06
6.274e-06
6.285e-06
6.286e-06
