#time [s]
6.348e-05
6.337e-05
6.3328e-05
6.334e-05
6.3324e-05
6.3307e-05
6.3316e-05
6.3333e-05
6.332e-05
6.3321e-05
6.3316e-05
6.3298e-05
6.3323e-05
6.332e-05
6.3317e-05
6.3305e-05
6.3317e-05
6.3322e-05
6.3317e-05
6.3303e-05
6.3315e-05
6.3317e-05
6.3316e-05
6.3318e-05
6.3316e-05
6.3307e-05
6.3319e-05
6.3305e-05
6.331e-05
6.3317e-05
6.3324e-05
6.3327e-05
6.3309e-05
6.3314e-05
6.3301e-05
6.3319e-05
6.3322e-05
6.3314e-05
6.3312e-05
6.3317e-05
6.3309e-05
7.0179e-05
6.3405e-05
6.3355e-05
6.3341e-05
6.3345e-05
6.3316e-05
6.3332e-05
6.3321e-05
6.3299e-05
6.3304e-05
6.3316e-05
6.3305e-05
9.0083e-05
6.3384e-05
6.335e-05
6.3343e-05
6.3341e-05
6.3313e-05
6.3313e-05
6.3307e-05
6.3302e-05
6.3307e-05
6.329e-05
6.3313e-05
6.3293e-05
6.3323e-05
6.3304e-05
6.3311e-05
6.3325e-05
6.331e-05
6.3297e-05
6.3296e-05
6.3285e-05
6.3303e-05
6.331e-05
6.3305e-05
6.3303e-05
6.3292e-05
6.3311e-05
6.3333e-05
6.3317e-05
7.1508e-05
6.3425e-05
6.3355e-05
6.3333e-05
6.3332e-05
6.3302e-05
6.3321e-05
6.3299e-05
6.333e-05
6.3315e-05
6.3309e-05
6.3322e-05
6.3303e-05
6.3324e-05
6.3303e-05
6.3311e-05
6.3336e-05
6.3319e-05
