#time [s]
0.001098556
0.00110041
0.001098565
0.001124678
0.001105272
0.001105412
0.001111118
0.001131918
0.001123984
0.001096934
0.001119992
0.001336916
0.001133093
0.001108806
0.001107084
0.001101038
0.001108275
0.001107684
0.001100709
0.001105479
0.001111064
0.001108763
0.001167366
0.001115794
0.001238611
0.001100284
0.001098406
0.001099653
0.001100343
0.001101361
0.001119477
0.001099865
0.001100475
0.0011229
0.001111411
0.001099902
0.001106677
0.0011164
0.001188459
0.001155613
0.001106975
0.001098663
0.001101106
0.001102739
0.001114944
0.001102751
0.00110416
0.001114106
0.001096036
0.001097614
0.001099164
0.001194269
0.001098207
0.001134955
0.001107604
0.001101412
0.00110037
0.001118789
0.001133243
0.001143952
0.00110278
0.001110504
0.001099887
0.001131223
0.001133955
0.001273989
0.001141698
0.001112401
0.001119051
0.001120699
0.001114568
0.00109909
0.001100952
0.001106343
0.001167041
0.001098279
0.001099596
0.001149536
0.001124432
0.001139024
0.001134724
0.001100924
0.001123734
0.001111334
0.001122007
0.0011328
0.001106465
0.001110001
0.001106815
0.001111504
0.001197528
0.001186791
0.001163348
0.00111196
0.001100729
0.001142091
0.001102609
0.001102657
0.001101257
0.00119553
