#time [s]
5.0543e-05
5.053e-05
4.9912e-05
4.994e-05
4.9968e-05
4.9946e-05
4.9959e-05
4.997e-05
4.9964e-05
4.9933e-05
4.997e-05
4.9926e-05
4.9963e-05
4.9947e-05
4.9962e-05
4.9957e-05
4.9924e-05
4.9913e-05
4.9941e-05
4.995e-05
4.9957e-05
4.9962e-05
4.9945e-05
4.9963e-05
4.9969e-05
4.9952e-05
4.9969e-05
4.9941e-05
4.9941e-05
4.9977e-05
4.9953e-05
4.9953e-05
4.9943e-05
4.9911e-05
4.9943e-05
4.9944e-05
4.9954e-05
4.9959e-05
4.996e-05
4.9947e-05
4.9973e-05
6.0491e-05
5.0655e-05
5.0549e-05
5.0537e-05
5.0561e-05
5.0759e-05
4.9988e-05
4.9966e-05
5.0006e-05
4.9984e-05
4.9947e-05
4.9965e-05
4.995e-05
4.9944e-05
4.9973e-05
4.9963e-05
4.9949e-05
4.995e-05
4.9937e-05
4.9988e-05
4.9979e-05
4.9996e-05
5.0006e-05
4.9994e-05
5.056e-05
4.9974e-05
4.9988e-05
4.996e-05
4.9933e-05
4.9961e-05
4.9963e-05
4.9967e-05
4.9972e-05
4.994e-05
4.9963e-05
4.9991e-05
4.9981e-05
4.9976e-05
4.9976e-05
4.997e-05
4.9952e-05
4.9952e-05
4.9968e-05
4.9943e-05
4.995e-05
4.9922e-05
4.9929e-05
4.993e-05
5.0566e-05
4.9969e-05
4.9961e-05
4.994e-05
4.9983e-05
4.996e-05
4.998e-05
4.9937e-05
4.994e-05
5.0534e-05
4.992e-05
