#time [s]
8.836e-06
8.551e-06
8.51e-06
8.488e-06
8.697e-06
8.499e-06
8.493e-06
8.504e-06
8.516e-06
8.505e-06
8.691e-06
8.486e-06
8.5e-06
8.524e-06
8.666e-06
8.477e-06
8.693e-06
8.472e-06
8.692e-06
8.489e-06
8.675e-06
8.491e-06
8.516e-06
1.4782e-05
8.648e-06
8.729e-06
8.527e-06
8.516e-06
8.483e-06
8.692e-06
8.493e-06
8.674e-06
8.498e-06
8.686e-06
8.488e-06
8.696e-06
8.47e-06
8.699e-06
8.499e-06
8.669e-06
8.49e-06
8.688e-06
8.485e-06
8.714e-06
8.481e-06
8.677e-06
8.496e-06
8.674e-06
8.48e-06
8.694e-06
8.475e-06
8.698e-06
8.518e-06
8.67e-06
8.499e-06
8.691e-06
8.472e-06
8.697e-06
8.505e-06
8.684e-06
8.495e-06
8.685e-06
8.487e-06
8.701e-06
8.463e-06
8.508e-06
8.511e-06
8.488e-06
8.7e-06
8.484e-06
8.683e-06
8.493e-06
8.684e-06
8.472e-06
8.706e-06
8.468e-06
8.529e-06
8.698e-06
8.47e-06
8.695e-06
8.503e-06
8.678e-06
8.503e-06
8.679e-06
8.482e-06
8.709e-06
8.48e-06
8.684e-06
8.499e-06
8.686e-06
8.496e-06
8.7e-06
8.477e-06
8.691e-06
8.482e-06
8.672e-06
8.505e-06
8.676e-06
8.48e-06
8.703e-06
