#time [s]
0.001332936
0.001257738
0.001257318
0.001356948
0.001270908
0.001259675
0.001306133
0.001269573
0.001259026
0.001363566
0.001268074
0.00125811
0.001261427
0.001264942
0.001260065
0.001262295
0.001294517
0.001347977
0.001257309
0.001342414
0.001295073
0.001256517
0.001265247
0.001261528
0.001268003
0.001266445
0.00125584
0.001302759
0.00125623
0.00125827
0.001393439
0.00125646
0.001290392
0.001268879
0.001259788
0.001266496
0.001290122
0.001261516
0.001285696
0.001268635
0.001260982
0.001263817
0.001457533
0.001259009
0.001260037
0.00125775
0.001260094
0.001283975
0.001263775
0.001364571
0.001271378
0.001259451
0.001262428
0.001264998
0.001364856
0.001330669
0.001284514
0.001256612
0.001274174
0.001283187
0.001256203
0.001257499
0.001283249
0.001276733
0.001283946
0.001369306
0.001266753
0.001258991
0.00126035
0.001285296
0.001257914
0.001260386
0.001264149
0.001268527
0.001261479
0.001263411
0.001400233
0.001266523
0.001260228
0.001262442
0.001284277
0.001281569
0.00126186
0.001274827
0.001269975
0.00127054
0.0013858
0.001280807
0.001257903
0.001269435
0.001259776
0.00126485
0.00128714
0.001261551
0.001263198
0.00128032
0.001373528
0.001273079
0.001752365
0.00160355
