#time [s]
0.000217237
0.000194559
0.00021502
0.000208608
0.00019469
0.000194754
0.00019484
0.000194567
0.000194754
0.000194705
0.000194648
0.000194583
0.000194534
0.000194589
0.000204932
0.00019469
0.000196746
0.00019447
0.000194576
0.000194503
0.000201669
0.000194879
0.000194642
0.000195458
0.000194614
0.000194621
0.000194592
0.000195324
0.000194606
0.000194681
0.000194609
0.000194535
0.000196282
0.000194481
0.000194577
0.000194597
0.000194577
0.000194636
0.000197701
0.000210247
0.000195838
0.000194683
0.000194673
0.000194571
0.000194889
0.000208578
0.000215951
0.000194589
0.000194629
0.000194612
0.000194467
0.000194523
0.000194494
0.000194624
0.000194609
0.000194499
0.000194508
0.000203044
0.000194829
0.000194632
0.000194587
0.000194576
0.000195706
0.000194577
0.000194564
0.000199068
0.000194539
0.000194503
0.000194541
0.00019456
0.000194556
0.000194765
0.000194546
0.00019514
0.000194461
0.000194537
0.000204795
0.000194779
0.000194611
0.00019465
0.000194558
0.000194579
0.000194598
0.000234307
0.000258324
0.000210471
0.000197723
0.00019448
0.00019457
0.000194475
0.000214823
0.000194757
0.000194597
0.000201176
0.000194708
0.000194544
0.000194493
0.000221706
0.000215657
0.00020743
