#time [s]
0.00062051
0.000618834
0.000618575
0.000623233
0.000617081
0.000630418
0.000618271
0.000622691
0.000616575
0.000621437
0.000616122
0.000617503
0.000626267
0.000620757
0.000616428
0.000635424
0.000615645
0.000618094
0.000627355
0.000617741
0.000733343
0.000616068
0.000663301
0.00061631
0.000624907
0.000615319
0.000616033
0.000616758
0.000618043
0.000616477
0.000621066
0.000630351
0.000621949
0.00061572
0.000615659
0.000615504
0.00061717
0.00062582
0.000619203
0.00061568
0.000621657
0.000615333
0.000623172
0.000615683
0.000626414
0.000662891
0.000616899
0.000616386
0.000640848
0.00061533
0.000624589
0.000616169
0.000619212
0.000616153
0.000615043
0.000615311
0.000635776
0.000630046
0.000618924
0.000622212
0.000618324
0.000615549
0.000616715
0.000615865
0.000626951
0.000618156
0.000621521
0.00061516
0.000634951
0.00061445
0.000623713
0.000694473
0.000615999
0.000616615
0.000641506
0.000616528
0.000614914
0.000624351
0.00061888
0.000623591
0.000616771
0.000615582
0.000635097
0.000628436
0.000621929
0.000621107
0.000616375
0.000616582
0.000619448
0.000616931
0.000631159
0.000620695
0.00062053
0.000617405
0.000619876
0.000620076
0.000615879
0.0007004
0.000616113
0.000646363
