#time	fwdEuler	bwdEuler	Heun	RK4	bench
0 	1 	1 	1 	1 	1
0.019 	1 	0.997779346377034 	0.998868576979099 	0.999063282555632 	0.998852038551365
0.038 	0.997737153958198 	0.993411055381338 	0.995533203339411 	0.995914051064042 	0.99545357913734
0.057 	0.993286667089541 	0.986997942392251 	0.990083137774585 	0.990639026056202 	0.989897061446897
0.076 	0.986754068331206 	0.978671172758041 	0.98263695489031 	0.983354399857317 	0.982305442336838
0.095 	0.978273723681105 	0.968588408811433 	0.973340872117095 	0.974204197452164 	0.972830425996775
0.114 	0.968006938751973 	0.956931579442715 	0.962366682854741 	0.963358240879073 	0.961650276390699
0.133 	0.956139677556379 	0.943904303984965 	0.949909325274999 	0.951009746134221 	0.948967243745436
0.152 	0.942879930000772 	0.929729007086692 	0.936184121395134 	0.937372586798973 	0.935004642460252
0.171 	0.928454765567131 	0.914643765645801 	0.921423725728669 	0.92267826334701 	0.920003622873495
0.19 	0.913107115127735 	0.898898932692762 	0.905874826953559 	0.907172621277497 	0.904219683767279
0.209 	0.897092326708431 	0.882753586285845 	0.889794649553728 	0.891112364795849 	0.887902670712602
0.228 	0.880674544233485 	0.866471853972138 	0.873447305237131 	0.874761415673896 	0.871358042317577
0.247 	0.864122960804812 	0.850319165139256 	0.857100046071823 	0.858387169125005 	0.854845674679616
0.266 	0.847707999854285 	0.83455848460904 	0.84101947268044 	0.842256699995596 	0.838640227777468
0.285 	0.831697478534409 	0.819446581091466 	0.825467751473155 	0.826632973281631 	0.823011241751248
0.304 	0.816352807965419 	0.805230383620708 	0.810698894770435 	0.811771112917016 	0.808219235632755
0.323 	0.801925284432112 	0.792143477842776 	0.79695515677159 	0.79791478195128 	0.794511936827796
0.342 	0.788652524328982 	0.780402792033342 	0.784463596676006 	0.785292725648212 	0.782120696105077
0.361 	0.776755093605931 	0.770205520023518 	0.773432857884501 	0.774115526717896 	0.771257140152548
0.38 	0.76643337969804 	0.761726324838933 	0.764050209132261 	0.764572618874857 	0.762110110312316
0.399 	0.757864750471132 	0.755114862861504 	0.756478889676264 	0.756829601237719 	0.754842931949745
0.418 	0.751201040629121 	0.750493663760635 	0.750855796331802 	0.751025891803278 	0.749586890347827
0.437 	0.74656640136775 	0.747956396376216 	0.747289545286541 	0.747272753401184 	0.746458071980608
0.456 	0.744055543888492 	0.747566545241793 	0.745858936285577 	0.745651720233161 	0.745524490737125
0.475 	0.743732401779781 	0.749356516590804 	0.746611841053215 	0.746213447398365 	0.746827953568987
0.494 	0.745629231310201 	0.753327186575147 	0.749564531778207 	0.748976999785342 	0.750377247322694
0.513 	0.749746162444579 	0.759447898130464 	0.754701459224912 	0.753929590456618 	0.756148021355784
0.532 	0.756051206977927 	0.767656906536052 	0.761975483632425 	0.761026772253522 	0.764083151134013
0.551 	0.76448072367512 	0.777862267330229 	0.771308555118334 	0.770193079897217 	0.774093577533597
0.57 	0.774940333798743 	0.78994315394501 	0.78259283390508 	0.78132311344919 	0.786059609664996
0.589 	0.787306273996303 	0.803751586307005 	0.795692234426058 	0.794283047711678 	0.799832672304096
0.608 	0.801427167292201 	0.819114545801304 	0.810444371334685 	0.808912546085302 	0.8152374725605
0.627 	0.817126186978173 	0.835836446495308 	0.826662879718608 	0.825027051643767 	0.832091863104552
0.646 	0.834203582603002 	0.853701927448103 	0.84414007649442 	0.842420422815787 	0.850141596143981
0.665 	0.852439532107854 	0.872478926360331 	0.86264992510157 	0.860867876158954 	0.869163893673851
0.684 	0.87159727951088 	0.891921990814651 	0.881951261296683 	0.880129194338807 	0.888905415508881
0.703 	0.89142651347997 	0.911775779974748 	0.901791234132759 	0.899952153651158 	0.909101943148942
0.722 	0.911666938703469 	0.931778706899709 	0.921908913144528 	0.92007612230054 	0.929482224644307
0.741 	0.932051989224158 	0.951666669628832 	0.942039010395284 	0.940235778216875 	0.949771921433462
0.76 	0.952312630880969 	0.971176817928331 	0.96191566440546 	0.960164893490857 	0.96969759984618
0.779 	0.972181198734368 	0.990051302083653 	0.981276232102224 	0.979600131560129 	0.988990709315913
0.798 	0.991395214853326 	1.00804095037668 	0.999865034815223 	0.998284803096834 	1.00739148953845
0.817 	1.0097011321213 	1.02490882290221 	1.01743700499762 	1.01597252713489 	1.02465274984562
0.836 	1.02685795077166 	1.04043359113826 	1.03376118176471 	1.03243074532423 	1.04055844846732
0.855 	1.04264065617468 	1.05441269516526 	1.04862400549446 	1.0474440392899 	1.05486546021505
0.874 	1.0568434289425 	1.06666523359395 	1.06183236459438 	1.06081720387655 	1.06740136687231
0.893 	1.06928258165957 	1.07703454506695 	1.07321635106728 	1.07237803253383 	1.07800266100139
0.912 	1.07979918043731 	1.08539044458902 	1.08263168565326 	1.08197977519578 	1.08653357479925
0.931 	1.08826131397826 	1.09163108285461 	1.08996177802895 	1.08950323366902 	1.09288805821357
0.95 	1.0945659778525 	1.09568440210769 	1.09511939273983 	1.0948584647048 	1.09699132541308
0.969 	1.09864054716643 	1.09750916781222 	1.09804789715372 	1.09798606651425 	1.09880094715911
0.988 	1.10044381666323 	1.09709556144971 	1.09872207367325 	1.09885803041583 	1.09830747321873
1.007 	1.09996659345166 	1.09446532600753 	1.09714848464786 	1.09747814549406 	1.0955345757841
1.026 	1.09723183392804 	1.08967146208913 	1.09336538479301 	1.09388195051156 	1.09053871181781
1.045 	1.09229432294471 	1.08279747897388 	1.08744218236549 	1.08813623376096 	1.08340022859294
1.064 	1.08523989979401 	1.07395621128948 	1.07947845676678 	1.08033808797827 	1.07425248136944
1.083 	1.07618424202802 	1.0632882181433 	1.06960254656084 	1.07061353377292 	1.06323756600589
1.102 	1.06527122442804 	1.05095978750266 	1.05796972800758 	1.0591157311715 	1.0505304214625
1.121 	1.05267087648581 	1.03716057423288 	1.04476001004206 	1.04602280473563 	1.0363302737875
1.14 	1.03857696747322 	1.02210090541721 	1.03017557708944 	1.03153531321473 	1.02085774866037
1.159 	1.02320425347849 	1.00600879131849 	1.01443791611852 	1.01587339975466 	1.00435167309728
1.178 	1.00678542559873 	0.989126684532612 	0.99778466883152 	0.999273663230156 	0.987065612762002
1.197 	0.989567802732595 	0.971708033468298 	0.980466253800264 	0.981985795238857 	0.969264195163923
1.216 	0.971809816052259 	0.95401367921541 	0.962742306633834 	0.964269030630414 	0.951219272135008
1.235 	0.953777335199471 	0.936308147093181 	0.944877988852816 	0.946388462098329 	0.933205977310017
1.254 	0.935739888503222 	0.918855885669086 	0.92714021801429 	0.928611271297328 	0.91548144533563
1.273 	0.917966831025278 	0.901917506786688 	0.90979387275262 	0.911202930137149 	0.89835069512375
1.292 	0.900723514982347 	0.885746080126454 	0.893098026758118 	0.894423426328214 	0.882057123962841
1.311 	0.884267517059851 	0.870583535047198 	0.877302265303758 	0.878523566909371 	0.866849465883041
1.33 	0.868844976322355 	0.856657220928719 	0.862643136754955 	0.863741412377773 	0.852960456057433
1.349 	0.854687094851397 	0.844176674979873 	0.849340789576011 	0.850298892181913 	0.840603455742789
1.368 	0.842006850924992 	0.833330643523129 	0.837595842706249 	0.838398649757052 	0.829969358457121
1.387 	0.830995971527611 	0.824284399158402 	0.827586533856861 	0.828221162014825 	0.821223822319649
1.406 	0.82182220728787 	0.81717739199718 	0.819466186323362 	0.81992217429195 	0.814504868742755
1.425 	0.814626948636125 	0.812121268402482 	0.813361030374462 	0.813630487272455 	0.809920882345772
1.444 	0.809523217116987 	0.809198285438829 	0.809368410230849 	0.80944612738754 	0.80754904113451
1.463 	0.806594060451449 	0.808460143603507 	0.807555402158557 	0.807438926738434 	0.807435211137057
1.482 	0.805891374196016 	0.809927254456242 	0.807957863349424 	0.807647532758125 	0.80959149469159
1.501 	0.807435166773695 	0.813588453573688 	0.810579925128964 	0.81007886171054 	0.813995368577526
1.52 	0.811213278340341 	0.819401162916006 	0.815393937707047 	0.814708003807834 	0.820592717428832
1.539 	0.817181557489596 	0.827292000295504 	0.822340867259128 	0.821478581297693 	0.829297388521903
1.558 	0.825264493282406 	0.837157827272871 	0.831331139686919 	0.830303554424631 	0.839992446313423
1.577 	0.835356293605592 	0.848867220565597 	0.842245919048985 	0.841066463793828 	0.852531873894578
1.596 	0.847322394510558 	0.862262346024539 	0.85493880246429 	0.853623091453928 	0.866742696656872
1.615 	0.861001379048266 	0.87716120850411 	0.869237907363274 	0.867803517054835 	0.882427497333951
1.634 	0.876207278287498 	0.893360245600756 	0.884948321376065 	0.883414539812702 	0.899367285900857
1.653 	0.892732221763095 	0.910637228339489 	0.9018548799853 	0.900242431807086 	0.91732468265941
1.672 	0.91034939962678 	0.928754427518894 	0.919725232405408 	0.918055983418805 	0.936066198453745
1.691 	0.928816294336135 	0.947462000643376 	0.938313152047268 	0.936609797558419 	0.95529094426876
1.71 	0.947878135880455 	0.966501551231423 	0.95736204444559 	0.955647785793769 	0.974746082036
1.729 	0.96727153136017 	0.985609809834881 	0.976608602715445 	0.97490681661101 	0.994157072509257
1.748 	0.986728217254647 	1.00452238437169 	0.99578655850433 	0.994120463877923 	1.01324986618374
1.767 	1.00597888096668 	1.02297752638787 	1.01463047504679 	1.01302280215197 	1.03175488552531
1.786 	1.02475699724586 	1.04071985963769 	1.03287952832922 	1.03135219480866 	1.04941094220921
1.805 	1.04280262488113 	1.05750401790758 	1.05028122254183 	1.04885502106802 	1.06596903248914
1.824 	1.05986610961852 	1.07309814030074 	1.06659498692991 	1.06528928886665 	1.08119595558694
1.843 	1.07571164059464 	1.08728717422904 	1.08159560284508 	1.08042808214792 	1.09487770256262
1.862 	1.09012060966199 	1.09987593909544 	1.09507641221401 	1.09406279349969 	1.10682256645742
1.881 	1.10289472578763 	1.11069190705709 	1.10685226175358 	1.10600609612462 	1.1168728788753
