#h	fwdEuler	bwdEuler	Heun	RK4
1000 	0.0328294334877114 	0.0297572761969375 	0.00366320557034608 	0.00557644713304333
1011 	0.0324491265448359 	0.0294424516109025 	0.00358530222025145 	0.00551095885806359
1023 	0.032044627005088 	0.0291102981626647 	0.00350072044949757 	0.00544180933648428
1035 	0.0316518908011999 	0.0287853414278345 	0.00341889378829205 	0.0053741413769333
1047 	0.0312678875042404 	0.0284657900536305 	0.0033394672347319 	0.00530814201218264
1059 	0.030893538511585 	0.0281547788779219 	0.00326249220945685 	0.00524375717025894
1071 	0.030527101045161 	0.0278550846118871 	0.00318984667508876 	0.00518096230107103
1083 	0.0301661027019332 	0.027556526711012 	0.00311965501220715 	0.0051195944465809
1096 	0.0297854123238267 	0.0272410285764619 	0.00304609008655289 	0.00505484479642201
1109 	0.0294155004600921 	0.0269333553763805 	0.0029731140032265 	0.00499166971974635
1122 	0.0290528936700891 	0.0266274372272743 	0.00290489834684657 	0.00493009236139668
1135 	0.0287020995086572 	0.0263323904307426 	0.00283801959418502 	0.00486999502848038
1148 	0.0283625339479845 	0.0260443943875922 	0.00277333887240502 	0.00481132556076256
1161 	0.0280158534574561 	0.025770523944559 	0.00271040865850327 	0.00475352942433981
1174 	0.0277000749638973 	0.0254881316986539 	0.00265130968179601 	0.00469825046338553
1188 	0.027356991635539 	0.0251939671320743 	0.00258892099592963 	0.00463954662610267
1202 	0.0270223648051191 	0.0249070295462736 	0.00252762031163986 	0.00458229744515944
1216 	0.0266956700834594 	0.0246274962101754 	0.00246900172268963 	0.00452631660987742
1230 	0.0263764635011316 	0.0243538303383621 	0.0024132593863188 	0.00447185005606424
1244 	0.0260661215179931 	0.0240876472731198 	0.00235911786371464 	0.00441864342385811
1258 	0.0257626604110752 	0.0238254298856015 	0.00230666556725655 	0.00436675242428788
1273 	0.0254449942606522 	0.0235565048505582 	0.00225220351942049 	0.00431245317097139
1288 	0.0251343899103425 	0.0232923425967924 	0.00219919821178561 	0.00425943908323758
1303 	0.0248325170827389 	0.0230324678972974 	0.00214889456363554 	0.0042077422419171
1318 	0.0245341598892424 	0.0227784192734185 	0.00209978378664855 	0.00415750780677051
1333 	0.0242435869736027 	0.0225272577294686 	0.00205244038112269 	0.00410825126960514
1348 	0.0239613049858139 	0.0222846336009931 	0.00200700421257052 	0.00406014084822478
1364 	0.0236687727314592 	0.0220306338921692 	0.00195998741010791 	0.00401016563296161
1380 	0.0233817442503851 	0.021784825594458 	0.0019140900187622 	0.00396134113811455
1396 	0.023102819722798 	0.0215405128195739 	0.00187039487493018 	0.00391371175959305
1412 	0.0228300282122157 	0.021301737335865 	0.00182863694056679 	0.00386731047594988
1428 	0.0225639099049066 	0.0210684376901509 	0.00178722903532155 	0.00382180139666525
1445 	0.0222869053371624 	0.0208264921386593 	0.00174509317190216 	0.00377463610203165
1462 	0.0220188879156825 	0.0205890593815286 	0.00170447844588046 	0.00372871863356719
1479 	0.0217564280313818 	0.0203581861699674 	0.00166552538955955 	0.00368384541537695
1496 	0.0214983826309611 	0.0201359295679671 	0.00162781790656317 	0.00364004791041381
1513 	0.0212482357812316 	0.0199159380763073 	0.00159096154492166 	0.00359752144555787
1531 	0.0209879177673172 	0.01968742336331 	0.00155362580614887 	0.00355344468587191
1548 	0.0207478670378749 	0.0194762807608983 	0.00151916712758962 	0.00351260589169858
1566 	0.0205005043304828 	0.0192580853024632 	0.00148455732928955 	0.00347059152168038
1584 	0.0202573073111888 	0.0190464605614958 	0.0014510482763474 	0.00342947459721681
1603 	0.0200087441188141 	0.0188267235475912 	0.00141632220178255 	0.00338715094841115
1621 	0.0197800931953593 	0.0186224623135366 	0.00138491540757529 	0.00334831051214209
1640 	0.0195414917317853 	0.018410215620254 	0.00135290367377852 	0.00330768374971468
1659 	0.019309492016673 	0.0182040433859093 	0.00132200021493754 	0.00326818223324904
1678 	0.0190853338702519 	0.0180007061348115 	0.00129209535976698 	0.00322974830541778
1698 	0.0188520429483052 	0.0177955879554087 	0.00126179360485585 	0.00319012317411569
1717 	0.0186372753065004 	0.0176034244581754 	0.00123375543755008 	0.00315366681384285
1737 	0.0184153753609535 	0.0174053450581114 	0.00120548335282826 	0.00311602765548992
1757 	0.0181984037487535 	0.017211281621663 	0.00117808183381831 	0.00307916257288995
1778 	0.0179766905720818 	0.0170127760233342 	0.00115007942578531 	0.00304150426555992
1798 	0.0177692908636379 	0.0168297079849752 	0.00112472850141607 	0.00300646335001683
1819 	0.0175571403806787 	0.0166396382750569 	0.00109879704640986 	0.00297073173472563
1840 	0.0173503185193789 	0.0164533697674468 	0.00107377185483618 	0.0029355301631783
1862 	0.0171387077281569 	0.0162629010076915 	0.0010484162034721 	0.00289954765555732
1883 	0.0169434434230723 	0.0160837550618669 	0.00102508290145372 	0.00286604633156006
1905 	0.016741209290791 	0.0159029625767527 	0.00100126403616341 	0.00283176274325738
1927 	0.0165451328279124 	0.0157257215645309 	0.000978637873805681 	0.00279854072057524
1949 	0.0163525881870192 	0.0155507168562152 	0.000956479586892181 	0.00276592418959604
1972 	0.0161567549123496 	0.0153732728240519 	0.000934313579206274 	0.00273267424019886
1995 	0.0159653383254003 	0.0152003199623542 	0.00091268773064929 	0.00270008622485396
2018 	0.0157775162234435 	0.015031923260491 	0.00089198841174371 	0.00266839720709078
2041 	0.0155959021097645 	0.0148641813383404 	0.000871902741030907 	0.00263763971073087
2065 	0.0154072254316226 	0.0146962955045674 	0.000851753972433204 	0.0026058425860166
2089 	0.0152269356223931 	0.0145292531761905 	0.000832203488493205 	0.0025748301797056
2113 	0.0150494216224114 	0.0143684963282087 	0.000813289628611015 	0.00254468033998928
2137 	0.0148756869923347 	0.0142105887898008 	0.000795118931796829 	0.00251539310826815
2162 	0.0146995191235848 	0.014048379762768 	0.000776778253187644 	0.00248543364220962
2187 	0.0145275873416486 	0.013890552187864 	0.000759084008782986 	0.00245624758983806
2213 	0.0143524207886795 	0.0137314474279538 	0.000741305170838297 	0.00242659371845063
2238 	0.0141875052959401 	0.0135815053814858 	0.000724777398668598 	0.00239880824861362
2264 	0.0140202060158998 	0.0134283543502218 	0.000708107085728042 	0.00237051037311701
2290 	0.0138569760714958 	0.0132781672776906 	0.000692133618773106 	0.00234279896764351
2317 	0.0136920500966286 	0.0131263095053338 	0.000676084698078783 	0.00231468022133712
2344 	0.0135305364490479 	0.0129783361538653 	0.000660491184406635 	0.00228740788385452
2371 	0.0133729354805731 	0.0128323666084844 	0.000645499074639852 	0.00226066803815494
2398 	0.0132194119556534 	0.0126901347645467 	0.000630939573870106 	0.00223456482131256
2426 	0.0130640041253687 	0.0125460852607657 	0.000616520162809874 	0.00220811573492901
2454 	0.0129105578110377 	0.0124064285475825 	0.000602467140821374 	0.00218238518583378
2483 	0.0127557264027514 	0.0122642333887863 	0.000588405936792627 	0.00215628091898222
2511 	0.0126105276408788 	0.0121290814424205 	0.00057532107307408 	0.00213150246849437
2540 	0.0124635377816187 	0.0119936915124571 	0.000562265467459142 	0.0021066506712843
2570 	0.0123150287307297 	0.011855511687446 	0.000549163064146574 	0.00208146548494576
2600 	0.0121700555325736 	0.0117206977166511 	0.000536599649961406 	0.00205689131232297
2630 	0.0120289139581108 	0.0115894985346181 	0.000524326489162132 	0.00203292364678859
2660 	0.0118901612361653 	0.0114608828293941 	0.000512534826728899 	0.00200949797522332
2691 	0.0117498126791717 	0.011331098410527 	0.000500780407840579 	0.00198587855501669
2722 	0.0116137141874292 	0.0112037268337994 	0.000489412121016919 	0.00196264186035758
2754 	0.0114757441992472 	0.0110763045758252 	0.000478066096160982 	0.00193937801457579
2786 	0.0113412717859663 	0.0109506275022615 	0.000467105803348049 	0.00191659104661393
2818 	0.0112104044066699 	0.0108279919904245 	0.000456587050476742 	0.00189438176546141
2851 	0.01107705391163 	0.0107056995877415 	0.000445914241633987 	0.00187193734834316
2884 	0.0109489337243117 	0.0105842243421121 	0.000435846283293515 	0.00185021184173477
2917 	0.0108225563174648 	0.0104659673469732 	0.000426033512016054 	0.00182876299552044
2951 	0.010696358444907 	0.0103488693112875 	0.000416192564472116 	0.00180699020924303
2985 	0.0105714104976766 	0.0102313953328139 	0.000406810416084816 	0.00178627456258677
3019 	0.010450290715343 	0.0101175519514336 	0.000397647062536615 	0.00176576713144414
3054 	0.0103287319293421 	0.0100034253350314 	0.000388585907003897 	0.00174518983529724
3090 	0.0102061918462988 	0.00988872377115313 	0.000379559019708507 	0.00172449196401027
3126 	0.0100866197858551 	0.00977590718913406 	0.000370837958869307 	0.00170420684320595
3162 	0.00996989648301552 	0.00966666376012269 	0.000362446358485475 	0.00168444397630568
3198 	0.00985544234466772 	0.00955923794778553 	0.000354303685947022 	0.00166509226217036
3235 	0.00974082634849667 	0.00945124497400613 	0.000346235123425065 	0.00164572658422335
3273 	0.00962620781808393 	0.00934313076719565 	0.000338238957580715 	0.00162629890984351
3311 	0.00951387052239318 	0.00923746070612507 	0.000330501732509475 	0.00160730189644039
3349 	0.00940435203187178 	0.00913366957916579 	0.000323033225142314 	0.00158873464157462
3388 	0.00929413972365918 	0.00903040307017267 	0.000315647452948364 	0.00157010254060608
3427 	0.00918655914267215 	0.00892867432535725 	0.000308474866935271 	0.00155191711160565
3467 	0.00907905693012035 	0.00882695168207742 	0.000301385384194436 	0.00153375755075537
3507 	0.00897408756715191 	0.00872766819477656 	0.000294539794170642 	0.00151598828987372
3548 	0.0088687651449672 	0.00862788639063694 	0.000287762070463538 	0.00149816111157457
3589 	0.00876591872722921 	0.00853086046303606 	0.000281201002182526 	0.0014807517239645
3630 	0.00866528973300743 	0.00843549588189121 	0.000274889348317781 	0.00146373262493706
3672 	0.00856486521884783 	0.00834015547320836 	0.000268623656803305 	0.00144676347549291
3715 	0.00846428617427937 	0.00824495960460076 	0.000262442141878572 	0.001429764109603
3758 	0.00836611658853065 	0.00815150195364301 	0.000256462504389069 	0.00141316109988278
3801 	0.00827229122404305 	0.0080486549080845 	0.000250855955706111 	0.00139770959500964
3845 	0.00817403921749072 	0.00796925705039499 	0.000244965912033245 	0.00138066657955007
3890 	0.00807837680175365 	0.00787814350976431 	0.000239321505038719 	0.00136448756942691
3935 	0.00798447008040445 	0.0077892362498695 	0.000233878453049501 	0.00134864093843615
3981 	0.00789135077774226 	0.00770018530516612 	0.000228492810493174 	0.00133287337998219
4027 	0.0077998235395833 	0.00761328993314096 	0.000223299848718339 	0.00131737582850527
4073 	0.00771051537743714 	0.00752808180342859 	0.000218273922719221 	0.00130229192279418
4120 	0.00762153526210924 	0.00744329310187084 	0.000213323415781508 	0.00128724172124854
4168 	0.00753247236408956 	0.00735833474159037 	0.000208427039063482 	0.00127222480719258
4216 	0.00744578155901205 	0.00727571550898198 	0.00020370714494231 	0.00125751932232277
4265 	0.00735909659948571 	0.00719289804632372 	0.000199049686735831 	0.00124286407006984
4315 	0.00727287759992137 	0.00711029807173864 	0.000194455983145495 	0.00122829579585493
4365 	0.00718843150999914 	0.00702974737602317 	0.000190027308734096 	0.00121404531622002
4415 	0.0071061496372384 	0.00695104038779103 	0.000185743107102041 	0.00120010548714937
4466 	0.00702397642167763 	0.00687247666448821 	0.000181520561075407 	0.0011862135564618
4518 	0.00694228725802202 	0.00679406654440337 	0.000177362473895439 	0.00117239950197957
4570 	0.00686227879349245 	0.00671756658660604 	0.000173343267615446 	0.00115889832417959
4623 	0.00678280422030742 	0.00664137621649241 	0.00016939072132289 	0.00114543961080254
4677 	0.00670348421630055 	0.00656547667576612 	0.00016549901256292 	0.00113204164135706
4731 	0.00662628523281935 	0.00649125005328877 	0.000161739785056537 	0.00111897378936757
4786 	0.00654914249077305 	0.00641724255202038 	0.000158038747312082 	0.00110598038764674
4841 	0.00647419631329953 	0.00634496253849766 	0.000154469099611746 	0.00109323900447968
4897 	0.00639910514042095 	0.00627322120579185 	0.000150949610435596 	0.00108059948246193
4954 	0.00632479950866902 	0.00620179968645466 	0.000147496606006786 	0.00106801653205318
5011 	0.0062520716366068 	0.00613171217906958 	0.00014415779577954 	0.00105575130071342
5069 	0.006179833753054 	0.00606232201528372 	0.000140877350806635 	0.00104352384260476
5128 	0.00610793389848893 	0.00599313440278385 	0.000137652176542635 	0.00103137735912244
5188 	0.00603654702683557 	0.00592453074735966 	0.00013448660689367 	0.00101932579718734
5248 	0.00596695601310608 	0.00585730381367999 	0.000131426792496957 	0.00100753890072768
5308 	0.00589878107233222 	0.00579170780616669 	0.000128474087308945 	0.000996040409429794
5370 	0.00583002481318787 	0.00572550279897886 	0.000125520505783478 	0.000984392171866182
5432 	0.00576282902626674 	0.00566056556254063 	0.000122671123106075 	0.000973058606359707
5495 	0.0056961066186306 	0.00559629214639635 	0.000119873965475269 	0.000961770499768257
5559 	0.00562995638511856 	0.00553239208298532 	0.000117130437533838 	0.000950588313537889
5623 	0.00556520654386082 	0.00546993134280067 	0.000114475588473585 	0.000939674699807522
5688 	0.00550111896670759 	0.00540791433138602 	0.000111874349792954 	0.000928823153129003
5754 	0.005437459813715 	0.0053463336343625 	0.000109317645546674 	0.000918056209981374
5821 	0.00537421085289102 	0.0052853868621907 	0.000106821334974839 	0.000907396309805981
5888 	0.00531260204349176 	0.00522566380440579 	0.000104404212955495 	0.000896968667761181
5956 	0.00525141416494686 	0.0051664042150211 	0.000102032908073059 	0.000886623695406288
6025 	0.0051906877910666 	0.0051078152895108 	9.97087053996504e-05 	0.000876383226021742
6095 	0.00513063139139739 	0.00504958064685868 	9.74324819878209e-05 	0.000866214877902606
6165 	0.00507186827419854 	0.00499261502911533 	9.52328508144133e-05 	0.000856290294642793
6237 	0.00501277932098573 	0.00493547524633856 	9.3046277619714e-05 	0.000846315902297683
6309 	0.00495509753021664 	0.00487956444039666 	9.09351544746296e-05 	0.000836561896044908
6382 	0.00489800840899322 	0.00482411866381283 	8.88680014084692e-05 	0.000826906933409495
6456 	0.00484137127979002 	0.00476925452360121 	8.68421277375873e-05 	0.000817349550882522
6531 	0.00478535320438276 	0.0047149094026577 	8.48606454947267e-05 	0.000807888229258863
6606 	0.00473065745463073 	0.00466172127170816 	8.29455707549701e-05 	0.000798627802402985
6683 	0.00467565738679402 	0.00460840350079656 	8.10448334030267e-05 	0.000789353320647509
6760 	0.00462194514004729 	0.00455631070962556 	7.9210135895352e-05 	0.000780286574548757
6839 	0.00456822623878242 	0.00450403168334757 	7.73906154918888e-05 	0.000771199294323862
6918 	0.00451563728571354 	0.00445291937329901 	7.56344307862652e-05 	0.000762313710680586
6998 	0.0044636151220327 	0.00440233202583913 	7.39182438271769e-05 	0.00075352273611688
7079 	0.00441220390505268 	0.00435232295273551 	7.22351087375576e-05 	0.000744836618978562
7161 	0.00436131843903525 	0.00430284056504212 	7.05919634261806e-05 	0.000736245013715146
7244 	0.00431096975187277 	0.00425385110548543 	6.89848214214115e-05 	0.000727741323285778
7328 	0.00426120814876248 	0.0042053863700484 	6.74137101907672e-05 	0.000719329141843756
7413 	0.00421199538085189 	0.00415744879429024 	6.5875937341546e-05 	0.000711012914958347
7498 	0.00416389181741864 	0.00411066019987366 	6.43923026278311e-05 	0.00070289699023091
7585 	0.00411584149184366 	0.00406379837913358 	6.29249673536474e-05 	0.000694775543908664
7673 	0.00406832492098369 	0.00401746454137542 	6.14902737514666e-05 	0.000686745584930382
7762 	0.00402137214770391 	0.00397168250788102 	6.00899630502936e-05 	0.00067881127861051
7852 	0.00397497948556148 	0.00392643261356465 	5.87235807484588e-05 	0.000670974110326881
7943 	0.00392911094367122 	0.00388172154384757 	5.73864658682725e-05 	0.000663229476808376
8035 	0.00388384126534771 	0.00383753446527991 	5.60810894363965e-05 	0.000655580302615509
8128 	0.00383912525543339 	0.00379389032265399 	5.48057794348567e-05 	0.000648025304238791
8222 	0.00379494215133602 	0.00375078520280899 	5.35611556994119e-05 	0.000640559888456493
8317 	0.00375134668846145 	0.00370814339428702 	5.23474081960283e-05 	0.000633198611070853
8413 	0.00370827504023021 	0.00366610343122932 	5.11612749292615e-05 	0.00062591715770775
8511 	0.00366530319335183 	0.00362412067341433 	4.99917655701324e-05 	0.000618665526547746
8609 	0.00362335839340057 	0.00358308604180841 	4.88605543034275e-05 	0.000611573321112963
8709 	0.00358147695127198 	0.00354219915756578 	4.77467583789945e-05 	0.000604505876061791
8810 	0.00354020400081484 	0.00350177656402649 	4.66575459941504e-05 	0.000597529623720755
8912 	0.00349942076829468 	0.00346194666008038 	4.5599877878228e-05 	0.00059064522586219
9015 	0.00345923195806066 	0.0034225678702505 	4.45654543308427e-05 	0.000583852587761323
9120 	0.00341914947109294 	0.00338339747361141 	4.35472101852869e-05 	0.000577086344169332
9225 	0.00338003610007383 	0.00334507084305747 	4.25634911932073e-05 	0.000570475236820919
9332 	0.00334105802696975 	0.00330691850372543 	4.15945156708311e-05 	0.000563890829406188
9440 	0.00330263424085189 	0.00326927346071906 	4.06503740361106e-05 	0.000557399653586009
9549 	0.00326473127453125 	0.00323214618784021 	3.97279601559205e-05 	0.000550999491924001
9660 	0.00322700224628526 	0.00319520257661228 	3.88227656305949e-05 	0.000544629424075666
9772 	0.00318983109175793 	0.00315875030812343 	3.79406983086294e-05 	0.000538348183521335
9885 	0.00315316965727819 	0.00312281569478099 	3.70813852286968e-05 	0.000532159279795345
10000 	0.00311703250802301 	0.00308677086869035 	3.61433339032869e-05 	0.000526314208360226
10115 	0.00308110580052634 	0.00305213981043949 	3.54164980016151e-05 	0.000519986109795218
10232 	0.00304569398338582 	0.00301741952516502 	3.46130353898732e-05 	0.000514005391576887
10351 	0.0030104937448566 	0.00298291341577024 	3.38238963947817e-05 	0.000508063734088652
10471 	0.002975838845787 	0.00294886662063805 	3.30547231934189e-05 	0.000502205057777943
10592 	0.00294166839302103 	0.00291532411317942 	3.23054558677827e-05 	0.000496432308983314
10715 	0.00290772704728855 	0.00288202001258653 	3.15709161647756e-05 	0.000490704924883193
10839 	0.00287431219483367 	0.00284919721288988 	3.08547841805398e-05 	0.000485058991418856
10964 	0.00284138577847372 	0.00281685899505217 	3.01572729272447e-05 	0.000479497459085379
11091 	0.00280869896320611 	0.00278474848530461 	2.94727512687784e-05 	0.000473977850586249
11220 	0.00277625893829087 	0.00275286123030768 	2.88012527813595e-05 	0.000468496919602502
11350 	0.00274431887230017 	0.00272145770023362 	2.81472326563328e-05 	0.000463101430506738
11481 	0.00271284156972596 	0.00269055335760849 	2.75100795871546e-05 	0.000457787685122516
11614 	0.00268164987017591 	0.00265986657859434 	2.68861807054308e-05 	0.000452517606898737
11748 	0.00265092500208125 	0.00262965639771674 	2.62787868851581e-05 	0.000447331023326412
11885 	0.00262023821074728 	0.00259946097750516 	2.56781898357393e-05 	0.000442145347215419
12022 	0.00259024685609632 	0.00256997065831928 	2.50990700649894e-05 	0.000437081098965458
12161 	0.00256051469721239 	0.00254071418991622 	2.45300420686015e-05 	0.000432056702915218
12302 	0.00253104488822148 	0.00251170760873828 	2.39735057774807e-05 	0.000427082935127659
12445 	0.00250183587925374 	0.00248296414793373 	2.34286263234356e-05 	0.000422150519287572
12589 	0.00247309989692998 	0.00245466626878116 	2.28976195787251e-05 	0.00041729825659674
12735 	0.0024446358884406 	0.00242663203059252 	2.23756940655162e-05 	0.00041248984452563
12882 	0.00241662512532271 	0.00239905477059105 	2.18717989271033e-05 	0.000407759303316929
13031 	0.00238888189547853 	0.00237171702046383 	2.13769554430494e-05 	0.000403073357043414
13182 	0.00236140705231884 	0.00234466315950254 	2.08925750236756e-05 	0.000398432318047334
13335 	0.00233420169881826 	0.00231785390309058 	2.04177847231624e-05 	0.000393839688194918
13489 	0.00230745982140103 	0.00229149096986315 	1.99557240415124e-05 	0.00038932253901791
13645 	0.00228097065325745 	0.00226538787399065 	1.95056115463083e-05 	0.000384850363296925
13803 	0.00225476135209955 	0.00223956372085376 	1.90632733944491e-05 	0.000380423384249486
13963 	0.00222883004168201 	0.00221397608904224 	1.8632087369727e-05 	0.000376044628286279
14125 	0.00220317553129835 	0.00218867928187886 	1.82091689874317e-05 	0.000371711806046581
14288 	0.00217794223497819 	0.0021637941556234 	1.77984708607841e-05 	0.00036745083467067
14454 	0.0021528410220038 	0.00213903035338334 	1.73948447196917e-05 	0.000363211713280895
14621 	0.00212816421216105 	0.00211468141794545 	1.70015749374673e-05 	0.00035904391876193
14791 	0.00210360939365257 	0.00209046421981258 	1.66157659695157e-05 	0.00035489766810816
14962 	0.00207948864642524 	0.00206665273988681 	1.62402085729941e-05 	0.00035082342900698
15135 	0.00205563649614041 	0.00204310344547065 	1.58737491623765e-05 	0.000346795465482978
15310 	0.00203206184229257 	0.00201983030423183 	1.55153664734971e-05 	0.000342813689324742
15488 	0.00200862529170741 	0.00199669307869838 	1.51652821894754e-05 	0.000338856593521098
15667 	0.00198559735626606 	0.00197395412238914 	1.48213908770728e-05 	0.00033496832356304
15848 	0.00196284375591786 	0.00195147654165383 	1.44874331741385e-05 	0.000331125170463828
16032 	0.00194024074028504 	0.00192915583960182 	1.41585423173908e-05 	0.000327308371466949
16218 	0.00191791568601691 	0.00190710009562841 	1.38384323320473e-05 	0.00032353790539388
16405 	0.00189599040954507 	0.00188542384547717 	1.35272607037865e-05 	0.000319834855972842
16595 	0.00187420529306297 	0.0018639022874568 	1.32216696721919e-05 	0.000316158012517061
16788 	0.00185258810101026 	0.001842544249884 	1.29208928483279e-05 	0.000312506597008717
16982 	0.00183136055741781 	0.00182155776963715 	1.26308570093248e-05 	0.000308921596421136
17179 	0.00181029401567799 	0.0018007327304522 	1.23451155960791e-05 	0.000305363874009436
17378 	0.00178949943471271 	0.00178017283451906 	1.20667277448108e-05 	0.000301852322602784
17579 	0.00176897766691465 	0.00175987638901378 	1.17949770250619e-05 	0.000298386711155723
17782 	0.00174872244087011 	0.00173984247709702 	1.15299782144236e-05 	0.000294965940177609
17988 	0.00172863660385943 	0.00171997319271937 	1.12695042646641e-05 	0.000291573846492177
18197 	0.00170872623697785 	0.00170027463124157 	1.10147422836473e-05 	0.000288211462300041
18407 	0.0016891747837898 	0.00168093218591297 	1.07680665595943e-05 	0.000284910165141308
18620 	0.00166979309169868 	0.00166175923996165 	1.0525454545465e-05 	0.000281638109600144
18836 	0.00165058961422503 	0.001642755860138 	1.02879034123032e-05 	0.000278394751855999
19054 	0.0016316605784731 	0.0016240026110891 	1.00529924371648e-05 	0.000275207989816321
19275 	0.00161288779232019 	0.00160544171413706 	9.83040783033459e-06 	0.00027202895051313
19498 	0.00159438697848578 	0.0015871304653138 	9.60760201137363e-06 	0.00026890548547006
19724 	0.00157607258857538 	0.00156899253681471 	9.39259944168563e-06 	0.000265811992836579
19952 	0.00155801161495403 	0.00155111054412245 	9.18200045145273e-06 	0.000262762240947726
20183 	0.00154013176931451 	0.00153340413514821 	8.97557154505303e-06 	0.000259743096086841
20417 	0.00152243360685513 	0.00151587488060235 	8.77358497294582e-06 	0.000256754054208405
20653 	0.00150499027727254 	0.00149859691262176 	8.57709753709283e-06 	0.000253808844485508
20892 	0.00148772763328204 	0.00148149748927856 	8.38479083786068e-06 	0.000250893688100398
21134 	0.00147064761692898 	0.0014645754838379 	8.19649255905903e-06 	0.000248009817737672
21379 	0.00145375130361619 	0.0014478328897727 	8.01235019123091e-06 	0.000245156551762353
21627 	0.0014370384631116 	0.0014312725608746 	7.83251243990529e-06 	0.000242334238277141
21877 	0.00142057472030424 	0.00141495643234415 	7.65726565773911e-06 	0.000239554335584927
22130 	0.00140429419173146 	0.00139881895503804 	7.48563710624284e-06 	0.0002368048105714
22387 	0.00138813160250933 	0.0013827997964104 	7.31753903439038e-06 	0.000234075974231023
22646 	0.00137221852141736 	0.00136702198439941 	7.15386445629493e-06 	0.000231388647415065
22908 	0.00135648625827075 	0.00135142543158761 	6.99422528933456e-06 	0.000228732052233189
23173 	0.00134093558219969 	0.00133600557178101 	6.83768036387951e-06 	0.000226106459424307
23442 	0.00132551155441591 	0.00132070916881881 	6.68429767240725e-06 	0.000223501814276232
23713 	0.00131032796737856 	0.00130565122116226 	6.53548408234439e-06 	0.000220937867306399
23988 	0.00129526966706151 	0.00129071647985484 	6.38956956924941e-06 	0.000218395598858562
24266 	0.00128039605197164 	0.00127596427924857 	6.24667363921871e-06 	0.000215883714649793
24547 	0.00126570532555015 	0.00126139069325713 	6.10761064840794e-06 	0.000213403015427619
24831 	0.00125119623090262 	0.00124699472380708 	5.9712698875618e-06 	0.000210953116830364
25118 	0.00123686609418291 	0.00123277922066174 	5.83848442814837e-06 	0.000208533565866996
25409 	0.00122266811649681 	0.00121869090644459 	5.70840665658841e-06 	0.000206136486679506
25703 	0.001208651426359 	0.00120478179269782 	5.58137542414728e-06 	0.000203769372276526
26001 	0.00119474224764701 	0.00119100298503942 	5.45710475466344e-06 	0.000201427184370983
26302 	0.00118106793435741 	0.00117740297239948 	5.3356541934368e-06 	0.000199111634670794
26607 	0.00116750022980427 	0.0011639330680548 	5.21739366165587e-06 	0.000196820200575827
26915 	0.00115410920885302 	0.00115064291331353 	5.10150519082429e-06 	0.000194559529718267
27227 	0.00114085575751319 	0.00113748464055037 	4.98840022985932e-06 	0.000192321634340625
27542 	0.00112778048867577 	0.00112450198814307 	4.8779056070918e-06 	0.000190113610384337
27861 	0.0011148407301043 	0.00111165310921629 	4.77007229589302e-06 	0.000187928803526576
28183 	0.00110207628347805 	0.00109897822272048 	4.66459105191311e-06 	0.000185773871964722
28510 	0.00108940903814327 	0.00108639911191431 	4.56107835530587e-06 	0.000183634706124248
28840 	0.00107691900132817 	0.00107399215672924 	4.46065090993409e-06 	0.000181525441633188
29174 	0.00106456375180929 	0.00106172137829547 	4.36205795616462e-06 	0.00017943944820656
29512 	0.00105234797121516 	0.00104958494518416 	4.26579282986319e-06 	0.000177376603616101
29853 	0.00104030241726743 	0.00103761979514721 	4.17210257671199e-06 	0.000175342728774775
30199 	0.00102836075307743 	0.00102575370900227 	4.08021644212496e-06 	0.000173326013786901
30549 	0.00101655418388629 	0.00101402534387648 	3.99043489111444e-06 	0.000171332861186643
30902 	0.00100492004270854 	0.00100246323323251 	3.90292595256452e-06 	0.000169368275841659
31260 	0.000993388207948933 	0.000991005051767867 	3.81717992956064e-06 	0.00016742113527724
31622 	0.000981994487709233 	0.00097968195167746 	3.7336203159603e-06 	0.00016549725168885
31988 	0.000970736190948926 	0.000968493333708117 	3.65191764137134e-06 	0.000163596447957169
32359 	0.00095958573162873 	0.00095741038598963 	3.57193948320808e-06 	0.000161713605719807
32734 	0.000948572308655678 	0.000946462494938389 	3.49355085811606e-06 	0.000159854015890179
33113 	0.000937694608479948 	0.000935650102944215 	3.41777075409107e-06 	0.000158017203777913
33496 	0.000926952967616189 	0.000924970880416778 	3.34312480879947e-06 	0.000156203698359624
33884 	0.000916318562872392 	0.00091439822195508 	3.27006423397196e-06 	0.000154407948664996
34276 	0.000905820029189094 	0.000903959437453396 	3.1994692194999e-06 	0.000152635158955636
34673 	0.000895429477864207 	0.000893627929651694 	3.12998327064112e-06 	0.000150880856393449
35075 	0.000885148022236515 	0.000883404338790154 	3.06203167201086e-06 	0.000149144770324972
35481 	0.000875001578557693 	0.000873313220469066 	2.99592114689811e-06 	0.00014743150372848
35892 	0.000864963891831868 	0.000863330524393618 	2.93111864161083e-06 	0.000145736570675287
36307 	0.00085505878791695 	0.000853479992233419 	2.86799429576032e-06 	0.000144064294999112
36728 	0.000845240558186061 	0.000843713798359269 	2.80610081221528e-06 	0.000142406356505005
37153 	0.000835554764315576 	0.000834079222311962 	2.74578169688571e-06 	0.000140770908272666
37583 	0.000825977894229463 	0.000824552479808153 	2.68694523450089e-06 	0.00013915385697712
38018 	0.000816510506373845 	0.000815134138255761 	2.62934058779606e-06 	0.000137555367680529
38459 	0.000807131741151032 	0.000805803046911818 	2.5730422008309e-06 	0.000135971718638717
38904 	0.000797883696545722 	0.000796601649639994 	2.51814855371456e-06 	0.000134410187979225
39355 	0.000788724440319735 	0.00078748804729997 	2.46443959398152e-06 	0.000132863728779336
39810 	0.000779693945870988 	0.000778502968837027 	2.41170810030825e-06 	0.000131339012210928
40271 	0.000770753729979462 	0.000769605597553935 	2.36096185278713e-06 	0.000129829354314405
40738 	0.000761903272429873 	0.000760797771328573 	2.3108856508565e-06 	0.000128335019991062
41209 	0.000753182639793623 	0.000752113970542326 	2.26126818025545e-06 	0.00012686456956309
41686 	0.00074454751276466 	0.000743524383145901 	2.21440748980118e-06 	0.000125404585015397
42169 	0.000736005572567153 	0.000735021972568624 	2.16779946159469e-06 	0.000123962251926976
42657 	0.000727571660487784 	0.000726627092361948 	2.12235052832115e-06 	0.000122538144967932
43151 	0.000719228366356843 	0.000718322037390586 	2.07816795291098e-06 	0.000121129566965162
43651 	0.000710976385437979 	0.000710107361521819 	2.03459675096075e-06 	0.000119736241047513
44157 	0.000702816109049946 	0.000701983025043328 	1.99223429652893e-06 	0.000118358331123636
44668 	0.000694762957676651 	0.00069396525239725 	1.95085882680808e-06 	0.000116998626894969
45185 	0.000686800722205965 	0.000686037614235761 	1.91060646492454e-06 	0.00011565411961904
45708 	0.000678929687103697 	0.000678200086228633 	1.87116170264249e-06 	0.000114325176170951
46238 	0.00067113485598141 	0.000670438816966686 	1.83262183704926e-06 	0.000113009077427872
46773 	0.000663445910638258 	0.000662782194749751 	1.79492455365316e-06 	0.000111710896919911
47315 	0.000655833887124525 	0.000655201928885245 	1.75831701674334e-06 	0.000110425585169175
47863 	0.000648313293504645 	0.000647711819866646 	1.72241685935527e-06 	0.000109155769558069
48417 	0.000640883289115782 	0.00064031231245359 	1.68755278963649e-06 	0.000107901212765313
48977 	0.000633543853895878 	0.000633002297462397 	1.65344466692442e-06 	0.000106662007964467
49545 	0.00062626948540118 	0.000625756423555375 	1.62003976155471e-06 	0.000105433806510183
50118 	0.000619098051671676 	0.000618613354633661 	1.58772784451526e-06 	0.000104222912408084
50699 	0.000611992334775271 	0.000611534955839987 	1.55578923469011e-06 	0.000103023112494003
51286 	0.000604976640924248 	0.000604546184449126 	1.52481113434947e-06 	0.000101838597309789
51880 	0.00059803936304536 	0.000597635310973134 	1.49456896923146e-06 	0.000100667255405099
52480 	0.000591191452728832 	0.000590812821569716 	1.46499615843552e-06 	9.95110400236648e-05
53088 	0.000584410270952294 	0.000584056739900529 	1.43626266029027e-06 	9.83660266437974e-05
53703 	0.000577707177161738 	0.000577378438971409 	1.40808095400283e-06 	9.72343248958153e-05
54325 	0.000571082558870182 	0.000570777745342894 	1.38062617345352e-06 	9.61157820378022e-05
54954 	0.000564535952338986 	0.000564254612141001 	1.35393295544485e-06 	9.50103828489005e-05
55590 	0.000558067325207074 	0.000557808630465839 	1.32776373747233e-06 	9.39181977685527e-05
56234 	0.000551666444075608 	0.000551430348348726 	1.30227309673131e-06 	9.28374484612902e-05
56885 	0.000545343519839462 	0.000545129038077968 	1.27741178791748e-06 	9.17698487394915e-05
57543 	0.000539097939730205 	0.000538905000355611 	1.25316125174477e-06 	9.07153374113755e-05
58210 	0.000532911377126508 	0.000532739362623457 	1.22954386666482e-06 	8.96707955014965e-05
58884 	0.00052680805114602 	0.000526644602834935 	1.2032321193504e-06 	8.86452051030275e-05
59566 	0.000520761584316579 	0.000520629586034079 	1.18378151752071e-06 	8.76195192185732e-05
60255 	0.000514797587722953 	0.000514685437890552 	1.16195585365761e-06 	8.66123848515957e-05
60953 	0.000508893480174956 	0.000508800384377969 	1.14050127358722e-06 	8.56155371192229e-05
61659 	0.00050305784876539 	0.000502983232283719 	1.11961147276943e-06 	8.46302074783215e-05
62373 	0.000497290455861075 	0.000497234108493598 	1.09924599714725e-06 	8.36564386662492e-05
63095 	0.000491591299834712 	0.000491552843618156 	1.07942875463617e-06 	8.26941269865662e-05
63826 	0.000485952698959434 	0.000485931425628023 	1.06000450045039e-06 	8.17421424673144e-05
64565 	0.000480382156212652 	0.000480377819851662 	1.04112825413055e-06 	8.08015815314731e-05
65313 	0.00047487219846887 	0.000474884541653253 	1.02271560830745e-06 	7.98712678083903e-05
66069 	0.000469430213412076 	0.000469458694750548 	1.00479011538118e-06 	7.89524458321378e-05
66834 	0.000464048919690583 	0.000464093173614993 	9.87289537863223e-07 	7.80438287620546e-05
67608 	0.000458728210185752 	0.000458788099122439 	9.70237031171802e-07 	7.7145482157637e-05
68391 	0.000453468367398142 	0.000453543301754831 	9.53644296860625e-07 	7.62574050594055e-05
69183 	0.000448269255946401 	0.000448359003950442 	9.37395119948033e-07 	7.53795770021324e-05
69984 	0.000443130927508621 	0.00044323496875667 	9.21641209546869e-07 	7.4512006215844e-05
70794 	0.000438053024988225 	0.000438171298178018 	9.06255323667547e-07 	7.36546460791095e-05
71614 	0.000433032448619544 	0.000433158712137309 	8.8949923798894e-07 	7.28093549490155e-05
72443 	0.000428066724020385 	0.000428212170276246 	8.7671192746983e-07 	7.19685335633857e-05
73282 	0.000423158324326299 	0.000423316997627451 	8.62433937509343e-07 	7.11398048630675e-05
74131 	0.000418304686227149 	0.000418476189077558 	8.48601048300537e-07 	7.03203249071187e-05
74989 	0.000413511337104457 	0.000413695305779323 	8.35107843756077e-07 	6.95110156016525e-05
75857 	0.000408772470599825 	0.000408968732900805 	8.21933754986978e-07 	6.87109068928412e-05
76736 	0.000404082858093841 	0.000404291185351262 	8.09178292334158e-07 	6.79190643963692e-05
77624 	0.000399453129712715 	0.000399673277708779 	7.96711575633991e-07 	6.71373791623914e-05
78523 	0.000394872836332952 	0.000395104399693135 	7.84574389827403e-07 	6.63640442617136e-05
79432 	0.000390347174425234 	0.000390589648257759 	7.7266479516301e-07 	6.56000294292282e-05
80352 	0.000385870822936907 	0.000386124549378261 	7.61200975267218e-07 	6.48441511806116e-05
81283 	0.000381444296010886 	0.000381708742364567 	7.50076147024212e-07 	6.40967660356961e-05
82224 	0.000377072167793771 	0.000377347059210132 	7.39159501441984e-07 	6.33585568636153e-05
83176 	0.000372749675909606 	0.000373034739898181 	7.28552109923621e-07 	6.26287520731691e-05
84139 	0.000368476748453292 	0.000368771825965332 	7.18228095778593e-07 	6.19073138521695e-05
85113 	0.000364253432057925 	0.000364558316939537 	7.08167885136913e-07 	6.11942383373184e-05
86099 	0.00036007549420707 	0.000360389901310946 	6.98397228651324e-07 	6.04888399674503e-05
87096 	0.000355947165051846 	0.000356270945906476 	6.88874253365765e-07 	5.97917945583285e-05
88104 	0.00035186834215067 	0.000352201211456512 	6.79645693381349e-07 	5.91031266928639e-05
89125 	0.00034783103887609 	0.000348172790546382 	6.70638888395373e-07 	5.84214601141762e-05
90157 	0.000343843104241113 	0.000344193707262928 	6.61914248587935e-07 	5.77480959808156e-05
91201 	0.000339901213065066 	0.000340258910509365 	6.53338884875064e-07 	5.70826334381808e-05
92257 	0.000336004011598478 	0.000336371269703981 	6.45062060721219e-07 	5.64246077774366e-05
93325 	0.000332161367156398 	0.000332519351847822 	6.30625819678355e-07 	5.57831222358421e-05
94406 	0.000328343220978095 	0.000328726491294212 	6.29175785335583e-07 	5.51311371313485e-05
95499 	0.000324579202575821 	0.000324970223221525 	6.21559367655103e-07 	5.44956334955121e-05
96605 	0.000320857123060589 	0.000321255735175336 	6.14126791230234e-07 	5.38672070742819e-05
97723 	0.00031718037546792 	0.000317586386631824 	6.06930862428706e-07 	5.32464377478576e-05
98855 	0.000313542349985824 	0.000313955629304956 	5.99953409669121e-07 	5.26321707342102e-05
