#mean_isi
0.754992165883255
0.71968735335072
0.829810253752648
0.612927959462613
0.830719435579922
0.643278613575643
1.14261426142614
0.784411774510784
0.691992276150692
0.634832714040635
0.827264544636282
0.592192552588592
0.765243190985765
0.812626717217176
0.756075607560756
0.80988098809881
0.745657899123246
0.816172526343544
0.755825582558256
0.571557155715572
0.752908624195753
0.751158449178251
0.596659665966597
1.14236423642364
0.816808953622635
0.730254843666185
0.703070307030703
0.6995314916107
0.644207277870644
0.707532291690708
0.59012567923459
0.754325432543254
0.683222168370683
0.731073107310731
0.755908924225756
0.906490649064907
0.566181618161816
0.665995170945666
0.767660099343268
0.686530191480687
0.767660099343268
0.713379030210713
0.725890770895271
0.651065106510651
0.532347352382297
0.695608022340696
0.762992965963263
0.820354762749002
0.826719035539918
0.905090509050905
0.685651898523186
0.749158249158249
0.596793012634597
0.817781778177818
0.637135142085637
0.83008300830083
0.760409374270761
0.601126779344601
0.695761883880696
0.824991590068098
0.710455660950711
0.752741940860753
0.606260626062606
0.876976586547544
0.744574457445745
0.651136542225651
0.824446080971733
0.83317422651356
0.799352662538981
0.688761183810689
0.711840414810712
1.01210121012101
0.91989198919892
1.01443477681101
0.710455660950711
1.13698869886989
0.80988098809881
0.603793712704604
0.697608222360698
0.684914645310685
0.558743374337434
0.603126979364603
0.764576457645765
0.694736140280695
0.5997933126646
0.676067606760676
0.753992065873254
0.662066206620662
0.584344148700584
0.817081708170817
0.51294018290718
0.539701028926422
0.604660466046605
0.901867964574235
0.734490115678235
0.594926159282595
0.713302099440713
0.515773799602183
0.812781278127813
0.91989198919892
