#mean_isi
0.634330099676634
0.598684868486849
0.687283014015687
0.549349052552314
0.725841814950726
0.533997844228867
0.951395139513951
0.823082308230823
0.559350052652324
0.559055905590559
0.572174864545278
0.513884721805514
0.575528141049399
0.65963739231066
0.635996933026636
0.763909724305764
0.66028031374566
0.637997133046638
0.663994970925664
0.475197519751975
0.570998276298218
0.583495849584958
0.496102241803128
0.845448181181755
0.767243391005767
0.68021087823068
0.668995470975669
0.569939346875864
0.533164427553867
0.531553155315531
0.506717338400507
0.662851999485663
0.501471199751554
0.599497449744974
0.570527640999394
0.600622562256226
0.440089463491804
0.505997968217874
0.714994576380715
0.625195852918625
0.624595792912625
0.602122712271227
0.669352649550669
0.628396172950628
0.435679931629527
0.609260926092609
0.541665277638875
0.638330499716638
0.64026402640264
0.56652724095939
0.707840014770708
0.534331210898868
0.502839757659976
0.729406273960729
0.550407981974668
0.646464646464646
0.569527540989393
0.497049704970497
0.514419863038935
0.685639992570686
0.536887022035537
0.569880517463511
0.558232293817617
0.712737940460713
0.570351152762335
0.588496349634964
0.544721138780545
0.899289928992899
0.819172826373546
0.562703329156445
0.565997776248213
0.744459061290744
0.738843115080739
0.745228368990745
0.541054105410541
0.859995090418133
0.711840414810712
0.545701628986428
0.623395672900623
0.665280813795665
0.463998780830464
0.527052705270527
0.610498549854985
0.654279713685654
0.498997268147867
0.542165327643875
0.62966296629663
0.58955895589559
0.516885021835517
0.710763384030711
0.484048404840484
0.458331547440458
0.556820387921145
0.654265426542654
0.655922735130656
0.487627710139435
0.557291023219969
0.378537853785379
0.649064906490649
0.733611822720734
