#mean_isi
0.934315653787601
0.864186418641864
1.17154572600117
0.85038503850385
0.866886688668867
0.666912845130667
1.36897023035637
0.779327932793279
0.830983098309831
0.81958195819582
1.05785578557856
0.818381838183818
1.0502300230023
1.2042632834712
0.830583058305831
1.01260126012601
0.780441680531689
1.03810381038104
0.84018401840184
0.65052659112065
0.854685468546855
0.839183918391839
0.663297098940663
1.17454602603117
1.03872887288729
0.845884588458846
0.833183318331833
0.721627718327388
0.759075907590759
0.828282828282828
0.626678052420627
0.932093209320932
0.743619816527107
0.81048104810481
0.959651520707626
1.03185318531853
0.602917434600603
0.767258544036222
0.918314053627585
0.813781378137814
0.838283828382838
0.785896771495331
0.754348162088936
0.846084608460846
0.680984765143181
0.945650120567612
0.863486348634863
0.915091509150915
0.964429776310965
0.930981987087598
0.910424375770911
0.685985265193186
0.718738540520719
0.901979086797569
0.742710634699834
1.04285428542854
0.851385138513851
0.68990232356569
0.789260744256244
1.03335333533353
0.931870964874265
0.917980686957585
0.663758683560664
1.2015487263012
0.837283728372837
0.829482948294829
0.842484248424843
0.908424175750909
1.01760176017602
0.755984689378029
0.932315453767599
1.06298129812981
1.06348134813481
1.18997614047119
0.956428976230956
1.67496749674968
1.00935093509351
0.751491815848251
0.782260044186237
0.900756742340901
0.71048771543821
0.766349362208948
1.07048204820482
1.03097809780978
0.708570857085709
0.770713434979862
0.911091109110911
0.846184618461846
0.733891570975279
1.01910191019102
0.578986470075579
0.628705727715629
0.845384538453846
1.03385338533853
0.765622016747129
0.655604021940656
0.906757342400907
0.543116811681168
0.94298318720761
1.3966396639664
