# nm = 1024 nc = 100 len = 90 extf = 0 beta = 0.473
#energy 	magnetization 	acceptance
-1.64593	-0.859506	0.109723
-1.6316	-0.810864	0.120537
-1.65432	-0.866173	0.116215
-1.64198	-0.864444	0.112917
-1.66173	-0.875309	0.111358
-1.66963	-0.876049	0.110421
-1.64	-0.848148	0.114693
-1.62321	-0.835802	0.11901
-1.63407	-0.856543	0.114795
-1.64988	-0.876296	0.115062
-1.63407	-0.846667	0.109726
-1.58222	-0.80642	0.118693
-1.6084	-0.839012	0.11979
-1.67704	-0.878519	0.110353
-1.68148	-0.889136	0.117186
-1.61827	-0.842963	0.112233
-1.66519	-0.879506	0.112254
-1.64395	-0.839259	0.11033
-1.6958	-0.88716	0.111491
-1.61877	-0.84642	0.113749
-1.67309	-0.882222	0.113344
-1.65827	-0.881728	0.108625
-1.64889	-0.853827	0.114954
-1.63309	-0.857778	0.108686
-1.66272	-0.876049	0.111123
-1.6558	-0.857037	0.112463
-1.64148	-0.843457	0.112786
-1.64741	-0.861481	0.114315
-1.6163	-0.844444	0.11191
-1.62222	-0.849136	0.117009
-1.62963	-0.853333	0.116628
-1.67605	-0.877778	0.11187
-1.62864	-0.858025	0.116731
-1.64889	-0.864444	0.109511
-1.63259	-0.843457	0.114164
-1.63012	-0.843951	0.115089
-1.62321	-0.853086	0.112265
-1.64543	-0.858519	0.116444
-1.58222	-0.804691	0.118126
-1.68691	-0.88963	0.114319
-1.62667	-0.845679	0.112136
-1.67012	-0.86963	0.113952
-1.59012	-0.834074	0.109815
-1.66123	-0.871358	0.114744
-1.65333	-0.87284	0.108474
-1.62074	-0.85284	0.120957
-1.62864	-0.847654	0.108905
-1.62272	-0.847654	0.108662
-1.64691	-0.866667	0.11152
-1.65037	-0.853333	0.115733
-1.66617	-0.871111	0.113111
-1.67012	-0.875556	0.110123
-1.62519	-0.858519	0.113164
-1.63358	-0.837531	0.11372
-1.65531	-0.865432	0.114275
-1.70173	-0.879753	0.113254
-1.62568	-0.848889	0.11072
-1.65037	-0.862963	0.111838
-1.65778	-0.868148	0.11213
-1.65086	-0.860494	0.114038
-1.63259	-0.864938	0.107669
-1.64099	-0.871111	0.114483
-1.68494	-0.888395	0.107077
-1.63012	-0.867654	0.115647
-1.65481	-0.867901	0.112633
-1.64099	-0.859012	0.111151
-1.63111	-0.85284	0.10911
-1.65679	-0.865185	0.110844
-1.65383	-0.874815	0.106683
-1.65037	-0.873333	0.105351
-1.61778	-0.841481	0.112517
-1.6316	-0.826173	0.116995
-1.62469	-0.854074	0.116567
-1.65827	-0.872593	0.115841
-1.69877	-0.876049	0.113151
-1.66667	-0.876543	0.111763
-1.64346	-0.836049	0.114847
-1.66519	-0.869877	0.113826
-1.66321	-0.874568	0.111725
-1.68099	-0.887901	0.108793
-1.65778	-0.876049	0.113551
-1.64494	-0.870617	0.109983
-1.68444	-0.888642	0.110552
-1.67556	-0.87358	0.112251
-1.62469	-0.844198	0.110549
-1.70716	-0.879506	0.111764
-1.63062	-0.858519	0.111226
-1.62025	-0.853333	0.110381
-1.66617	-0.862222	0.113356
-1.64395	-0.862222	0.113356
-1.67358	-0.868148	0.111519
-1.64444	-0.868642	0.1096
-1.65481	-0.83284	0.114633
-1.60395	-0.824691	0.115312
-1.65481	-0.862222	0.116691
-1.60247	-0.826914	0.116557
-1.68691	-0.883951	0.111722
-1.62667	-0.84963	0.114093
-1.63062	-0.861481	0.117032
-1.61481	-0.841975	0.11772
-1.61481	-0.843951	0.118765
-1.63111	-0.845679	0.11169
-1.62222	-0.845432	0.117199
-1.64	-0.856049	0.116243
-1.70519	-0.893333	0.111801
-1.64642	-0.860494	0.111226
-1.65333	-0.850617	0.116316
-1.63852	-0.844444	0.114596
-1.67259	-0.878025	0.113973
-1.65926	-0.873086	0.112198
-1.68494	-0.88716	0.110493
-1.54716	-0.781481	0.117763
-1.63111	-0.851605	0.116341
-1.62568	-0.830864	0.116062
-1.64938	-0.835309	0.117894
-1.64444	-0.86	0.119032
-1.66469	-0.874074	0.115641
-1.64988	-0.871358	0.114359
-1.65037	-0.874074	0.110238
-1.62864	-0.864198	0.112225
-1.67062	-0.879259	0.108947
-1.63753	-0.864691	0.110312
-1.63704	-0.854074	0.11174
-1.64741	-0.869383	0.110928
-1.6484	-0.868642	0.114169
-1.62667	-0.847901	0.111985
-1.64099	-0.866667	0.113802
-1.66025	-0.871358	0.117196
-1.68346	-0.880494	0.113105
-1.64543	-0.859506	0.110399
-1.66519	-0.879012	0.109828
-1.69037	-0.875802	0.112453
-1.6637	-0.872593	0.113693
-1.65531	-0.852593	0.113443
-1.64691	-0.860494	0.112704
-1.64741	-0.859259	0.110757
-1.66963	-0.866667	0.111385
-1.69185	-0.885926	0.11242
-1.6479	-0.86716	0.111773
-1.67259	-0.872593	0.112237
-1.64444	-0.862469	0.11447
-1.62519	-0.857284	0.113135
-1.67654	-0.874074	0.110694
-1.60988	-0.810123	0.11527
-1.67556	-0.871358	0.114459
-1.62914	-0.85358	0.112373
-1.64543	-0.857531	0.111286
-1.63358	-0.857037	0.114491
-1.62716	-0.845432	0.11454
-1.68247	-0.876049	0.110299
-1.63309	-0.834568	0.116546
-1.66025	-0.863951	0.112944
-1.67062	-0.88	0.107135
-1.64988	-0.860741	0.117279
-1.63358	-0.867901	0.112814
-1.63012	-0.848642	0.109684
-1.63852	-0.86642	0.11337
-1.61926	-0.838025	0.108411
-1.6716	-0.873827	0.111663
-1.65926	-0.861481	0.112346
-1.64988	-0.853333	0.11931
-1.66123	-0.854321	0.112617
-1.64691	-0.878272	0.113063
-1.60346	-0.826914	0.116358
-1.64642	-0.867407	0.110644
-1.63062	-0.865432	0.106842
-1.61136	-0.847654	0.111926
-1.66519	-0.86963	0.117347
-1.67753	-0.878272	0.112925
-1.66519	-0.877037	0.115875
-1.65778	-0.855309	0.116178
-1.65185	-0.831605	0.113096
-1.65975	-0.864444	0.119663
-1.63704	-0.843951	0.118537
-1.64642	-0.877284	0.11568
-1.6637	-0.86963	0.110668
-1.65037	-0.868148	0.11357
-1.66716	-0.860741	0.113444
-1.64642	-0.867654	0.113783
-1.66173	-0.871358	0.111228
-1.62272	-0.86963	0.110515
-1.63951	-0.855556	0.115621
-1.64444	-0.86321	0.110619
-1.64148	-0.848889	0.115632
-1.63802	-0.862963	0.113574
-1.66864	-0.871111	0.11069
-1.67111	-0.865926	0.112083
-1.69037	-0.878272	0.11178
-1.64691	-0.870617	0.118332
-1.61383	-0.843457	0.114299
-1.62222	-0.866667	0.114138
-1.62765	-0.852593	0.110502
-1.63111	-0.855802	0.115295
-1.68444	-0.88	0.114709
-1.69975	-0.893827	0.111575
-1.64049	-0.859012	0.109952
-1.68	-0.881728	0.110958
-1.67951	-0.871852	0.112652
-1.66617	-0.878765	0.11359
-1.62716	-0.858519	0.11158
-1.66272	-0.868395	0.113086
-1.62123	-0.859753	0.111794
-1.66173	-0.865679	0.109183
-1.63951	-0.858765	0.111072
-1.65432	-0.873827	0.114962
-1.6563	-0.868889	0.111543
-1.62963	-0.853086	0.118941
-1.60296	-0.848148	0.11801
-1.61531	-0.82963	0.113028
-1.66074	-0.869383	0.112769
-1.63407	-0.860741	0.11487
-1.66963	-0.872346	0.115019
-1.67457	-0.881481	0.10954
-1.64148	-0.84963	0.112223
-1.61136	-0.836543	0.120194
-1.64741	-0.844444	0.116536
-1.6158	-0.816296	0.120689
-1.66074	-0.861728	0.115662
-1.6321	-0.851852	0.114146
-1.66716	-0.876049	0.109973
-1.6242	-0.861728	0.113899
-1.64494	-0.86	0.110135
-1.62568	-0.841728	0.114153
-1.63654	-0.83037	0.119415
-1.64543	-0.840494	0.122352
-1.6163	-0.858025	0.117515
-1.66815	-0.874074	0.112369
-1.60148	-0.84321	0.108999
-1.63506	-0.85358	0.111158
-1.64741	-0.877778	0.113049
-1.70617	-0.884691	0.114536
-1.64099	-0.852593	0.114402
-1.65037	-0.870617	0.112275
-1.62469	-0.828642	0.116338
-1.64049	-0.860741	0.115899
-1.61926	-0.840247	0.122414
-1.66716	-0.864444	0.111294
-1.64691	-0.867654	0.117322
-1.64741	-0.860247	0.116277
-1.63358	-0.85284	0.111835
-1.63901	-0.845432	0.113494
-1.60691	-0.826173	0.11743
-1.59951	-0.77358	0.125747
-1.6237	-0.845926	0.125315
-1.65531	-0.867654	0.11021
-1.6484	-0.860988	0.109325
-1.64099	-0.857531	0.112343
-1.64444	-0.863457	0.112447
-1.67012	-0.865679	0.110668
-1.63556	-0.84	0.110299
-1.6721	-0.864198	0.112457
-1.6242	-0.848395	0.115319
-1.65086	-0.869877	0.112685
-1.63654	-0.86963	0.112406
-1.62667	-0.85679	0.107151
-1.65481	-0.87284	0.111014
-1.64444	-0.86963	0.11133
-1.66272	-0.863951	0.111298
-1.64741	-0.866667	0.109826
-1.61037	-0.838025	0.109353
-1.67407	-0.86716	0.114714
-1.64642	-0.860247	0.11502
-1.6316	-0.860741	0.116894
-1.65827	-0.857037	0.111431
-1.66568	-0.880494	0.111898
-1.6316	-0.860494	0.107174
-1.60296	-0.829383	0.114119
-1.62074	-0.83284	0.119383
-1.69481	-0.889136	0.109822
-1.67358	-0.867654	0.114419
-1.67802	-0.868148	0.111264
-1.63012	-0.842222	0.11173
-1.64444	-0.859506	0.114442
-1.63901	-0.855309	0.111927
-1.64247	-0.861235	0.112936
-1.67852	-0.874815	0.108268
-1.67111	-0.878025	0.11354
-1.64444	-0.856296	0.109859
-1.66123	-0.864198	0.118709
-1.64	-0.860247	0.109827
-1.62765	-0.858272	0.114306
-1.63358	-0.853333	0.112881
-1.62963	-0.869136	0.116412
-1.66469	-0.869136	0.111363
-1.64938	-0.839259	0.117633
-1.56691	-0.761481	0.12406
-1.61037	-0.774815	0.125143
-1.62272	-0.828395	0.120102
-1.64395	-0.854074	0.120109
-1.62864	-0.854568	0.118664
-1.64642	-0.868642	0.108986
-1.66173	-0.865185	0.111484
-1.63012	-0.840494	0.110916
-1.69975	-0.896049	0.112043
-1.66667	-0.871852	0.10657
-1.64691	-0.873086	0.11754
-1.6558	-0.870617	0.109825
-1.65827	-0.859012	0.1137
-1.67654	-0.879753	0.114442
-1.66617	-0.870617	0.11132
-1.62469	-0.838025	0.114728
-1.6484	-0.868395	0.113883
-1.65679	-0.867407	0.111106
-1.60741	-0.826173	0.110952
-1.67753	-0.871358	0.115404
-1.61185	-0.839259	0.112817
-1.65827	-0.849383	0.115594
-1.6484	-0.848395	0.116356
-1.63901	-0.853333	0.114706
-1.63704	-0.818765	0.117277
-1.64642	-0.857037	0.12011
-1.64593	-0.862469	0.112615
-1.65531	-0.872593	0.113873
-1.66074	-0.85284	0.119089
-1.68593	-0.879506	0.114094
-1.65136	-0.85284	0.11359
-1.62914	-0.850864	0.114469
-1.63704	-0.862469	0.114905
-1.6237	-0.84	0.111191
-1.64148	-0.855309	0.116143
-1.65383	-0.865679	0.112793
-1.65778	-0.873086	0.118279
-1.62519	-0.837037	0.113758
-1.63753	-0.842222	0.112579
-1.63407	-0.859259	0.116009
-1.65728	-0.859506	0.113957
-1.65481	-0.86963	0.113335
-1.63556	-0.846173	0.11253
-1.68099	-0.872099	0.114502
-1.62123	-0.852346	0.113173
-1.69284	-0.884938	0.115062
-1.66765	-0.886173	0.111063
-1.65481	-0.866667	0.112925
-1.62222	-0.837531	0.111644
-1.70469	-0.880741	0.113337
-1.6316	-0.831358	0.110765
-1.63012	-0.849136	0.117664
-1.56889	-0.826914	0.11578
-1.67062	-0.877284	0.111909
-1.63753	-0.851852	0.114567
-1.71506	-0.903951	0.112135
-1.66617	-0.857284	0.109349
-1.65975	-0.851358	0.115788
-1.65383	-0.848395	0.113983
-1.64691	-0.860741	0.117928
-1.65975	-0.870617	0.11163
-1.64988	-0.875556	0.109662
-1.62617	-0.830123	0.11903
-1.65284	-0.823951	0.116512
-1.61235	-0.806667	0.120336
-1.65728	-0.870864	0.115005
-1.6484	-0.865432	0.112422
-1.62025	-0.858519	0.107546
-1.66025	-0.874321	0.109215
-1.66123	-0.86963	0.110707
-1.65432	-0.854074	0.1113
-1.64889	-0.856296	0.116275
-1.66963	-0.87679	0.110996
-1.62716	-0.857284	0.112226
-1.64988	-0.857531	0.115322
-1.65284	-0.850617	0.115891
-1.6642	-0.862963	0.110672
-1.68049	-0.882963	0.114142
-1.64395	-0.859753	0.109795
-1.67951	-0.874074	0.112691
-1.6884	-0.882716	0.11174
-1.67556	-0.86642	0.115812
-1.65877	-0.864691	0.111391
-1.64543	-0.861728	0.116746
-1.69877	-0.883704	0.115048
-1.65185	-0.862222	0.11187
-1.64938	-0.869136	0.112168
-1.67012	-0.879753	0.115846
-1.64099	-0.857284	0.110572
-1.67309	-0.881728	0.112132
-1.6558	-0.859753	0.11266
-1.6	-0.836543	0.110657
-1.67753	-0.872593	0.119877
-1.67605	-0.877531	0.112541
-1.68099	-0.878272	0.110399
-1.65383	-0.865432	0.11084
-1.64	-0.857284	0.10651
-1.6879	-0.866914	0.114828
-1.64889	-0.873086	0.11134
-1.61086	-0.82716	0.115244
-1.62617	-0.85358	0.11333
-1.6158	-0.841481	0.119996
-1.64889	-0.860494	0.118107
-1.66469	-0.874321	0.114116
-1.6484	-0.858025	0.114178
-1.62321	-0.84	0.112416
-1.63753	-0.871358	0.112865
-1.68889	-0.884444	0.111925
-1.68593	-0.870864	0.1089
-1.68247	-0.885432	0.110196
-1.66617	-0.863951	0.114251
-1.64494	-0.861728	0.116784
-1.63506	-0.846173	0.112762
-1.65333	-0.868642	0.116243
-1.6237	-0.850617	0.116179
-1.61877	-0.838025	0.116169
-1.64543	-0.852346	0.125222
-1.64444	-0.837037	0.117985
-1.65185	-0.852346	0.118802
-1.6316	-0.849877	0.11241
-1.63605	-0.868148	0.111906
-1.64642	-0.854074	0.109354
-1.67012	-0.870617	0.11472
-1.65877	-0.874815	0.115184
-1.63259	-0.85037	0.112577
-1.67259	-0.883704	0.10926
-1.64198	-0.860988	0.111146
-1.62074	-0.822963	0.115669
-1.63605	-0.828395	0.116842
-1.63852	-0.854568	0.114849
-1.6484	-0.866173	0.111493
-1.66963	-0.878272	0.11069
-1.67407	-0.877037	0.106809
-1.64444	-0.857531	0.111498
-1.65481	-0.865185	0.113944
-1.63852	-0.858272	0.109768
-1.68296	-0.884444	0.117363
-1.64247	-0.869877	0.11087
-1.68148	-0.880741	0.111402
-1.63358	-0.860247	0.109873
-1.64642	-0.860494	0.108838
-1.65185	-0.862716	0.116038
-1.64444	-0.857037	0.111878
-1.63704	-0.865185	0.113898
-1.6479	-0.87679	0.111102
-1.61383	-0.841235	0.115723
-1.6316	-0.824938	0.112553
-1.61185	-0.853333	0.11894
-1.64889	-0.861975	0.110423
-1.68444	-0.88642	0.105243
-1.66222	-0.865926	0.111186
-1.65778	-0.862222	0.112922
-1.65185	-0.859753	0.111069
-1.63605	-0.858519	0.116243
-1.66864	-0.875309	0.108686
-1.66963	-0.874815	0.110741
-1.63753	-0.853333	0.114073
-1.62568	-0.84963	0.113404
-1.64296	-0.845926	0.114144
-1.6084	-0.826914	0.114856
-1.64741	-0.859259	0.113502
-1.63309	-0.864444	0.113265
-1.61333	-0.824691	0.116779
-1.65136	-0.865185	0.113617
-1.63259	-0.856543	0.114048
-1.65481	-0.864938	0.112252
-1.65481	-0.865185	0.114525
-1.6158	-0.825679	0.117398
-1.65284	-0.871358	0.117019
-1.64395	-0.872346	0.113323
-1.63309	-0.853333	0.111683
-1.65778	-0.861975	0.112041
-1.64099	-0.848148	0.114264
-1.65136	-0.868889	0.115593
-1.64444	-0.855062	0.111281
-1.60593	-0.837284	0.113968
-1.61481	-0.84321	0.116659
-1.60938	-0.843704	0.11577
-1.64938	-0.850864	0.117431
-1.64395	-0.864444	0.115525
-1.67012	-0.876049	0.115688
-1.63556	-0.841481	0.113126
-1.62617	-0.855309	0.111526
-1.67111	-0.875556	0.111921
-1.68346	-0.882469	0.116906
-1.66568	-0.867654	0.113995
-1.65877	-0.86716	0.112104
-1.6316	-0.834074	0.114652
-1.64889	-0.851111	0.116688
-1.56938	-0.779259	0.120562
-1.65235	-0.857531	0.118075
-1.69778	-0.877778	0.112422
-1.6563	-0.870123	0.11511
-1.6958	-0.888889	0.111294
-1.6084	-0.822222	0.117044
-1.65531	-0.876049	0.111427
-1.66765	-0.875309	0.112616
-1.67012	-0.877037	0.111638
-1.6884	-0.885926	0.111605
-1.65531	-0.870864	0.116019
-1.62222	-0.84963	0.11663
-1.64	-0.860741	0.11432
-1.65827	-0.864938	0.111233
-1.66025	-0.877037	0.115525
-1.68938	-0.883457	0.115383
-1.68049	-0.881481	0.108356
-1.63654	-0.861481	0.112278
-1.65037	-0.866914	0.11538
-1.66025	-0.859259	0.114935
-1.6558	-0.871852	0.114959
-1.65284	-0.868642	0.112221
-1.67407	-0.879506	0.111479
-1.62716	-0.855309	0.114664
-1.63506	-0.858519	0.112211
-1.63605	-0.86963	0.115209
-1.64543	-0.857531	0.11752
-1.62025	-0.836296	0.116521
-1.65333	-0.868642	0.117073
-1.69679	-0.879259	0.114591
-1.65136	-0.873333	0.110037
-1.64938	-0.860247	0.109735
-1.61827	-0.833333	0.11512
-1.66173	-0.867407	0.116916
-1.61679	-0.851358	0.110211
-1.64	-0.835309	0.12109
-1.61531	-0.849877	0.1151
-1.60247	-0.851852	0.114795
-1.62963	-0.847901	0.11519
-1.62519	-0.832593	0.115057
-1.6879	-0.886173	0.112762
-1.64741	-0.870123	0.109695
-1.64691	-0.860494	0.109159
-1.66617	-0.863457	0.109511
-1.61827	-0.84642	0.111811
-1.62272	-0.851358	0.111207
-1.66716	-0.868642	0.113689
-1.64889	-0.866173	0.116681
-1.65778	-0.87037	0.112922
-1.64346	-0.826914	0.111047
-1.66074	-0.87679	0.118235
-1.6158	-0.850617	0.109758
-1.67309	-0.880494	0.112209
-1.66123	-0.873827	0.10734
-1.63012	-0.832099	0.116683
-1.66074	-0.868889	0.116527
-1.62222	-0.856049	0.110528
-1.63012	-0.847654	0.111491
-1.63654	-0.862469	0.114081
-1.64346	-0.865185	0.111364
-1.64593	-0.857531	0.113194
-1.61679	-0.84716	0.113914
-1.63457	-0.846914	0.111668
-1.66074	-0.875802	0.111794
-1.65136	-0.863457	0.10941
-1.6484	-0.850123	0.113165
-1.69827	-0.888642	0.120373
-1.68395	-0.873333	0.113928
-1.60543	-0.836296	0.116343
-1.64099	-0.857778	0.115631
-1.69975	-0.879012	0.11462
-1.61481	-0.83679	0.117631
-1.65877	-0.861728	0.11806
-1.65333	-0.875556	0.111748
-1.65728	-0.873827	0.113325
-1.68593	-0.885185	0.113844
-1.63407	-0.850617	0.111943
-1.68642	-0.890123	0.116106
-1.62173	-0.859259	0.113181
-1.64198	-0.856296	0.1136
-1.6158	-0.850123	0.114379
-1.66272	-0.87679	0.109852
-1.6242	-0.860247	0.112019
-1.65926	-0.872593	0.113412
-1.6563	-0.87358	0.107193
-1.65975	-0.870617	0.112042
-1.61432	-0.85358	0.114964
-1.6	-0.83358	0.113972
-1.63358	-0.860741	0.116642
-1.67802	-0.874321	0.111263
-1.67259	-0.877531	0.113085
-1.6637	-0.871605	0.112054
-1.6642	-0.878025	0.10922
-1.63951	-0.858765	0.109343
-1.64543	-0.857037	0.109014
-1.63556	-0.860494	0.110696
-1.66272	-0.857037	0.113074
-1.65531	-0.84716	0.11996
-1.67358	-0.874815	0.113272
-1.66222	-0.867654	0.111132
-1.6484	-0.872346	0.112028
-1.63753	-0.851852	0.109535
-1.63259	-0.851852	0.113728
-1.6316	-0.848148	0.114386
-1.62222	-0.845185	0.113783
-1.64889	-0.870123	0.116063
-1.64148	-0.864938	0.114848
-1.67259	-0.867407	0.110965
-1.61778	-0.853827	0.113641
-1.61284	-0.852593	0.111436
-1.65284	-0.860494	0.112407
-1.65333	-0.87284	0.109847
-1.64988	-0.860741	0.114041
-1.63407	-0.863951	0.106883
-1.60593	-0.840988	0.116986
-1.64395	-0.87037	0.109058
-1.64741	-0.866914	0.110635
-1.60099	-0.841975	0.111601
-1.63111	-0.853827	0.113896
-1.67802	-0.86716	0.116714
-1.62519	-0.848395	0.115543
-1.6879	-0.882963	0.112057
-1.63407	-0.842469	0.113114
-1.67407	-0.882469	0.111736
-1.6563	-0.873827	0.109083
-1.64099	-0.853086	0.110548
-1.64543	-0.868642	0.109633
-1.61333	-0.836543	0.109852
-1.68049	-0.888395	0.110756
-1.65778	-0.867407	0.109209
-1.66617	-0.873086	0.109858
-1.6484	-0.853333	0.110988
-1.6479	-0.861728	0.112281
-1.64099	-0.860247	0.111901
-1.61185	-0.856049	0.113344
-1.67259	-0.880247	0.111674
-1.59654	-0.821235	0.114352
-1.63556	-0.842963	0.116585
-1.64741	-0.86321	0.11299
-1.65432	-0.857778	0.11201
-1.67062	-0.874074	0.108491
-1.62963	-0.846667	0.114816
-1.66617	-0.868889	0.108891
-1.64593	-0.858765	0.109167
-1.67951	-0.871358	0.10927
-1.69679	-0.884444	0.111957
-1.63358	-0.851111	0.11213
-1.61037	-0.841975	0.116068
-1.64049	-0.871111	0.110156
-1.59506	-0.830123	0.117148
-1.64741	-0.875556	0.114953
-1.66716	-0.878025	0.112447
-1.68988	-0.889383	0.114101
-1.68099	-0.872346	0.108572
-1.63951	-0.858025	0.108486
-1.66914	-0.876543	0.113127
-1.64247	-0.857778	0.11199
-1.62123	-0.837531	0.114035
-1.6563	-0.865926	0.112977
-1.61086	-0.836049	0.109547
-1.6321	-0.858765	0.1124
-1.64543	-0.86642	0.115611
-1.68247	-0.878025	0.113589
-1.60099	-0.815802	0.113042
-1.65284	-0.874568	0.1166
-1.64889	-0.864444	0.115915
-1.64741	-0.865679	0.119154
-1.64494	-0.861481	0.110098
-1.65432	-0.859753	0.1135
-1.68889	-0.890617	0.110863
-1.65037	-0.864691	0.109769
-1.63753	-0.866667	0.109765
-1.66864	-0.859012	0.113446
-1.62963	-0.842716	0.117869
-1.65975	-0.865926	0.120479
-1.6642	-0.872099	0.1117
-1.64741	-0.865679	0.115059
-1.62222	-0.840988	0.11396
-1.61531	-0.843457	0.112879
-1.6316	-0.851852	0.11316
-1.65679	-0.857778	0.111533
-1.63457	-0.838519	0.111294
-1.64691	-0.869383	0.112263
-1.64691	-0.869136	0.113772
-1.65235	-0.86716	0.110175
-1.63704	-0.871852	0.110567
-1.64296	-0.853827	0.109685
-1.64494	-0.859506	0.113159
-1.67852	-0.883951	0.111302
-1.61432	-0.842963	0.111351
-1.65037	-0.878025	0.118296
-1.62074	-0.848148	0.113041
-1.65926	-0.864938	0.116484
-1.63012	-0.837778	0.11417
-1.68938	-0.875062	0.117127
-1.63111	-0.854074	0.113275
-1.65728	-0.863951	0.118267
-1.68296	-0.871605	0.109823
-1.66469	-0.859012	0.110549
-1.67062	-0.882716	0.112704
-1.62716	-0.852099	0.112084
-1.64741	-0.865926	0.115042
-1.62765	-0.856296	0.112189
-1.63901	-0.859753	0.112773
-1.65877	-0.864444	0.111517
-1.65037	-0.858025	0.112148
-1.67556	-0.873086	0.116757
-1.66222	-0.871852	0.109157
-1.61383	-0.829877	0.111965
-1.64	-0.857778	0.117389
-1.63062	-0.858025	0.111028
-1.66667	-0.873086	0.109431
-1.67704	-0.885185	0.113846
-1.61728	-0.856296	0.109574
-1.67704	-0.888395	0.110615
-1.63457	-0.851605	0.113384
-1.69926	-0.888148	0.115551
-1.67654	-0.885185	0.10702
-1.66864	-0.863951	0.109956
-1.67901	-0.860988	0.111235
-1.66222	-0.879753	0.112304
-1.62864	-0.855309	0.111325
-1.65877	-0.880741	0.112732
-1.63654	-0.854074	0.112427
-1.64494	-0.860741	0.118414
-1.6484	-0.870864	0.11486
-1.63259	-0.85037	0.110478
-1.66914	-0.861481	0.111917
-1.63605	-0.856049	0.112881
-1.68198	-0.866914	0.114017
-1.66864	-0.870617	0.117937
-1.64938	-0.872099	0.111452
-1.67111	-0.871852	0.11489
-1.64395	-0.861235	0.113162
-1.63259	-0.852593	0.110216
-1.65333	-0.858025	0.11984
-1.6879	-0.877284	0.114926
-1.63951	-0.860247	0.110102
-1.64	-0.856296	0.113015
-1.67605	-0.874321	0.116394
-1.66173	-0.875556	0.113127
-1.64444	-0.847654	0.12074
-1.67556	-0.88	0.110693
-1.63259	-0.857037	0.111399
-1.69086	-0.879506	0.111285
-1.67753	-0.881481	0.110477
-1.65333	-0.864691	0.116244
-1.69333	-0.877778	0.110984
-1.62667	-0.842469	0.111401
-1.63457	-0.868148	0.115721
-1.62815	-0.845679	0.110888
-1.62519	-0.831358	0.117099
-1.62025	-0.840988	0.11487
-1.64395	-0.84963	0.116248
-1.6479	-0.867407	0.113793
-1.60938	-0.837778	0.110605
-1.67704	-0.878519	0.110342
-1.64346	-0.864938	0.114668
-1.66519	-0.863457	0.111758
-1.64988	-0.858519	0.114664
-1.63309	-0.858025	0.110585
-1.65037	-0.857284	0.110285
-1.63704	-0.850123	0.111051
-1.64494	-0.866667	0.108856
-1.6963	-0.902222	0.111274
-1.65728	-0.868148	0.115484
-1.61877	-0.83284	0.112828
-1.67556	-0.87284	0.115916
-1.64049	-0.858272	0.116315
-1.65728	-0.867407	0.112448
-1.58617	-0.83037	0.113432
-1.61877	-0.840741	0.114928
-1.6716	-0.875802	0.109442
-1.67506	-0.886173	0.110094
-1.63556	-0.851358	0.115105
-1.66716	-0.868642	0.109358
-1.66123	-0.869383	0.111142
-1.67506	-0.871852	0.110395
-1.62568	-0.857037	0.110864
-1.67951	-0.878765	0.110857
-1.60642	-0.847901	0.107386
-1.62914	-0.846914	0.110805
-1.6084	-0.849383	0.118383
-1.6321	-0.829877	0.118989
-1.66963	-0.878272	0.113644
-1.6716	-0.876296	0.110269
-1.64	-0.861975	0.110131
-1.6321	-0.864198	0.110223
-1.6721	-0.869877	0.115764
-1.65086	-0.871852	0.110916
-1.66074	-0.881235	0.111277
-1.61778	-0.849136	0.111338
-1.66864	-0.871358	0.113116
-1.66469	-0.872593	0.109053
-1.63358	-0.85358	0.109199
-1.63506	-0.857778	0.113322
-1.6479	-0.862222	0.113133
-1.64593	-0.843704	0.114544
-1.65728	-0.86642	0.117837
-1.65975	-0.858272	0.111935
-1.65481	-0.860247	0.114111
-1.68444	-0.877284	0.113357
-1.67012	-0.885432	0.108127
-1.64988	-0.859259	0.114716
-1.63901	-0.865185	0.115558
-1.61728	-0.845432	0.108721
-1.65383	-0.855802	0.112904
-1.62469	-0.851852	0.116679
-1.66272	-0.876049	0.113462
-1.66272	-0.872099	0.10718
-1.64247	-0.879259	0.111465
-1.63951	-0.862222	0.111154
-1.61975	-0.851852	0.112077
-1.67407	-0.868148	0.108057
-1.64494	-0.831111	0.114985
-1.65877	-0.866667	0.114919
-1.65432	-0.855309	0.112086
-1.63062	-0.844938	0.116859
-1.63062	-0.854321	0.114812
-1.6563	-0.857778	0.114146
-1.64593	-0.828642	0.116032
-1.62173	-0.844444	0.121859
-1.63259	-0.845679	0.121947
-1.65333	-0.871111	0.118725
-1.67309	-0.878025	0.112526
-1.67062	-0.876543	0.110919
-1.69926	-0.89358	0.110167
-1.66667	-0.869877	0.114469
-1.59358	-0.798025	0.120846
-1.64593	-0.863704	0.124328
-1.67062	-0.883951	0.11223
-1.62963	-0.85284	0.111916
-1.66025	-0.857531	0.112349
-1.66469	-0.867654	0.11329
-1.63753	-0.861235	0.116286
-1.64	-0.869136	0.113953
-1.64296	-0.855062	0.11187
-1.67753	-0.875556	0.114932
-1.65185	-0.85679	0.116457
-1.61926	-0.844691	0.114352
-1.68938	-0.880247	0.112672
-1.67753	-0.877284	0.109731
-1.67358	-0.870617	0.11092
-1.58716	-0.812593	0.112177
-1.65136	-0.861728	0.117549
-1.64198	-0.870123	0.109158
-1.64395	-0.861235	0.113546
-1.65728	-0.869383	0.1097
-1.64691	-0.863704	0.112243
-1.63901	-0.851111	0.112241
-1.64099	-0.866173	0.115747
-1.67111	-0.874815	0.107591
-1.63951	-0.863951	0.11244
-1.64296	-0.856049	0.112232
-1.61333	-0.83284	0.116136
-1.65235	-0.882716	0.110812
-1.62222	-0.846173	0.112879
-1.58272	-0.82642	0.114321
-1.65877	-0.864198	0.115209
-1.68247	-0.879012	0.110252
-1.67951	-0.885926	0.111336
-1.62667	-0.855062	0.112196
-1.63802	-0.854074	0.111511
-1.62222	-0.850123	0.113328
-1.6563	-0.874815	0.112005
-1.65975	-0.867901	0.116299
-1.67852	-0.874568	0.114093
-1.62667	-0.837531	0.114331
-1.64543	-0.859506	0.112016
-1.67654	-0.885926	0.110912
-1.63951	-0.858272	0.115765
-1.64691	-0.874568	0.10957
-1.63259	-0.84	0.115272
-1.66123	-0.855309	0.114881
-1.65235	-0.862963	0.110228
-1.68346	-0.882963	0.107446
-1.65975	-0.873333	0.112337
-1.66272	-0.865432	0.11218
-1.68741	-0.864691	0.1157
-1.65037	-0.868148	0.109202
-1.6716	-0.875802	0.114774
-1.64938	-0.862963	0.111657
-1.61926	-0.841975	0.11254
-1.6242	-0.845185	0.114831
-1.65679	-0.865926	0.116923
-1.6637	-0.871358	0.111094
-1.61235	-0.844198	0.115721
-1.6321	-0.86	0.112627
-1.66864	-0.87679	0.1082
-1.63062	-0.850864	0.114873
-1.67556	-0.873333	0.113791
-1.6637	-0.877037	0.112912
-1.61333	-0.831605	0.110726
-1.64296	-0.850617	0.114806
-1.62963	-0.841481	0.111927
-1.69827	-0.882469	0.113328
-1.68691	-0.875556	0.110548
-1.63506	-0.845185	0.110868
-1.67852	-0.885432	0.109863
-1.62914	-0.849877	0.110867
-1.63506	-0.841728	0.113421
-1.64296	-0.852346	0.113381
-1.6158	-0.862222	0.112691
-1.68691	-0.881728	0.115021
-1.64296	-0.85284	0.114614
-1.65185	-0.863951	0.110856
-1.61926	-0.841975	0.112364
-1.60099	-0.832346	0.114396
-1.64494	-0.864691	0.117616
-1.60198	-0.829383	0.114747
-1.63407	-0.86	0.112079
-1.66765	-0.858519	0.11663
-1.67802	-0.87284	0.109272
-1.62519	-0.864938	0.113106
-1.63457	-0.856049	0.112412
-1.62815	-0.851852	0.111288
-1.68198	-0.87679	0.110806
-1.64494	-0.859012	0.11358
-1.67704	-0.876543	0.117821
-1.61531	-0.840741	0.117478
-1.63012	-0.839259	0.116528
-1.66963	-0.870123	0.115705
-1.66469	-0.878765	0.109935
-1.63556	-0.861975	0.112079
-1.65086	-0.859012	0.114279
-1.63654	-0.849877	0.11431
-1.63309	-0.85284	0.113696
-1.69383	-0.878765	0.110907
-1.64346	-0.851111	0.107575
-1.65679	-0.86	0.115914
-1.67506	-0.881975	0.109364
-1.66914	-0.87037	0.110554
-1.65679	-0.86963	0.111465
-1.57877	-0.818272	0.118995
-1.65383	-0.871111	0.117978
-1.62321	-0.842963	0.111548
-1.64593	-0.86716	0.110444
-1.68198	-0.883951	0.112299
-1.62963	-0.858025	0.109932
-1.63111	-0.868395	0.110501
-1.62568	-0.842716	0.110425
-1.59556	-0.82963	0.121512
-1.6558	-0.874568	0.115368
-1.67753	-0.891605	0.114885
-1.63309	-0.858765	0.112075
-1.59852	-0.823457	0.115885
-1.63802	-0.855802	0.116535
-1.65037	-0.868642	0.106526
-1.6563	-0.866914	0.112021
-1.63309	-0.848395	0.113865
-1.65185	-0.865185	0.111207
-1.65333	-0.865185	0.115605
-1.66667	-0.875802	0.112251
-1.64988	-0.857037	0.111993
-1.67358	-0.871358	0.116746
-1.66173	-0.86716	0.112557
-1.65679	-0.860988	0.116954
-1.67654	-0.872346	0.114644
-1.63259	-0.860494	0.116558
-1.67012	-0.869383	0.11459
-1.68741	-0.886667	0.114657
-1.63259	-0.851358	0.115819
-1.62617	-0.815802	0.12122
-1.62815	-0.851605	0.118209
-1.70025	-0.872346	0.116198
-1.63852	-0.857531	0.112459
-1.60691	-0.845185	0.111632
-1.6642	-0.858765	0.113606
-1.64198	-0.873333	0.112396
-1.62074	-0.83679	0.109765
-1.6563	-0.864444	0.114373
-1.65531	-0.861235	0.110967
-1.61778	-0.84642	0.109711
-1.66173	-0.87284	0.114258
-1.65481	-0.866667	0.113048
-1.5758	-0.818765	0.115025
-1.66222	-0.86642	0.115073
-1.66123	-0.87284	0.105993
-1.68247	-0.885679	0.112985
-1.67654	-0.876049	0.111544
-1.66222	-0.866667	0.109284
-1.65383	-0.87358	0.112899
-1.66469	-0.874074	0.104657
-1.65333	-0.872346	0.11432
-1.6484	-0.864691	0.112853
-1.66321	-0.840247	0.114238
-1.68938	-0.872593	0.112653
-1.65728	-0.869877	0.111021
-1.65185	-0.869877	0.111165
-1.65778	-0.87679	0.110331
-1.65432	-0.875802	0.112654
-1.64247	-0.868148	0.109828
-1.64988	-0.869877	0.109453
-1.62469	-0.844938	0.118831
-1.62667	-0.837037	0.116491
-1.64889	-0.864198	0.119323
-1.70025	-0.896543	0.1119
-1.63901	-0.836296	0.113531
-1.65136	-0.841728	0.116768
-1.64593	-0.859012	0.113449
-1.68988	-0.883704	0.116575
-1.64247	-0.842963	0.117056
-1.63358	-0.842222	0.113332
-1.67309	-0.881235	0.112983
-1.64741	-0.861481	0.112709
-1.65877	-0.858025	0.112637
-1.65284	-0.867654	0.113014
-1.63951	-0.851605	0.112537
-1.63556	-0.845926	0.120744
-1.67506	-0.875309	0.114873
-1.69481	-0.894815	0.112688
-1.67556	-0.869877	0.107725
-1.61481	-0.814568	0.112398
-1.66074	-0.87679	0.112106
-1.67802	-0.881975	0.110046
-1.6321	-0.866173	0.113437
-1.66321	-0.875556	0.11903
-1.68099	-0.871605	0.11298
-1.66519	-0.882963	0.111753
-1.68	-0.868395	0.114369
-1.65037	-0.828148	0.116295
-1.6242	-0.85358	0.119253
-1.64494	-0.848642	0.114775
-1.64938	-0.870864	0.107889
-1.64593	-0.873333	0.110617
-1.66272	-0.867901	0.114437
-1.71556	-0.896543	0.109074
-1.64	-0.842222	0.111968
-1.58815	-0.822469	0.11719
-1.64938	-0.862963	0.116849
-1.61778	-0.855309	0.11031
-1.62667	-0.855556	0.110989
-1.60198	-0.841235	0.113941
-1.61481	-0.851111	0.110872
-1.66716	-0.870123	0.112735
-1.67407	-0.865432	0.109836
-1.66173	-0.870123	0.110858
-1.66469	-0.857037	0.11952
-1.69728	-0.893827	0.117019
-1.65877	-0.871111	0.110812
-1.64593	-0.870123	0.108477
-1.66074	-0.878272	0.11188
-1.6479	-0.853086	0.113701
-1.63506	-0.862716	0.113364
-1.66321	-0.859506	0.114591
-1.64938	-0.868148	0.116821
-1.65086	-0.857778	0.114407
-1.6484	-0.851111	0.118167
-1.63951	-0.847407	0.113554
-1.6158	-0.798519	0.121842
