# nm = 1024 nc = 100 len = 90 extf = 0 beta = 0.422
#energy 	magnetization 	acceptance
-1.23358	-0.160247	0.26516
-1.26568	-0.218519	0.269879
-1.21037	-0.213333	0.273302
-1.26914	0.0111111	0.272149
-1.27012	0.114074	0.262421
-1.21926	0.121235	0.27069
-1.23605	0.118519	0.268169
-1.20395	0.213827	0.26118
-1.21185	0.082716	0.275083
-1.20395	0.0597531	0.280964
-1.20444	0.163457	0.280598
-1.21136	0.195802	0.272268
-1.22074	0.0928395	0.267591
-1.23407	0.153827	0.267483
-1.24642	0.183951	0.267551
-1.29383	0.403457	0.267838
-1.25037	0.336296	0.255765
-1.2479	0.268889	0.263201
-1.31012	0.222222	0.25952
-1.22568	0.16716	0.268831
-1.28395	0.341728	0.269794
-1.30222	0.391852	0.254211
-1.2479	0.315556	0.256791
-1.2563	0.325185	0.267399
-1.24296	0.238519	0.259986
-1.30765	0.274321	0.25852
-1.23062	0.19037	0.260844
-1.2237	0.182469	0.26003
-1.17975	0.148148	0.267814
-1.19111	0.113333	0.275157
-1.24593	0.194815	0.273077
-1.26617	0.127407	0.26872
-1.24593	0.0671605	0.263602
-1.24	0.13037	0.259481
-1.22519	0.126667	0.269053
-1.24889	0.085679	0.266336
-1.22864	0.0145679	0.273044
-1.23802	-0.0580247	0.269756
-1.23457	0.110617	0.267915
-1.26123	0.115062	0.261373
-1.22074	0.242222	0.259381
-1.19901	0.103951	0.270412
-1.27407	0.0607407	0.275505
-1.2642	0.154568	0.263709
-1.22568	0.177284	0.274963
-1.30025	0.0711111	0.268746
-1.22864	-0.155309	0.27213
-1.24296	-0.141481	0.263474
-1.2484	-0.0553086	0.270238
-1.25679	-0.0348148	0.270028
-1.24543	0.00691358	0.270619
-1.22519	0.0975309	0.261638
-1.2321	-0.0740741	0.257932
-1.25086	0.0595062	0.272707
-1.1921	0.0644444	0.273267
-1.26667	0.0565432	0.272837
-1.19259	-0.0639506	0.264479
-1.23704	-0.110617	0.274372
-1.21679	-0.218519	0.273905
-1.19506	-0.118519	0.277335
-1.19852	-0.161975	0.268644
-1.27852	-0.392346	0.267646
-1.29432	-0.318519	0.259357
-1.25877	-0.175802	0.259106
-1.2242	-0.0948148	0.265694
-1.17975	0.0323457	0.275488
-1.19259	0.0920988	0.268511
-1.24296	0.0644444	0.270227
-1.23704	0.054321	0.271283
-1.22123	0.0792593	0.263974
-1.19358	0.0382716	0.269449
-1.23704	0.195802	0.264716
-1.25086	0.101728	0.272038
-1.26025	-0.0612346	0.276007
-1.27111	0.0846914	0.265636
-1.23654	0.121728	0.270721
-1.26568	0.13284	0.273001
-1.23605	0.0108642	0.264719
-1.18272	0.136049	0.272186
-1.28049	0.177778	0.267796
-1.26074	0.157284	0.260283
-1.19802	0.154321	0.267059
-1.29136	0.0728395	0.26844
-1.21235	0.0787654	0.265899
-1.22864	0.157778	0.264005
-1.24593	0.206667	0.26702
-1.23259	0.171605	0.270081
-1.24593	0.262963	0.266249
-1.22667	0.174074	0.272484
-1.31457	0.327901	0.26627
-1.24642	0.375309	0.261289
-1.25827	0.387901	0.260811
-1.25778	0.342469	0.256289
-1.27852	0.16	0.263379
-1.3042	0.288642	0.266362
-1.24099	0.164938	0.262347
-1.28049	0.111605	0.260943
-1.20691	0.0953086	0.272341
-1.25086	0.0511111	0.271907
-1.25383	0.0735802	0.270596
-1.27753	0.110123	0.26481
-1.18963	0.0592593	0.275195
-1.21432	-0.0501235	0.27511
-1.23259	-0.139259	0.269226
-1.24988	-0.115802	0.26167
-1.25235	-0.128642	0.258783
-1.21235	-0.0274074	0.258565
-1.21778	0.0790123	0.271688
-1.25728	0.0362963	0.263784
-1.24593	-0.0130864	0.266906
-1.21284	-0.017284	0.267367
-1.21975	0.0303704	0.264986
-1.24395	0.00592593	0.258075
-1.24198	0.0180247	0.263391
-1.17333	0.0281481	0.272144
-1.21679	0.0318519	0.274465
-1.20642	0.0804938	0.262404
-1.23901	0.17284	0.275242
-1.27506	0.283951	0.255202
-1.22519	0.0592593	0.261286
-1.21975	-0.0607407	0.27564
-1.16691	-0.103704	0.277891
-1.22025	-0.082716	0.276893
-1.26765	0.0634568	0.265015
-1.22321	0.0158025	0.271609
-1.21136	-0.0091358	0.279421
-1.23111	0.0562963	0.276972
-1.20889	0.118765	0.276327
-1.24444	0.0903704	0.270107
-1.22963	0.12	0.271114
-1.27753	0.243457	0.271877
-1.26469	0.216049	0.255377
-1.24198	0.0992593	0.265238
-1.19259	-0.0350617	0.274368
-1.26074	0.0488889	0.266585
-1.25975	-0.0182716	0.26298
-1.22914	0.0814815	0.272341
-1.26765	0.0925926	0.261552
-1.24198	0.170864	0.255715
-1.23704	0.181235	0.261247
-1.24	0.0335802	0.265123
-1.22025	-0.159753	0.272979
-1.22716	-0.0444444	0.27286
-1.24444	0.042716	0.269828
-1.20543	0.0802469	0.27122
-1.27309	-0.0385185	0.2681
-1.23852	-0.0792593	0.273819
-1.26025	-0.00740741	0.273315
-1.25432	0.0241975	0.269528
-1.27358	0.0590123	0.259251
-1.24049	0.0101235	0.27301
-1.2158	-0.119506	0.274414
-1.23062	-0.0355556	0.263538
-1.2558	0.0150617	0.267411
-1.19901	0.0846914	0.272353
-1.21975	0.0661728	0.271789
-1.24593	0.208889	0.272405
-1.24444	0.175062	0.261023
-1.1916	0.0935802	0.270286
-1.22519	0.186667	0.268673
-1.26025	0.217531	0.283638
-1.2316	0.247407	0.263189
-1.2	0.303457	0.270964
-1.21877	0.282222	0.269546
-1.23407	0.185926	0.265346
-1.25827	0.224691	0.248809
-1.20543	0.0118519	0.25801
-1.24494	-0.0306173	0.272946
-1.26815	0.101975	0.260421
-1.2558	0.135556	0.258595
-1.20988	0.0814815	0.270253
-1.25136	0.106173	0.267714
-1.22123	0.149136	0.274368
-1.18123	0.042963	0.270388
-1.24444	-0.0182716	0.268015
-1.26123	-0.13284	0.26862
-1.23852	0.0390123	0.272316
-1.20099	-0.0538272	0.274165
-1.23556	-0.159259	0.271641
-1.29185	-0.268889	0.257491
-1.25531	-0.109877	0.259588
-1.28543	0.0358025	0.262528
-1.19605	0.108642	0.273493
-1.26963	-0.0439506	0.27124
-1.22272	-0.0424691	0.268407
-1.23457	-0.183457	0.265515
-1.25778	-0.178025	0.263516
-1.21235	-0.0577778	0.273026
-1.20049	-0.0153086	0.267877
-1.22519	-0.0461728	0.283095
-1.2321	-0.151852	0.275323
-1.22667	-0.125185	0.269057
-1.17679	-0.074321	0.266711
-1.26864	-0.0945679	0.271746
-1.26074	-0.149383	0.270316
-1.28988	-0.152099	0.259381
-1.21481	-0.186667	0.257454
-1.24593	-0.14642	0.268831
-1.23901	-0.0814815	0.266875
-1.23111	0.0138272	0.26976
-1.21037	-0.166914	0.275511
-1.19901	-0.139753	0.276605
-1.22815	-0.112593	0.265106
-1.18173	-0.0664198	0.270265
-1.19802	-0.051358	0.275537
-1.23654	0.0397531	0.27434
-1.26864	-0.057037	0.273415
-1.25333	-0.0108642	0.271063
-1.20593	0.0404938	0.269832
-1.23704	0.0138272	0.27456
-1.23259	-0.0483951	0.27399
-1.22864	0.0533333	0.268978
-1.29531	0.057284	0.272709
-1.24494	0.0162963	0.26756
-1.24741	0.108889	0.263275
-1.30568	0.142222	0.261542
-1.20988	0.042963	0.265543
-1.26519	0.0516049	0.257246
-1.21136	0.13358	0.261672
-1.21432	0.107901	0.267617
-1.2321	0.107407	0.271249
-1.24296	0.287654	0.263281
-1.24741	0.212593	0.258906
-1.27358	0.260988	0.258338
-1.30173	0.205185	0.255247
-1.23111	0.037037	0.264912
-1.26469	0.147407	0.269981
-1.22025	-0.0222222	0.260041
-1.26469	-0.0780247	0.26156
-1.2716	-0.0824691	0.261217
-1.20444	0.0306173	0.271753
-1.27062	-0.137284	0.266563
-1.3042	-0.144938	0.257184
-1.22025	-0.107901	0.254891
-1.2558	-0.103951	0.270091
-1.26222	-0.136296	0.270757
-1.2079	-0.118519	0.263598
-1.23704	-0.244938	0.269919
-1.23605	-0.222469	0.265078
-1.24494	-0.243704	0.269716
-1.22469	-0.148148	0.26788
-1.2	-0.114568	0.264198
-1.25383	-0.321481	0.269501
-1.29432	-0.44642	0.260289
-1.26914	-0.414568	0.257549
-1.22321	-0.390864	0.260558
-1.24691	-0.386173	0.249263
-1.23407	-0.301481	0.256357
-1.19654	-0.234568	0.267031
-1.21333	-0.285926	0.262435
-1.16988	-0.279753	0.260873
-1.25877	-0.199753	0.26741
-1.25037	-0.343704	0.261344
-1.24247	-0.293827	0.259558
-1.26222	-0.271358	0.266137
-1.26815	-0.265926	0.259062
-1.22667	-0.154321	0.265425
-1.21975	-0.0945679	0.268891
-1.24099	-0.206914	0.265848
-1.2637	-0.240247	0.261488
-1.24889	-0.199012	0.263095
-1.23309	-0.0864198	0.260262
-1.19654	-0.0595062	0.266811
-1.20889	-0.0251852	0.280781
-1.22272	0.000740741	0.270379
-1.23457	-0.186173	0.272596
-1.2237	-0.168148	0.267646
-1.16494	0.0479012	0.272241
-1.2563	0.160988	0.272509
-1.22568	0.0846914	0.260688
-1.23605	0.0540741	0.26262
-1.21136	0.156049	0.269179
-1.18914	0.02	0.26846
-1.24296	0.15679	0.271407
-1.24247	0.0962963	0.270016
-1.25086	0.145926	0.270493
-1.21432	0.0807407	0.262049
-1.26469	0.235309	0.263067
-1.25481	0.241728	0.261689
-1.27111	0.241235	0.265812
-1.24247	0.259259	0.268786
-1.2	0.258025	0.265384
-1.26568	0.284198	0.265615
-1.25531	0.145679	0.269251
-1.24198	0.132346	0.263104
-1.19457	0.113086	0.275444
-1.24247	0.16642	0.27201
-1.25827	0.028642	0.26676
-1.23802	-0.00592593	0.268235
-1.19605	0.00765432	0.277498
-1.27062	-0.0619753	0.270215
-1.1679	0.0597531	0.271219
-1.24642	-0.0582716	0.269304
-1.2079	-0.101975	0.268006
-1.23802	-0.0120988	0.273212
-1.2242	0.0209877	0.270988
-1.26815	-0.0945679	0.271914
-1.23802	0.0567901	0.260105
-1.2484	0.0276543	0.267148
-1.25926	0.266173	0.271175
-1.21926	-0.00246914	0.269044
-1.24988	0.161481	0.276886
-1.24691	0.154074	0.263025
-1.27457	0.139012	0.261769
-1.22173	0.0935802	0.266943
-1.2237	0.0925926	0.271126
-1.22469	-0.00987654	0.270532
-1.2242	-0.0444444	0.266926
-1.22716	-0.085679	0.271851
-1.24099	0.13358	0.268425
-1.26716	0.239506	0.256823
-1.27457	0.057037	0.259485
-1.25481	0.0839506	0.267922
-1.22716	0.185679	0.268133
-1.29037	0.37679	0.272012
-1.32741	0.338272	0.257049
-1.23111	0.155802	0.256959
-1.23605	0.160494	0.267594
-1.20247	0.155802	0.27248
-1.24346	0.120247	0.278289
-1.22864	-0.0111111	0.282504
-1.21778	-0.114321	0.276415
-1.25679	-0.160247	0.265442
-1.26864	-0.135802	0.267564
-1.18963	-0.091358	0.271363
-1.25531	-0.0140741	0.274164
-1.21827	0.162963	0.270623
-1.26173	0.22963	0.267748
-1.2316	0.345679	0.266588
-1.24741	0.253827	0.266923
-1.2558	0.19358	0.273553
-1.23506	0.254074	0.272214
-1.22222	0.172593	0.275689
-1.25185	0.123951	0.2689
-1.22469	0.169136	0.269231
-1.20346	0.104691	0.267053
-1.22222	0.261728	0.266926
-1.29383	0.441975	0.257025
-1.26864	0.410123	0.250525
-1.2237	0.234815	0.260644
-1.26519	0.241728	0.268657
-1.27111	0.291358	0.265011
-1.22173	-0.0138272	0.27336
-1.24148	0.04	0.269731
-1.21481	0.150864	0.265009
-1.30568	0.167407	0.266416
-1.28691	0.289383	0.253778
-1.25086	0.243951	0.266235
-1.30815	0.0995062	0.258698
-1.23753	0.133827	0.265991
-1.20889	0.128148	0.2571
-1.24543	0.0380247	0.258046
-1.24099	0.0533333	0.268906
-1.2563	0.0222222	0.268649
-1.25432	0.011358	0.265975
-1.28395	0.103457	0.263125
-1.19951	0.10963	0.273564
-1.24049	-0.0333333	0.280848
-1.2484	-0.0320988	0.268836
-1.20938	0.0190123	0.271389
-1.21185	0.133827	0.264485
-1.24049	0.15284	0.274051
-1.29136	0.190617	0.270379
-1.26568	0.347654	0.262721
-1.2479	0.324198	0.262312
-1.22864	0.321481	0.268498
-1.25975	0.362963	0.260519
-1.20938	0.275556	0.262963
-1.2163	0.0883951	0.266854
-1.22568	0.21679	0.264215
-1.24444	0.257531	0.264611
-1.25235	0.215309	0.263315
-1.20148	0.107407	0.267806
-1.23062	-0.115062	0.273878
-1.20346	-0.120988	0.271264
-1.23852	-0.0839506	0.26323
-1.21086	-0.0925926	0.267352
-1.23309	-0.12	0.27572
-1.2558	0.0901235	0.272011
-1.21432	-0.0355556	0.268372
-1.23309	-0.112099	0.275864
-1.20988	-0.150617	0.267602
-1.20346	-0.19358	0.270044
-1.27309	-0.220988	0.267488
-1.2563	-0.126914	0.264767
-1.25333	-0.18963	0.257094
-1.24099	-0.231605	0.257015
-1.23605	-0.300247	0.255415
-1.26321	-0.17037	0.263551
-1.30519	-0.281975	0.270546
-1.27407	-0.174321	0.262368
-1.20346	-0.173827	0.268827
-1.19654	0.000740741	0.279305
-1.25877	0.115802	0.271069
-1.22617	0.110864	0.268531
-1.20494	-0.0703704	0.269281
-1.25185	0.0106173	0.269864
-1.24	-0.0261728	0.264458
-1.22864	0.0446914	0.2645
-1.19309	0.117778	0.26564
-1.18815	0.125679	0.266573
-1.22469	0.282716	0.264086
-1.21086	0.20642	0.261231
-1.21185	0.0977778	0.277793
-1.29235	0.160494	0.271407
-1.25432	0.0103704	0.262988
-1.27704	0.113827	0.250656
-1.23062	0.145185	0.256579
-1.24148	0.103951	0.257463
-1.24494	-0.0844444	0.267046
-1.21086	0.011358	0.272373
-1.22815	0.0945679	0.275594
-1.2316	0.0538272	0.268157
-1.24198	0.185926	0.26272
-1.26123	0.129136	0.263116
-1.24988	0.110617	0.2553
-1.2316	-0.0224691	0.276443
-1.24593	0.197037	0.270606
-1.24099	0.249136	0.269586
-1.22519	0.225679	0.281211
-1.21778	0.159259	0.268846
-1.20938	0.188148	0.273211
-1.21975	0.183951	0.262019
-1.32247	0.251111	0.273217
-1.20593	0.148395	0.272457
-1.23012	0.19284	0.276914
-1.25333	0.0501235	0.27019
-1.2563	0.122222	0.269284
-1.26469	-0.0432099	0.266222
-1.2321	0.0508642	0.277122
-1.26025	0.037037	0.274956
-1.23605	0.162716	0.270196
-1.28395	0.0881481	0.265598
-1.20988	0.0177778	0.266463
-1.24395	-0.0308642	0.268907
-1.26963	0.0580247	0.271721
-1.23852	-0.114321	0.272615
-1.21481	-0.0419753	0.276947
-1.19407	0.0461728	0.275819
-1.2637	0.00444444	0.271586
-1.1837	0.0128395	0.268884
-1.24741	-0.149136	0.273904
-1.20593	-0.133333	0.268491
-1.21877	-0.111111	0.275723
-1.22617	-0.0975309	0.267147
-1.24889	-0.0933333	0.265278
-1.20642	0.000740741	0.261779
-1.23506	0.088642	0.266195
-1.22716	0.0437037	0.272323
-1.19259	0.000987654	0.270401
-1.24296	0.141975	0.277747
-1.2242	0.0651852	0.273786
-1.18914	0.0125926	0.273811
-1.2479	-0.108148	0.267809
-1.18469	-0.0180247	0.273149
-1.26617	-0.0308642	0.268677
-1.22025	-0.0237037	0.266502
-1.21235	0.045679	0.265522
-1.22321	0.0279012	0.268136
-1.22469	0.0320988	0.26153
-1.23753	0.0896296	0.260446
-1.2558	0.0298765	0.268296
-1.25185	0.0488889	0.266779
-1.25778	-0.0350617	0.269225
-1.24346	0.0387654	0.259404
-1.24741	-0.101975	0.25902
-1.22123	-0.0785185	0.273342
-1.22765	-0.0474074	0.270173
-1.24642	-0.0283951	0.273544
-1.17728	0.0192593	0.269135
-1.2563	-0.0345679	0.261825
-1.25383	0.111605	0.26862
-1.23407	0.0382716	0.269915
-1.23951	0.00938272	0.264409
-1.17877	-0.0607407	0.279719
-1.24593	-0.0777778	0.273359
-1.28642	-0.0881481	0.268289
-1.19951	-0.0765432	0.271085
-1.24049	-0.037284	0.269964
-1.26914	0.00493827	0.2673
-1.29136	-0.149877	0.27034
-1.26765	-0.193333	0.261916
-1.26667	-0.0587654	0.275125
-1.29086	0.191358	0.267016
-1.22716	0.166667	0.265173
-1.25136	0.119012	0.270184
-1.2163	-0.0155556	0.270335
-1.20691	0.14716	0.273246
-1.25679	0.0851852	0.262305
-1.2316	0.0345679	0.273683
-1.21926	-0.085679	0.267433
-1.18321	-0.0461728	0.269341
-1.24444	0.0153086	0.270925
-1.21926	0.0920988	0.275942
-1.22272	0.02	0.275956
-1.25679	0.142222	0.270754
-1.21284	0.220247	0.265968
-1.21679	0.197778	0.274177
-1.22123	0.355062	0.269549
-1.23407	0.218765	0.269393
-1.22667	0.157284	0.259305
-1.24296	0.0762963	0.268341
-1.24395	0.209877	0.266453
-1.24198	0.209383	0.268612
-1.24346	0.328395	0.253704
-1.23654	0.137037	0.271947
-1.26074	0.155309	0.261469
-1.24099	0.131852	0.268288
-1.21432	0.0651852	0.274709
-1.25086	0.0807407	0.267498
-1.2316	-0.0091358	0.26976
-1.21432	-0.132346	0.264656
-1.26123	-0.181975	0.260557
-1.2158	-0.0728395	0.268622
-1.21531	-0.115062	0.270023
-1.26321	-0.116296	0.271357
-1.28	0.104691	0.262191
-1.2479	0.118765	0.26968
-1.21975	-0.0965432	0.27683
-1.22815	0.142716	0.276507
-1.22963	0.197037	0.273783
-1.23852	0.293827	0.260615
-1.23852	0.217037	0.265307
-1.19407	0.218025	0.275027
-1.25432	0.150617	0.270665
-1.21926	0.181235	0.268037
-1.23951	0.230123	0.264844
-1.27111	0.391358	0.253562
-1.20395	0.376049	0.261183
-1.2558	0.369877	0.267293
-1.21728	0.154321	0.270211
-1.22765	0.194074	0.267811
-1.25778	0.284198	0.264036
-1.25284	0.187901	0.269637
-1.26519	0.191605	0.263878
-1.2079	0.157778	0.262972
-1.2716	0.0232099	0.275959
-1.26519	-0.123704	0.266868
-1.2079	0.028642	0.264078
-1.25037	-0.197284	0.268451
-1.28198	-0.0234568	0.261607
-1.26963	-0.10716	0.262912
-1.22519	-0.146914	0.260258
-1.22272	-0.0869136	0.27129
-1.27111	0.0822222	0.262367
-1.20938	-0.0911111	0.270514
-1.2321	-0.115556	0.273828
-1.17877	-0.00740741	0.279464
-1.2484	-0.0323457	0.273549
-1.24247	-0.0506173	0.268914
-1.23556	0.0649383	0.265457
-1.21086	0.0237037	0.270586
-1.2158	0.0422222	0.263581
-1.28593	0.197037	0.272458
-1.22914	0.220494	0.27469
-1.2158	0.168148	0.265185
-1.16148	0.113086	0.268749
-1.2158	0.160741	0.275604
-1.22173	0.126667	0.26863
-1.22519	0.011358	0.272285
-1.20889	0.00320988	0.27531
-1.21136	0.0654321	0.276802
-1.21877	0.110864	0.265832
-1.26123	0.239259	0.271432
-1.20346	0.201235	0.270679
-1.26321	0.104691	0.268386
-1.2079	-0.0128395	0.269032
-1.26074	0.100494	0.26269
-1.24	0.0622222	0.272073
-1.24642	-0.011358	0.268872
-1.25037	0.159753	0.270549
-1.23062	0.0775309	0.270868
-1.2642	0.117037	0.268393
-1.23457	-0.0140741	0.28113
-1.25975	-0.0558025	0.272438
-1.26123	-0.00814815	0.267414
-1.26469	-0.121975	0.265295
-1.29481	-0.189136	0.259546
-1.26617	-0.130864	0.255548
-1.2321	-0.0753086	0.260322
-1.25926	-0.0664198	0.268049
-1.27704	-0.0762963	0.273062
-1.25235	-0.0385185	0.264977
-1.21926	-0.0637037	0.267689
-1.22222	0.085679	0.269095
-1.24642	-0.0118519	0.267816
-1.23704	0.028642	0.268778
-1.25136	0.0920988	0.26769
-1.21728	0.104198	0.271409
-1.25037	0.199506	0.270183
-1.26765	0.193827	0.269658
-1.25086	0.228642	0.263754
-1.23407	0.114568	0.264067
-1.28494	0.334815	0.262363
-1.26321	0.215309	0.2624
-1.23951	0.167654	0.267917
-1.27852	0.177778	0.266384
-1.24296	0.158025	0.261528
-1.23704	-0.00814815	0.266843
-1.27407	-0.106173	0.270184
-1.26321	-0.0607407	0.262926
-1.20741	-0.0738272	0.266051
-1.16049	0.0298765	0.278277
-1.23259	-0.0120988	0.282457
-1.21877	-0.134321	0.273648
-1.22074	-0.161975	0.281301
-1.30272	-0.286667	0.270122
-1.20444	-0.151111	0.270144
-1.22123	-0.0975309	0.269154
-1.26914	-0.0975309	0.270044
-1.23605	0.08	0.268826
-1.26617	0.0246914	0.262005
-1.17383	0.00444444	0.267247
-1.18519	0.0523457	0.280037
-1.20741	0.154568	0.276998
-1.26222	0.0609877	0.269014
-1.25679	0.0345679	0.261312
-1.20642	0.00839506	0.261311
-1.23852	0.228395	0.272021
-1.24099	0.288148	0.27337
-1.29086	0.285926	0.257702
-1.26667	0.229136	0.254716
-1.21284	0.147901	0.267228
-1.18568	0.0730864	0.276243
-1.21728	0.014321	0.278817
-1.20247	-0.0424691	0.276812
-1.24741	-0.0224691	0.266604
-1.20494	-0.028642	0.266406
-1.26222	-0.0782716	0.265752
-1.26074	-0.256543	0.264165
-1.19259	-0.0481481	0.26583
-1.24296	0.00716049	0.26739
-1.2316	0.109877	0.265323
-1.20494	0.102716	0.271389
-1.26272	0.208889	0.267785
-1.21284	0.0775309	0.270864
-1.20889	0.115556	0.27603
-1.23309	0.10716	0.26977
-1.27111	0.0748148	0.269199
-1.23704	0.0530864	0.276884
-1.27457	-0.0466667	0.2688
-1.26025	-0.174815	0.2635
-1.26321	-0.285432	0.261644
-1.26469	-0.202963	0.269889
-1.28642	-0.259753	0.259738
-1.26765	-0.275309	0.261917
-1.20691	-0.129136	0.263264
-1.2084	-0.170864	0.277401
-1.24346	-0.147901	0.270883
-1.23309	-0.200741	0.263862
-1.2237	-0.314321	0.267872
-1.27802	-0.308889	0.26784
-1.24049	-0.298272	0.262705
-1.25531	-0.162963	0.267062
-1.21136	-0.0898765	0.272294
-1.20049	-0.167654	0.271744
-1.28494	-0.255309	0.263033
-1.2721	-0.334815	0.254919
-1.32099	-0.295062	0.245065
-1.25086	-0.32	0.252073
-1.26765	-0.32	0.259089
-1.30864	-0.366667	0.247315
-1.26864	-0.371605	0.25122
-1.26568	-0.212099	0.259958
-1.25284	-0.100494	0.258375
-1.28691	-0.11037	0.257158
-1.26963	-0.154815	0.260084
-1.22864	0.0730864	0.264004
-1.23407	0.140247	0.267901
-1.2079	-0.0135802	0.270273
-1.24444	-0.0851852	0.265081
-1.21333	0.0155556	0.271778
-1.28346	0.16716	0.27039
-1.1916	0.00617284	0.269746
-1.27704	0.280988	0.276243
-1.25877	0.171605	0.261396
-1.25284	0.123951	0.266231
-1.20247	0.106173	0.266526
-1.24889	0.025679	0.271481
-1.21877	0.00271605	0.271209
-1.26123	0.210864	0.271409
-1.26716	0.33679	0.265474
-1.23358	0.275802	0.260216
-1.27951	0.26642	0.263432
-1.20296	0.042963	0.2655
-1.2316	-0.128148	0.269522
-1.19704	-0.065679	0.266636
-1.22123	0.0898765	0.268652
-1.23605	0.0407407	0.262078
-1.26321	-0.0538272	0.261816
-1.24988	0.0037037	0.269031
-1.21037	0.112593	0.273517
-1.23506	0.108148	0.271022
-1.17877	0.12	0.271946
-1.24395	-0.11037	0.272715
-1.20395	-0.00493827	0.268557
-1.20691	-0.0328395	0.266465
-1.19802	-0.00518519	0.267244
-1.24346	0.0790123	0.26667
-1.23605	0.0817284	0.254828
-1.23358	-0.142716	0.276436
-1.23704	-0.100988	0.276641
-1.27753	0.0518519	0.271465
-1.2	-0.054321	0.262891
-1.18568	-0.200494	0.262459
-1.20938	-0.238025	0.268768
-1.23457	-0.221728	0.265728
-1.20543	0.0883951	0.26959
-1.18222	0.172593	0.280357
-1.19506	0.0639506	0.278802
-1.19506	0.037037	0.274969
-1.24049	-0.155802	0.264164
-1.24741	-0.0893827	0.271544
-1.21877	-0.0612346	0.26978
-1.20889	-0.0711111	0.270257
-1.27951	-0.0987654	0.265568
-1.30469	-0.13284	0.253477
-1.20642	0.0358025	0.259102
-1.26025	-0.0308642	0.259081
-1.23852	-0.04	0.2635
-1.21778	0.0550617	0.271238
-1.21926	-0.114321	0.265531
-1.21235	-0.0017284	0.272622
-1.19753	0.0409877	0.268199
-1.20346	0.0382716	0.267989
-1.18272	0.0264198	0.272247
-1.2637	-0.207407	0.276986
-1.26963	-0.0891358	0.269823
-1.19753	-0.274321	0.269153
-1.25827	-0.226914	0.26918
-1.22765	-0.297531	0.262968
-1.25877	-0.114074	0.272833
-1.18667	-0.0871605	0.27033
-1.28444	-0.127654	0.273037
-1.25926	-0.164444	0.27006
-1.21778	-0.120988	0.273294
-1.24642	-0.0730864	0.262109
-1.2563	-0.0577778	0.264267
-1.19852	-0.0933333	0.272486
-1.24593	-0.144198	0.266454
-1.22765	-0.149136	0.275511
-1.2558	-0.042716	0.269559
-1.22519	-0.031358	0.265788
-1.19556	0.158765	0.268341
-1.25926	0.191852	0.269272
-1.29136	0.29358	0.257901
-1.24049	0.221235	0.268031
-1.2242	0.0997531	0.267538
-1.22074	0.0861728	0.271216
-1.21679	0.141481	0.270262
-1.20691	0.048642	0.269494
-1.23259	0.0918519	0.271917
-1.21778	0.142222	0.275632
-1.25827	0.197284	0.263125
-1.24494	0.298272	0.268396
-1.20346	0.208889	0.264973
-1.23506	0.255802	0.269121
-1.30123	0.405432	0.269953
-1.2479	0.333086	0.269858
-1.24938	0.325679	0.2532
-1.25877	0.12963	0.273523
-1.24889	0.077284	0.26396
-1.20889	0.0335802	0.265349
-1.25926	0.048642	0.267305
-1.27309	0.0167901	0.271549
-1.22123	0.0516049	0.273772
-1.22617	-0.000987654	0.274949
-1.2084	-0.0306173	0.273198
-1.24988	-0.124198	0.274668
-1.25926	-0.235309	0.269956
-1.23309	-0.338765	0.259421
-1.28099	-0.255802	0.263249
-1.21926	-0.0782716	0.267693
-1.20543	-0.0824691	0.275465
-1.20494	-0.0562963	0.275237
-1.22864	0.0548148	0.274353
-1.22864	-0.0195062	0.26954
-1.22617	-0.097284	0.277409
-1.23901	-0.107901	0.266181
-1.26321	-0.211852	0.26868
-1.24988	-0.238025	0.255869
-1.25235	-0.228395	0.263735
-1.27457	-0.316543	0.264268
-1.27111	-0.163951	0.265393
-1.26173	-0.219259	0.260667
-1.16395	-0.157531	0.266938
-1.27012	-0.210617	0.268016
-1.25481	-0.224444	0.26536
-1.19407	-0.222469	0.263432
-1.23358	-0.12321	0.268472
-1.30272	-0.268148	0.262473
-1.29185	-0.057037	0.253925
-1.29284	-0.130864	0.250478
-1.20938	-0.0982716	0.266931
-1.27605	-0.0938272	0.269719
-1.22667	-0.00271605	0.267515
-1.21481	-0.0214815	0.272536
-1.20691	0.0187654	0.275512
-1.22272	0.0148148	0.279365
-1.24889	-0.174321	0.269681
-1.23704	-0.0264198	0.27068
-1.20049	-0.14321	0.268135
-1.22469	-0.200988	0.27361
-1.2237	-0.254568	0.266463
-1.18519	-0.225926	0.280879
-1.27309	-0.215309	0.265831
-1.2	-0.122469	0.269237
-1.21333	-0.119259	0.26754
-1.24741	-0.170123	0.273553
-1.25827	-0.164691	0.271175
-1.29383	-0.133827	0.264001
-1.25333	-0.00493827	0.259383
-1.25778	0.0609877	0.25773
-1.23309	0.108889	0.272509
-1.27605	0.144444	0.267859
-1.22864	0.217037	0.267523
-1.25877	0.32642	0.261122
-1.23951	0.256543	0.263962
-1.28741	0.301975	0.265541
-1.2716	0.340988	0.253765
-1.21926	0.28642	0.263256
-1.23457	0.224938	0.271954
-1.28988	0.277778	0.264141
-1.19802	0.253333	0.263542
-1.20543	0.248395	0.26243
-1.1921	0.250617	0.27553
-1.20593	0.357284	0.268573
-1.23358	0.164691	0.259168
-1.25432	0.210123	0.267467
-1.27753	0.0664198	0.262649
-1.2721	0.17358	0.270721
-1.21383	0.222716	0.262609
-1.21037	0.24	0.268867
-1.20988	0.0182716	0.274343
-1.19556	0.0335802	0.272869
-1.23753	0.104198	0.270849
-1.2079	0.148148	0.270188
-1.22667	0.182469	0.268023
-1.23407	0.145432	0.273677
-1.26914	0.0958025	0.272107
-1.21728	0.13284	0.267126
-1.20049	0.0928395	0.264321
-1.22074	0.142222	0.26516
-1.24741	0.00938272	0.26844
-1.19259	-0.0348148	0.272619
-1.23111	0.0614815	0.272195
-1.24642	0.104938	0.263649
-1.20049	0.140247	0.262959
-1.23654	0.0345679	0.278998
-1.19506	0.0612346	0.276002
-1.22667	0.185679	0.275123
-1.20148	-0.0639506	0.283522
-1.23012	-0.0785185	0.273665
-1.27556	-0.0498765	0.264094
-1.26469	-0.265185	0.257953
-1.28346	-0.307901	0.258974
-1.23654	-0.307654	0.25992
-1.31358	-0.419506	0.268428
-1.2963	-0.349136	0.261717
-1.28099	-0.46321	0.259699
-1.26025	-0.35358	0.24818
-1.26765	-0.359012	0.251672
-1.25827	-0.257037	0.257228
-1.24642	-0.111605	0.262149
-1.19654	-0.037037	0.270894
-1.22025	0.0402469	0.26914
-1.22667	0.0422222	0.267891
-1.26272	0.0896296	0.269148
-1.21877	0.165432	0.271004
-1.23062	0.22	0.274977
-1.24296	0.305432	0.277412
-1.21185	0.131605	0.273578
-1.24494	0.0839506	0.27013
-1.26617	0.135062	0.267078
-1.23901	0.12716	0.268551
-1.23259	0.171605	0.270869
-1.25086	0.107654	0.266826
-1.20593	-0.0291358	0.274909
-1.24691	0.157778	0.273475
-1.22815	0.175309	0.264344
-1.25086	0.191852	0.265902
-1.20049	0.129877	0.272574
-1.24198	0.140741	0.26719
-1.28395	0.04	0.266862
-1.20741	-0.11037	0.257488
-1.19259	-0.171358	0.266325
-1.24988	-0.10963	0.258768
-1.23309	-0.178519	0.275589
-1.25975	-0.174568	0.263709
-1.24395	-0.228395	0.254909
-1.29235	-0.279259	0.263644
-1.24395	-0.258272	0.25868
-1.30272	-0.342222	0.258563
-1.25679	-0.201235	0.256841
-1.26568	-0.0634568	0.262269
-1.27457	-0.10642	0.263459
-1.22025	-0.0933333	0.263342
-1.23605	-0.0733333	0.265816
-1.20543	-0.113086	0.26351
-1.23062	-0.200741	0.271791
-1.23111	-0.188642	0.268359
-1.22765	-0.186667	0.268109
-1.21926	-0.0861728	0.266011
-1.24889	-0.14716	0.271406
-1.25926	-0.0244444	0.270757
-1.27457	-0.146667	0.256088
-1.21185	-0.148148	0.269104
-1.25086	-0.249877	0.261119
-1.24543	-0.0158025	0.262402
-1.26864	0.120247	0.266549
-1.2558	0.110864	0.269279
-1.20099	0.034321	0.264267
-1.20593	-0.00444444	0.272443
-1.24642	-0.0432099	0.275451
-1.30222	-0.0609877	0.259533
-1.23802	-0.124444	0.260665
-1.24198	-0.193086	0.273156
-1.2558	-0.206667	0.271925
-1.25778	-0.188395	0.261264
-1.24741	-0.0279012	0.258193
-1.19852	0.0577778	0.263769
-1.24247	0.170617	0.268619
-1.26123	0.234815	0.260138
-1.24198	0.244444	0.257986
-1.2637	0.288395	0.263867
-1.21728	0.228395	0.266959
-1.24049	0.207901	0.267742
-1.24494	0.322716	0.2609
-1.2316	0.339753	0.25167
-1.30321	0.469383	0.265453
-1.23605	0.358025	0.255389
-1.23852	0.170123	0.266421
-1.23506	0.140247	0.268636
-1.21728	0.198272	0.269564
-1.25877	0.203704	0.262272
-1.2558	0.356049	0.265535
-1.27012	0.444444	0.256756
-1.26074	0.479506	0.252099
-1.24543	0.345679	0.25483
-1.2637	0.260247	0.258733
-1.3037	0.234815	0.257833
-1.20642	0.133333	0.270648
-1.22519	0.163457	0.280165
-1.18074	0.108395	0.282359
-1.21877	0.134321	0.273416
-1.24099	0.168148	0.2725
-1.2163	0.0859259	0.270784
-1.2242	0.0491358	0.272535
-1.25086	-0.169136	0.273953
-1.22963	-0.214321	0.272606
-1.22568	-0.237284	0.264159
-1.22173	-0.118025	0.273841
-1.2637	-0.275309	0.269678
-1.16346	-0.181235	0.267636
-1.24346	-0.17037	0.274719
-1.22716	-0.0725926	0.273232
-1.27407	-0.00740741	0.259733
-1.27605	-0.0382716	0.265201
-1.23062	0.0301235	0.2623
-1.24988	0.0437037	0.265643
-1.24346	0.0545679	0.267489
-1.27506	-0.0271605	0.26509
-1.23951	-0.121481	0.263531
-1.23506	-0.00814815	0.265381
-1.27802	-0.102963	0.262543
-1.22173	-0.201975	0.268759
-1.23407	-0.158519	0.269111
-1.27407	-0.123457	0.263701
-1.23852	-0.037284	0.257001
-1.22765	-0.0251852	0.271594
-1.24346	-0.0540741	0.263984
-1.23111	-0.0417284	0.270217
-1.1916	-0.168395	0.269591
-1.25679	-0.114568	0.266504
-1.21778	0.0116049	0.265396
-1.28296	0.0350617	0.269364
-1.21778	0.14716	0.270254
-1.2079	0.0654321	0.26573
-1.21481	0.158519	0.265122
-1.25728	-0.00246914	0.265514
-1.22914	0.0328395	0.274502
-1.29679	-0.0824691	0.265851
-1.21185	-0.04	0.270528
-1.2242	-0.0214815	0.273581
-1.27358	-0.121975	0.263233
-1.2721	-0.0987654	0.263886
-1.26074	-0.0881481	0.2659
-1.20346	-0.0464198	0.27252
-1.22074	-0.162963	0.278499
-1.2642	-0.189136	0.267496
-1.15852	-0.088642	0.270209
-1.30123	-0.148642	0.264804
-1.23111	-0.0612346	0.26304
-1.23407	-0.0234568	0.271135
-1.26222	-0.0711111	0.268964
-1.18568	-0.16321	0.267522
-1.22469	-0.121235	0.274037
-1.2321	-0.120494	0.268448
-1.24444	-0.147654	0.268067
-1.22914	-0.158765	0.265135
-1.21975	-0.182963	0.26456
-1.1916	-0.0985185	0.265279
-1.27111	0.0204938	0.265259
-1.19506	0.127407	0.269843
-1.21827	-0.0387654	0.274132
-1.21531	0.017284	0.275777
-1.24494	-0.0533333	0.270062
-1.25432	-0.0837037	0.271848
-1.23457	0.00148148	0.268046
-1.26519	-0.062963	0.261305
-1.24889	-0.173086	0.264694
-1.27852	-0.0755556	0.266157
-1.27605	-0.106173	0.269457
-1.27457	-0.0320988	0.252598
-1.22123	-0.0355556	0.26298
-1.24395	-0.0291358	0.272558
-1.24741	-0.105432	0.263905
-1.24543	-0.127654	0.262059
-1.19802	-0.166173	0.268215
-1.2316	-0.177531	0.26924
-1.26815	-0.288395	0.262023
-1.25333	-0.13679	0.268252
-1.22519	-0.0879012	0.27339
-1.17926	-0.0158025	0.264869
