# nm = 1024 nc = 100 len = 100 extf = 0 beta = 0.46
#energy 	magnetization 	acceptance
-1.5988	-0.8294	0.140024
-1.5752	-0.8134	0.13738
-1.6024	-0.8286	0.139404
-1.568	-0.8214	0.132748
-1.5732	-0.8078	0.139182
-1.556	-0.786	0.144217
-1.5784	-0.8226	0.139537
-1.6048	-0.8404	0.133993
-1.5808	-0.8246	0.135619
-1.558	-0.7832	0.139555
-1.5388	-0.7782	0.144807
-1.5832	-0.827	0.137144
-1.5576	-0.8206	0.130498
-1.5384	-0.7764	0.136957
-1.5524	-0.7906	0.146623
-1.602	-0.8286	0.14628
-1.5548	-0.7932	0.139565
-1.5976	-0.8138	0.140985
-1.5764	-0.7992	0.136125
-1.5592	-0.8114	0.137173
-1.5624	-0.807	0.134696
-1.5864	-0.8316	0.133335
-1.6	-0.8396	0.139676
-1.598	-0.8244	0.137562
-1.5888	-0.8158	0.135225
-1.534	-0.7826	0.139922
-1.5608	-0.8068	0.140197
-1.6316	-0.8432	0.135196
-1.5952	-0.8386	0.137645
-1.5756	-0.8174	0.133276
-1.57	-0.8278	0.132632
-1.5624	-0.8094	0.142624
-1.5824	-0.8166	0.140248
-1.6172	-0.8488	0.134037
-1.6148	-0.8496	0.130798
-1.6292	-0.8518	0.133787
-1.602	-0.8252	0.136511
-1.546	-0.8008	0.138586
-1.5816	-0.7954	0.137931
-1.6044	-0.8478	0.142542
-1.6016	-0.8234	0.139264
-1.5728	-0.8064	0.147083
-1.566	-0.8	0.138976
-1.5608	-0.8086	0.135661
-1.5948	-0.8216	0.139763
-1.6064	-0.8306	0.132523
-1.5568	-0.815	0.14002
-1.5364	-0.7916	0.138937
-1.5704	-0.8004	0.141506
-1.5624	-0.7726	0.143593
-1.5728	-0.7654	0.141056
-1.5448	-0.7746	0.147362
-1.5608	-0.8016	0.141337
-1.5884	-0.8392	0.133626
-1.6132	-0.8262	0.132665
-1.614	-0.8394	0.133336
-1.5796	-0.796	0.135795
-1.5856	-0.826	0.138312
-1.5792	-0.8368	0.135516
-1.5636	-0.8112	0.13681
-1.6244	-0.85	0.13887
-1.5684	-0.814	0.130226
-1.6348	-0.858	0.135104
-1.5688	-0.825	0.131775
-1.5876	-0.8232	0.136615
-1.6052	-0.8146	0.131429
-1.536	-0.761	0.142404
-1.5816	-0.751	0.146798
-1.578	-0.7814	0.144852
-1.5632	-0.7876	0.140701
-1.5628	-0.82	0.139704
-1.6004	-0.8408	0.136794
-1.5988	-0.827	0.140777
-1.578	-0.8064	0.139297
-1.5192	-0.7764	0.137746
-1.644	-0.868	0.13775
-1.5844	-0.8232	0.13433
-1.5752	-0.8234	0.139315
-1.5808	-0.8168	0.138577
-1.6024	-0.8392	0.136174
-1.5904	-0.8206	0.142561
-1.614	-0.8512	0.132891
-1.6132	-0.8484	0.136386
-1.5636	-0.8082	0.133023
-1.5768	-0.8178	0.141352
-1.5952	-0.8272	0.134253
-1.5856	-0.8376	0.13377
-1.56	-0.8132	0.133188
-1.5588	-0.8218	0.132877
-1.5976	-0.8304	0.134901
-1.586	-0.8026	0.141527
-1.5532	-0.778	0.138067
-1.5788	-0.8428	0.135606
-1.6144	-0.8296	0.139472
-1.5652	-0.8178	0.134543
-1.5968	-0.8248	0.133941
-1.5672	-0.8266	0.136991
-1.5844	-0.8282	0.13259
-1.5848	-0.8144	0.138157
-1.61	-0.8362	0.137217
-1.5504	-0.7632	0.138501
-1.5748	-0.7732	0.150552
-1.5624	-0.757	0.139487
-1.5356	-0.7446	0.146338
-1.5464	-0.7398	0.144944
-1.5584	-0.7906	0.144968
-1.6104	-0.8298	0.136328
-1.5704	-0.8182	0.130078
-1.5956	-0.8322	0.136538
-1.5504	-0.8038	0.13628
-1.5264	-0.7612	0.150065
-1.576	-0.8232	0.13553
-1.596	-0.8294	0.134251
-1.5948	-0.8228	0.134355
-1.5828	-0.8284	0.13366
-1.5692	-0.816	0.130758
-1.5744	-0.821	0.133291
-1.558	-0.8322	0.137822
-1.6056	-0.8388	0.133743
-1.604	-0.8314	0.133633
-1.5976	-0.8406	0.134684
-1.6096	-0.8236	0.129651
-1.5528	-0.7754	0.150237
-1.5904	-0.8328	0.137069
-1.6	-0.8352	0.131188
-1.546	-0.7622	0.137147
-1.572	-0.7546	0.14389
-1.5608	-0.7834	0.139858
-1.5532	-0.7758	0.138454
-1.6092	-0.831	0.137726
-1.5852	-0.814	0.141085
-1.5976	-0.8306	0.134665
-1.6096	-0.8426	0.13538
-1.5728	-0.8212	0.133727
-1.5732	-0.7956	0.143232
-1.5864	-0.815	0.135375
-1.5652	-0.8086	0.140882
-1.5996	-0.8022	0.149126
-1.5912	-0.8316	0.135143
-1.574	-0.7716	0.143578
-1.5928	-0.8362	0.136599
-1.5936	-0.8268	0.133245
-1.5916	-0.785	0.142461
-1.5776	-0.7842	0.140974
-1.628	-0.7928	0.138515
-1.5484	-0.7386	0.145637
-1.5564	-0.8054	0.14518
-1.58	-0.8238	0.1392
-1.5796	-0.8244	0.134337
-1.5756	-0.8206	0.131629
-1.562	-0.812	0.137897
-1.5596	-0.7932	0.139632
-1.5628	-0.7856	0.139906
-1.5472	-0.7822	0.146571
-1.566	-0.7908	0.140715
-1.6376	-0.8414	0.133225
-1.602	-0.825	0.135048
-1.5488	-0.7752	0.140375
-1.56	-0.7946	0.143791
-1.5856	-0.826	0.141669
-1.5672	-0.798	0.144834
-1.59	-0.8276	0.133322
-1.5708	-0.8064	0.136368
-1.5964	-0.78	0.143228
-1.5816	-0.7892	0.136738
-1.5708	-0.7874	0.139481
-1.6056	-0.8394	0.1401
-1.598	-0.8424	0.135835
-1.5696	-0.8264	0.130552
-1.5932	-0.8254	0.137553
-1.5748	-0.8164	0.134335
-1.5832	-0.8372	0.138082
-1.5828	-0.802	0.13774
-1.5972	-0.8064	0.141144
-1.596	-0.8108	0.137984
-1.6016	-0.8026	0.142139
-1.6048	-0.8114	0.143208
-1.5848	-0.8218	0.1341
-1.5696	-0.8098	0.138838
-1.5668	-0.798	0.138733
-1.5888	-0.8054	0.143791
-1.6024	-0.841	0.143162
-1.6252	-0.845	0.131156
-1.5916	-0.81	0.139141
-1.5868	-0.8282	0.131727
-1.5472	-0.791	0.136966
-1.5852	-0.808	0.134693
-1.6268	-0.8622	0.131667
-1.5852	-0.8204	0.134365
-1.5768	-0.8182	0.136925
-1.56	-0.7916	0.139557
-1.5948	-0.835	0.138173
-1.5408	-0.7938	0.137536
-1.59	-0.8126	0.13945
-1.5808	-0.8188	0.139267
-1.5704	-0.7948	0.13964
-1.61	-0.844	0.130742
-1.5844	-0.8368	0.135004
-1.5868	-0.8278	0.135531
-1.5672	-0.8202	0.13233
-1.5976	-0.8288	0.136887
-1.6336	-0.8622	0.133143
-1.5748	-0.8146	0.132628
-1.556	-0.796	0.137713
-1.5616	-0.7952	0.141146
-1.5744	-0.8088	0.143988
-1.5952	-0.8188	0.14266
-1.554	-0.8168	0.133704
-1.5696	-0.8204	0.13954
-1.6092	-0.8038	0.133233
-1.572	-0.7662	0.144708
-1.6092	-0.8136	0.140633
-1.5952	-0.8096	0.14467
-1.552	-0.7744	0.143266
-1.5988	-0.835	0.136457
-1.532	-0.7852	0.137509
-1.608	-0.8314	0.140851
-1.562	-0.809	0.136768
-1.5824	-0.8044	0.142101
-1.5576	-0.8084	0.133012
-1.6168	-0.8496	0.132076
-1.624	-0.8566	0.131653
-1.5988	-0.8288	0.131387
-1.5568	-0.7686	0.146893
-1.5456	-0.7872	0.141379
-1.5084	-0.7396	0.151278
-1.5548	-0.7726	0.147177
-1.6168	-0.8174	0.143306
-1.5676	-0.8108	0.140995
-1.6404	-0.853	0.136449
-1.5732	-0.822	0.134781
-1.6032	-0.8374	0.134679
-1.5992	-0.8252	0.135507
-1.5828	-0.8112	0.135354
-1.5624	-0.8138	0.133443
-1.6072	-0.849	0.132888
-1.5784	-0.8014	0.137026
-1.6292	-0.854	0.137693
-1.6	-0.8332	0.130528
-1.5936	-0.8312	0.131388
-1.6404	-0.8584	0.1312
-1.6352	-0.8598	0.135843
-1.6192	-0.8476	0.129155
-1.5968	-0.8266	0.137279
-1.6024	-0.8296	0.132659
-1.586	-0.8238	0.140285
-1.5924	-0.8206	0.1356
-1.578	-0.827	0.141412
-1.6076	-0.831	0.130742
-1.604	-0.82	0.131669
-1.5752	-0.8096	0.136486
-1.604	-0.8398	0.136835
-1.586	-0.8156	0.138621
-1.592	-0.8288	0.135408
-1.5796	-0.8034	0.139821
-1.5896	-0.8206	0.143926
-1.59	-0.8318	0.134008
-1.5588	-0.8098	0.140126
-1.6208	-0.8358	0.133524
-1.5712	-0.7952	0.144753
-1.5692	-0.8106	0.135927
-1.572	-0.8004	0.139919
-1.5584	-0.8118	0.136667
-1.6076	-0.821	0.134918
-1.56	-0.7816	0.138909
-1.5932	-0.8256	0.137052
-1.5648	-0.769	0.140175
-1.5716	-0.8006	0.13894
-1.532	-0.7804	0.142773
-1.5888	-0.8362	0.136723
-1.5868	-0.829	0.128622
-1.6096	-0.833	0.13232
-1.6056	-0.8388	0.132859
-1.5444	-0.7974	0.138785
-1.5636	-0.769	0.147622
-1.5684	-0.7688	0.147605
-1.5848	-0.7934	0.142935
-1.574	-0.7896	0.140281
-1.5984	-0.8112	0.139632
-1.5732	-0.8278	0.134805
-1.6168	-0.8308	0.131811
-1.6364	-0.8378	0.140313
-1.6092	-0.8438	0.134528
-1.5352	-0.7524	0.136897
-1.574	-0.8206	0.142691
-1.602	-0.8392	0.136789
-1.5812	-0.8058	0.131865
-1.5896	-0.8202	0.13738
-1.5748	-0.8134	0.134138
-1.5948	-0.8388	0.135865
-1.63	-0.857	0.134269
-1.5604	-0.7918	0.132918
-1.5588	-0.7396	0.140441
-1.5364	-0.7192	0.144254
-1.514	-0.6982	0.147257
-1.5924	-0.823	0.149718
-1.54	-0.803	0.13318
-1.56	-0.8234	0.136694
-1.5248	-0.7828	0.141517
-1.568	-0.8096	0.141348
-1.6184	-0.8394	0.139475
-1.5828	-0.8002	0.140612
-1.5788	-0.82	0.137267
-1.5816	-0.8254	0.135337
-1.5644	-0.8114	0.134936
-1.6272	-0.8568	0.134673
-1.5568	-0.8104	0.13464
-1.608	-0.8424	0.137334
-1.546	-0.7864	0.135322
-1.5784	-0.8228	0.135404
-1.5796	-0.8244	0.134454
-1.604	-0.8262	0.139865
-1.624	-0.8412	0.138949
-1.61	-0.8138	0.141471
-1.5864	-0.8288	0.138111
-1.5744	-0.8112	0.133828
-1.5912	-0.8246	0.141123
-1.5972	-0.8182	0.139328
-1.5912	-0.8202	0.139382
-1.5824	-0.8072	0.137745
-1.5528	-0.7752	0.146178
-1.5316	-0.7792	0.141758
-1.5776	-0.7996	0.136878
-1.5576	-0.802	0.137796
-1.6532	-0.8656	0.135104
-1.6276	-0.856	0.13129
-1.5904	-0.8196	0.137056
-1.5916	-0.8234	0.138329
-1.5664	-0.7968	0.142711
-1.5776	-0.7968	0.14066
-1.5712	-0.7316	0.148168
-1.5844	-0.7728	0.148438
-1.5548	-0.7932	0.14371
-1.5648	-0.7906	0.141955
-1.566	-0.8182	0.14027
-1.5792	-0.8188	0.135359
-1.5856	-0.834	0.13753
-1.6224	-0.834	0.132462
-1.5844	-0.8226	0.140951
-1.5636	-0.8136	0.138459
-1.5936	-0.8286	0.133329
-1.6152	-0.8428	0.132073
-1.6144	-0.8532	0.13118
-1.5772	-0.8166	0.134231
-1.6068	-0.8408	0.136775
-1.5936	-0.835	0.133059
-1.5776	-0.8224	0.134817
-1.5768	-0.8242	0.130353
-1.6004	-0.8224	0.137703
-1.5836	-0.7974	0.140407
-1.6056	-0.829	0.137726
-1.6208	-0.8438	0.139172
-1.5884	-0.8282	0.132346
-1.5932	-0.8356	0.135163
-1.6024	-0.8268	0.133522
-1.5628	-0.7818	0.136999
-1.594	-0.8224	0.140185
-1.552	-0.7632	0.143802
-1.5408	-0.7792	0.141908
-1.624	-0.8438	0.141693
-1.556	-0.8128	0.138919
-1.5924	-0.8326	0.135191
-1.5844	-0.8272	0.132983
-1.6044	-0.8338	0.135503
-1.5984	-0.8336	0.135667
-1.5976	-0.7986	0.137753
-1.5912	-0.818	0.141571
-1.608	-0.8278	0.138991
-1.5796	-0.8314	0.13197
-1.6156	-0.8402	0.13296
-1.534	-0.7966	0.13673
-1.5988	-0.8328	0.136561
-1.5412	-0.7892	0.14001
-1.5816	-0.821	0.140205
-1.598	-0.8216	0.142623
-1.5612	-0.7886	0.137841
-1.5764	-0.8086	0.136818
-1.5848	-0.7992	0.144861
-1.5632	-0.8312	0.13999
-1.6108	-0.834	0.13478
-1.5752	-0.838	0.133272
-1.5308	-0.7744	0.136662
-1.5648	-0.7936	0.14181
-1.5704	-0.78	0.143032
-1.5376	-0.7976	0.139364
-1.5656	-0.8108	0.135172
-1.6136	-0.8332	0.13317
-1.5664	-0.792	0.137292
-1.5724	-0.7994	0.149455
-1.608	-0.8326	0.132694
-1.5512	-0.8094	0.131328
-1.6192	-0.845	0.135216
-1.5996	-0.8374	0.132874
-1.5744	-0.8082	0.13568
-1.6036	-0.8456	0.132961
-1.5904	-0.8156	0.127794
-1.5816	-0.814	0.139784
-1.5992	-0.824	0.136474
-1.6392	-0.8316	0.134384
-1.5704	-0.809	0.133915
-1.606	-0.8408	0.139359
-1.5768	-0.7832	0.139662
-1.5388	-0.7562	0.149673
-1.5524	-0.7844	0.149517
-1.6112	-0.8496	0.137886
-1.566	-0.8046	0.130535
-1.5448	-0.7798	0.143776
-1.5688	-0.8122	0.139584
-1.5868	-0.832	0.136439
-1.6192	-0.8262	0.139025
-1.6236	-0.846	0.135945
-1.6096	-0.8166	0.136119
-1.5988	-0.8204	0.140227
-1.5784	-0.816	0.138808
-1.5684	-0.8082	0.132915
-1.5392	-0.7852	0.141103
-1.5848	-0.8022	0.144849
-1.574	-0.813	0.1377
-1.5556	-0.7966	0.141188
-1.608	-0.8274	0.140522
-1.6288	-0.8426	0.132698
-1.5568	-0.8172	0.142659
-1.5696	-0.8084	0.138722
-1.5516	-0.7596	0.142526
-1.5628	-0.8066	0.144151
-1.582	-0.826	0.139919
-1.5456	-0.7848	0.136782
-1.6064	-0.8462	0.134603
-1.5884	-0.831	0.133256
-1.5688	-0.8268	0.135829
-1.5948	-0.8276	0.137246
-1.5344	-0.7518	0.144691
-1.5428	-0.7636	0.143465
-1.556	-0.7764	0.139788
-1.564	-0.7956	0.149444
-1.5824	-0.8174	0.137727
-1.5944	-0.8282	0.136168
-1.5724	-0.8142	0.135444
-1.5712	-0.7814	0.13847
-1.6032	-0.7982	0.136752
-1.6128	-0.8212	0.137781
-1.5752	-0.814	0.136848
-1.578	-0.8144	0.134688
-1.5576	-0.8168	0.139316
-1.6088	-0.836	0.13249
-1.5976	-0.8278	0.132599
-1.5604	-0.817	0.138216
-1.6204	-0.8364	0.131369
-1.5588	-0.7764	0.140542
-1.5596	-0.7964	0.144498
-1.5804	-0.8234	0.137841
-1.6228	-0.848	0.135367
-1.5792	-0.8274	0.134747
-1.5536	-0.8028	0.136505
-1.6092	-0.8296	0.13776
-1.5656	-0.811	0.131311
-1.5844	-0.8348	0.138261
-1.5584	-0.7976	0.136252
-1.5968	-0.8144	0.138204
-1.5964	-0.8284	0.140222
-1.5576	-0.773	0.133987
-1.5496	-0.8052	0.138247
-1.6112	-0.8498	0.134069
-1.5892	-0.839	0.132968
-1.6224	-0.8578	0.131438
-1.5768	-0.8246	0.132698
-1.6036	-0.83	0.133637
-1.6152	-0.8398	0.134227
-1.5992	-0.8208	0.135169
-1.5772	-0.8088	0.137262
-1.602	-0.8232	0.137502
-1.5624	-0.8074	0.140085
-1.6084	-0.8508	0.133107
-1.5964	-0.8322	0.135437
-1.5684	-0.8222	0.133732
-1.5544	-0.7812	0.134103
-1.5228	-0.7392	0.150196
-1.5772	-0.8186	0.142313
-1.5672	-0.818	0.140293
-1.572	-0.8094	0.141697
-1.602	-0.8304	0.138179
-1.5788	-0.8272	0.133406
-1.5828	-0.818	0.133834
-1.5548	-0.8026	0.140397
-1.6028	-0.8254	0.140172
-1.5928	-0.816	0.136205
-1.544	-0.7928	0.140498
-1.5752	-0.8234	0.140961
-1.572	-0.831	0.134944
-1.5956	-0.8372	0.131569
-1.5696	-0.7922	0.136077
-1.6012	-0.8414	0.137614
-1.5856	-0.8134	0.139112
-1.5956	-0.8308	0.133347
-1.582	-0.8172	0.136324
-1.608	-0.837	0.134103
-1.5736	-0.8176	0.140887
-1.516	-0.7268	0.14415
-1.5956	-0.8372	0.137296
-1.56	-0.8124	0.136142
-1.582	-0.8262	0.135073
-1.6032	-0.8442	0.130278
-1.5736	-0.786	0.137113
-1.5888	-0.8164	0.13681
-1.5636	-0.7984	0.138366
-1.5796	-0.8312	0.139776
-1.572	-0.796	0.133336
-1.5284	-0.7756	0.141476
-1.5812	-0.8014	0.142125
-1.6292	-0.8476	0.133463
-1.5864	-0.811	0.135715
-1.5888	-0.8412	0.134427
-1.5972	-0.8152	0.135552
-1.5584	-0.8202	0.140489
-1.6208	-0.8422	0.134368
-1.588	-0.7888	0.142795
-1.5492	-0.784	0.14556
-1.5684	-0.7994	0.140873
-1.5804	-0.8164	0.145113
-1.5708	-0.8156	0.13576
-1.594	-0.827	0.135505
-1.578	-0.7924	0.145261
-1.6036	-0.851	0.135023
-1.5652	-0.8198	0.133688
-1.5556	-0.797	0.142962
-1.6128	-0.8314	0.137046
-1.578	-0.822	0.139817
-1.5964	-0.8234	0.135163
-1.5884	-0.8232	0.141275
-1.5672	-0.8002	0.136529
-1.5712	-0.7962	0.140026
-1.5716	-0.7978	0.139846
-1.5452	-0.7786	0.143138
-1.5972	-0.8304	0.135355
-1.584	-0.809	0.132257
-1.5112	-0.7724	0.140635
-1.5824	-0.8062	0.138783
-1.5512	-0.7844	0.137609
-1.6016	-0.8444	0.139886
-1.5536	-0.7806	0.139379
-1.5916	-0.8438	0.138884
-1.5776	-0.8126	0.138176
-1.59	-0.7854	0.141164
-1.6256	-0.8298	0.145288
-1.6064	-0.8422	0.13552
-1.5656	-0.7896	0.139985
-1.558	-0.805	0.146443
-1.5624	-0.7932	0.143191
-1.5748	-0.8088	0.141558
-1.6084	-0.8152	0.1375
-1.5748	-0.7858	0.146395
-1.5784	-0.798	0.142977
-1.5712	-0.7996	0.13959
-1.556	-0.8198	0.139405
-1.5644	-0.8102	0.136794
-1.5804	-0.814	0.141655
-1.576	-0.8154	0.132631
-1.5756	-0.8146	0.14549
-1.5864	-0.813	0.130798
-1.5432	-0.7702	0.138992
-1.596	-0.82	0.138589
-1.5836	-0.8214	0.137567
-1.6088	-0.8486	0.130076
-1.6156	-0.8432	0.131629
-1.5832	-0.8122	0.136769
-1.5404	-0.772	0.134685
-1.546	-0.8134	0.137069
-1.5736	-0.8226	0.135618
-1.5556	-0.8032	0.142607
-1.6108	-0.834	0.145306
-1.5976	-0.8382	0.130513
-1.5612	-0.8154	0.135934
-1.5924	-0.8232	0.132781
-1.6164	-0.8388	0.13319
-1.5948	-0.8092	0.13621
-1.6028	-0.836	0.13788
-1.5928	-0.815	0.135459
-1.6452	-0.865	0.137898
-1.5868	-0.8304	0.134515
-1.5656	-0.8178	0.136411
-1.5352	-0.7634	0.137188
-1.5584	-0.7838	0.14457
-1.5232	-0.7758	0.140958
-1.526	-0.763	0.143548
-1.576	-0.805	0.14211
-1.6012	-0.831	0.137388
-1.5952	-0.8194	0.137804
-1.5704	-0.819	0.133134
-1.6024	-0.8246	0.138434
-1.5752	-0.8314	0.133898
-1.5788	-0.8068	0.135755
-1.5812	-0.8162	0.136145
-1.584	-0.8326	0.13458
-1.6176	-0.8506	0.13031
-1.5888	-0.8364	0.131303
-1.6004	-0.8184	0.13631
-1.5964	-0.8398	0.139819
-1.58	-0.8154	0.141636
-1.5728	-0.8288	0.136255
-1.5664	-0.7838	0.137241
-1.6344	-0.8408	0.136847
-1.5716	-0.8162	0.136365
-1.5824	-0.8138	0.139146
-1.6108	-0.8308	0.138255
-1.5748	-0.8124	0.13697
-1.5932	-0.8388	0.13504
-1.5792	-0.774	0.136398
-1.5368	-0.753	0.145823
-1.5784	-0.8246	0.139448
-1.6372	-0.8566	0.133444
-1.5576	-0.8072	0.136061
-1.5916	-0.8164	0.137834
-1.5816	-0.8238	0.134699
-1.594	-0.82	0.137119
-1.6384	-0.8316	0.131514
-1.6064	-0.8392	0.137866
-1.586	-0.826	0.137698
-1.5464	-0.7968	0.1358
-1.6192	-0.8222	0.135361
-1.568	-0.8056	0.137415
-1.5608	-0.8118	0.132829
-1.6156	-0.8144	0.140249
-1.5468	-0.7956	0.14252
-1.5864	-0.8214	0.144283
-1.5776	-0.8196	0.141903
-1.5828	-0.828	0.135326
-1.5912	-0.8292	0.14315
-1.5828	-0.7918	0.140345
-1.5704	-0.7224	0.142995
-1.6024	-0.7868	0.142454
-1.5632	-0.7618	0.144843
-1.5564	-0.7694	0.139346
-1.6228	-0.8264	0.148561
-1.576	-0.8122	0.138005
-1.57	-0.8198	0.137422
-1.568	-0.7742	0.138426
-1.558	-0.796	0.136043
-1.5964	-0.8062	0.137413
-1.6244	-0.8532	0.134449
-1.5696	-0.8196	0.13714
-1.4916	-0.7516	0.135028
-1.6104	-0.8428	0.139174
-1.5836	-0.8272	0.136446
-1.6216	-0.8578	0.135967
-1.6312	-0.8624	0.129587
-1.6348	-0.842	0.137312
-1.58	-0.8192	0.137558
-1.542	-0.7838	0.137199
-1.6124	-0.8524	0.133961
-1.5676	-0.818	0.140348
-1.5644	-0.8046	0.137517
-1.602	-0.8346	0.13775
-1.5648	-0.8068	0.134777
-1.5936	-0.813	0.134917
-1.5624	-0.781	0.139118
-1.5988	-0.8132	0.138951
-1.5604	-0.8064	0.137964
-1.5712	-0.8072	0.142398
-1.6092	-0.8524	0.13772
-1.6124	-0.8438	0.137105
-1.5628	-0.8156	0.131577
-1.6212	-0.8484	0.139906
-1.564	-0.8132	0.130106
-1.5416	-0.7948	0.141624
-1.5632	-0.8094	0.135287
-1.5324	-0.7956	0.134857
-1.5572	-0.7966	0.138553
-1.5316	-0.7862	0.136508
-1.596	-0.8396	0.135661
-1.61	-0.8184	0.137172
-1.5216	-0.7768	0.142736
-1.5648	-0.7988	0.143836
-1.5524	-0.8044	0.137294
-1.586	-0.8112	0.1382
-1.5852	-0.7906	0.143589
-1.5712	-0.7864	0.141323
-1.5672	-0.8078	0.143759
-1.5676	-0.8222	0.135754
-1.592	-0.8088	0.137623
-1.5684	-0.805	0.139483
-1.5232	-0.7888	0.138257
-1.5976	-0.8342	0.135805
-1.5732	-0.8276	0.134553
-1.5464	-0.8014	0.139119
-1.6004	-0.8302	0.134484
-1.5044	-0.765	0.135982
-1.6128	-0.8182	0.136572
-1.5708	-0.8192	0.135639
-1.5768	-0.82	0.136046
-1.5772	-0.8222	0.141345
-1.59	-0.8282	0.139908
-1.564	-0.7682	0.139804
-1.5632	-0.8156	0.144531
-1.58	-0.8	0.131892
-1.6212	-0.8322	0.133433
-1.5612	-0.8224	0.132657
-1.598	-0.819	0.134759
-1.5836	-0.831	0.135532
-1.5864	-0.822	0.132451
-1.5916	-0.829	0.137789
-1.5576	-0.8142	0.140232
-1.5968	-0.8104	0.139997
-1.6336	-0.846	0.134712
-1.5848	-0.8198	0.136093
-1.5292	-0.7694	0.135994
-1.5696	-0.8138	0.13644
-1.5876	-0.8182	0.140776
-1.5908	-0.8392	0.138745
-1.5728	-0.8398	0.127261
-1.5756	-0.8116	0.134103
-1.5784	-0.8274	0.134967
-1.5624	-0.794	0.136813
-1.5532	-0.7892	0.13774
-1.5148	-0.7332	0.147886
-1.6024	-0.8338	0.139281
-1.6084	-0.837	0.138374
-1.55	-0.7654	0.137018
-1.5492	-0.7584	0.145469
-1.582	-0.7796	0.140828
-1.6052	-0.838	0.134068
-1.6052	-0.8474	0.133609
-1.6192	-0.846	0.137069
-1.6448	-0.8594	0.131841
-1.5888	-0.827	0.133664
-1.58	-0.8304	0.135063
-1.6092	-0.8188	0.132468
-1.556	-0.8016	0.137862
-1.5472	-0.8088	0.143406
-1.5596	-0.8126	0.137033
-1.5876	-0.823	0.134084
-1.5936	-0.8192	0.134083
-1.5632	-0.7936	0.135214
-1.5404	-0.777	0.144049
-1.5696	-0.8024	0.141085
-1.6332	-0.8518	0.131527
-1.5632	-0.8162	0.131458
-1.5868	-0.8422	0.133712
-1.5816	-0.818	0.143395
-1.6128	-0.832	0.133832
-1.5604	-0.8064	0.138174
-1.562	-0.7906	0.143655
-1.5868	-0.8108	0.137545
-1.6064	-0.8312	0.141888
-1.5432	-0.8064	0.138548
-1.5852	-0.8228	0.136062
-1.5884	-0.8158	0.137203
-1.5676	-0.8204	0.135467
-1.6128	-0.8264	0.127324
-1.618	-0.8398	0.133031
-1.6004	-0.8318	0.129104
-1.5964	-0.8336	0.135003
-1.5804	-0.8188	0.131798
-1.5796	-0.837	0.134423
-1.586	-0.8182	0.136422
-1.6344	-0.8362	0.13661
-1.5836	-0.8256	0.140213
-1.5812	-0.8292	0.136022
-1.622	-0.8448	0.132654
-1.564	-0.7804	0.139794
-1.5528	-0.7962	0.137149
-1.5504	-0.8142	0.138384
-1.55	-0.7826	0.140918
-1.632	-0.8544	0.134867
-1.6036	-0.842	0.13722
-1.6016	-0.8382	0.131987
-1.578	-0.82	0.135303
-1.5664	-0.8156	0.145042
-1.608	-0.842	0.132644
-1.5812	-0.818	0.136808
-1.6016	-0.828	0.133424
-1.6084	-0.8454	0.132081
-1.552	-0.7994	0.136412
-1.5952	-0.8418	0.134154
-1.5672	-0.816	0.131195
-1.6	-0.8324	0.145272
-1.5692	-0.7842	0.138597
-1.5636	-0.814	0.136243
-1.5952	-0.836	0.134116
-1.6172	-0.8364	0.13256
-1.6192	-0.8396	0.134664
-1.5996	-0.8334	0.131585
-1.5536	-0.7988	0.136243
-1.5692	-0.813	0.131859
-1.5992	-0.8118	0.137542
-1.562	-0.806	0.140445
-1.5284	-0.7696	0.140848
-1.5948	-0.8476	0.13667
-1.5744	-0.8044	0.134468
-1.6096	-0.8426	0.138399
-1.5928	-0.8278	0.13492
-1.5636	-0.8094	0.140532
-1.5924	-0.8276	0.141499
-1.5768	-0.8192	0.137838
-1.6124	-0.8296	0.139296
-1.5708	-0.789	0.139461
-1.5704	-0.7862	0.14215
-1.5584	-0.787	0.140576
-1.5772	-0.8214	0.14324
-1.598	-0.8334	0.137476
-1.5544	-0.8116	0.134895
-1.592	-0.8262	0.136587
-1.6008	-0.8152	0.138055
-1.542	-0.7714	0.141003
-1.5752	-0.8236	0.134591
-1.5584	-0.7916	0.142178
-1.5904	-0.7838	0.145757
-1.5572	-0.7832	0.142723
-1.592	-0.8374	0.136317
-1.5536	-0.7744	0.139193
-1.6092	-0.8454	0.142825
-1.6084	-0.8484	0.132837
-1.5956	-0.8108	0.13325
-1.5768	-0.791	0.145943
-1.596	-0.846	0.134985
-1.546	-0.794	0.13862
-1.5724	-0.8258	0.137313
-1.588	-0.8448	0.131005
-1.5856	-0.8198	0.132905
-1.5636	-0.8042	0.144464
-1.5952	-0.8272	0.136865
-1.5744	-0.8318	0.133929
-1.5492	-0.7454	0.142596
-1.5788	-0.8242	0.140788
-1.59	-0.823	0.135466
-1.5888	-0.813	0.13212
-1.6384	-0.861	0.136632
-1.5896	-0.8326	0.131396
-1.6084	-0.8462	0.132078
-1.6152	-0.847	0.129712
-1.5676	-0.8028	0.136001
-1.5668	-0.8264	0.134858
-1.5724	-0.8054	0.130683
-1.582	-0.822	0.141023
-1.5804	-0.8234	0.136717
-1.5868	-0.8316	0.130125
-1.6124	-0.8474	0.135413
-1.5744	-0.8142	0.138752
-1.5768	-0.8066	0.138204
-1.6408	-0.8464	0.130967
-1.5948	-0.837	0.133001
-1.6152	-0.846	0.132851
-1.6132	-0.853	0.132677
-1.5912	-0.8116	0.141893
-1.562	-0.8074	0.141539
-1.6184	-0.817	0.142608
-1.5244	-0.719	0.150278
-1.5872	-0.8054	0.144838
-1.6076	-0.7862	0.142052
-1.5452	-0.7548	0.143847
-1.554	-0.7782	0.142675
-1.552	-0.7904	0.139909
-1.5776	-0.785	0.138691
-1.6296	-0.8572	0.137341
-1.596	-0.8308	0.135342
-1.6392	-0.8424	0.134208
-1.578	-0.829	0.136253
-1.5384	-0.7972	0.135641
-1.5756	-0.8292	0.13464
-1.6044	-0.7996	0.139304
-1.584	-0.8376	0.134386
-1.582	-0.8112	0.134986
-1.5684	-0.8164	0.138498
-1.554	-0.7922	0.142627
-1.616	-0.855	0.132274
-1.5928	-0.8172	0.131997
-1.5704	-0.7942	0.139765
-1.5884	-0.8396	0.133639
-1.5876	-0.8212	0.13473
-1.5652	-0.7954	0.140193
-1.5904	-0.7996	0.140647
-1.5508	-0.7566	0.137961
-1.5332	-0.7622	0.147524
-1.6064	-0.8256	0.142673
-1.5872	-0.8394	0.137515
-1.6084	-0.8264	0.135313
-1.6172	-0.8436	0.13492
-1.5748	-0.8108	0.135276
-1.5864	-0.8278	0.137479
-1.5656	-0.8174	0.13446
-1.538	-0.787	0.141708
-1.5756	-0.7976	0.142885
-1.58	-0.8188	0.1342
-1.5828	-0.8266	0.134777
-1.6156	-0.826	0.140131
-1.6092	-0.844	0.132606
-1.5952	-0.8318	0.133945
-1.58	-0.8108	0.136519
-1.5824	-0.8158	0.137483
-1.602	-0.8506	0.134466
-1.548	-0.8074	0.134664
-1.6388	-0.839	0.137468
-1.6148	-0.848	0.135779
-1.6072	-0.8358	0.132385
-1.5584	-0.7634	0.139576
-1.5972	-0.8078	0.141916
-1.5928	-0.81	0.139951
-1.5484	-0.7018	0.142697
-1.5536	-0.7634	0.145464
-1.5872	-0.8076	0.140679
-1.6272	-0.8514	0.138467
-1.6048	-0.8322	0.129528
-1.576	-0.8116	0.144235
-1.6	-0.8326	0.137615
-1.594	-0.826	0.134421
-1.5908	-0.7976	0.138028
-1.5596	-0.8068	0.136118
-1.6112	-0.8334	0.142085
-1.5856	-0.8162	0.13617
-1.6088	-0.8434	0.1349
-1.554	-0.7894	0.144366
-1.5796	-0.8178	0.138854
-1.5684	-0.8006	0.133622
-1.5736	-0.8266	0.133884
-1.5776	-0.8322	0.139954
-1.564	-0.7968	0.138201
-1.602	-0.845	0.137085
-1.5728	-0.8176	0.134713
-1.5724	-0.8088	0.142124
-1.542	-0.7948	0.136628
-1.5768	-0.8166	0.145113
-1.602	-0.8206	0.141668
-1.5612	-0.7868	0.137679
-1.5712	-0.8056	0.138868
-1.6056	-0.8368	0.135932
-1.5736	-0.8188	0.132236
-1.578	-0.8066	0.132151
-1.5712	-0.8094	0.1312
-1.5424	-0.7966	0.139636
-1.5772	-0.816	0.140615
-1.5884	-0.83	0.1394
-1.5812	-0.813	0.136651
-1.5772	-0.8188	0.130489
-1.6044	-0.8386	0.134841
-1.6132	-0.8438	0.133182
-1.5664	-0.7844	0.141205
-1.5996	-0.836	0.13487
-1.6036	-0.8256	0.131092
-1.5792	-0.7972	0.140914
-1.5644	-0.7662	0.139529
-1.5472	-0.7506	0.142188
-1.5968	-0.8406	0.136572
-1.582	-0.8132	0.133653
-1.6048	-0.8392	0.135252
-1.584	-0.8222	0.136533
-1.5616	-0.7822	0.139052
-1.5812	-0.8168	0.138065
-1.5452	-0.788	0.145524
-1.604	-0.834	0.137282
-1.598	-0.8346	0.136957
-1.6084	-0.813	0.135718
-1.5544	-0.7726	0.141366
-1.606	-0.8454	0.142804
-1.6044	-0.8422	0.134058
-1.626	-0.8502	0.137948
-1.5648	-0.8174	0.14022
-1.6164	-0.8402	0.13116
-1.6012	-0.8438	0.13028
-1.5892	-0.8144	0.140853
-1.556	-0.8312	0.135096
-1.59	-0.8088	0.13564
-1.6436	-0.8616	0.133296
-1.5588	-0.8242	0.134789
-1.5616	-0.7808	0.139677
-1.5808	-0.831	0.139459
-1.5856	-0.8212	0.138105
-1.5648	-0.8072	0.137576
-1.5484	-0.762	0.140854
-1.5524	-0.7712	0.142278
-1.5956	-0.8114	0.140687
-1.5424	-0.7684	0.142917
-1.5512	-0.7796	0.15082
-1.5556	-0.7708	0.147396
-1.548	-0.7644	0.145062
-1.6004	-0.8178	0.148531
-1.6204	-0.831	0.13749
-1.5628	-0.7856	0.139447
-1.5408	-0.7872	0.135888
-1.5584	-0.7804	0.13816
-1.5524	-0.7902	0.141405
-1.572	-0.8142	0.140414
-1.568	-0.7644	0.137653
-1.5524	-0.7926	0.141171
-1.5288	-0.732	0.144473
-1.5956	-0.8134	0.144825
-1.5988	-0.8404	0.136193
-1.5804	-0.8086	0.138815
-1.5768	-0.8254	0.138594
-1.6196	-0.8536	0.133017
-1.586	-0.8168	0.129002
-1.6072	-0.8452	0.134994
-1.6148	-0.8462	0.136187
-1.5648	-0.8218	0.13619
-1.5756	-0.8064	0.134441
-1.5628	-0.818	0.13846
-1.572	-0.8038	0.141511
-1.6204	-0.8428	0.135305
-1.5576	-0.8082	0.131617
-1.4992	-0.7426	0.1501
-1.5848	-0.8316	0.140283
-1.5528	-0.7948	0.13617
-1.5884	-0.8302	0.143545
-1.6088	-0.8466	0.134274
-1.5488	-0.791	0.138584
-1.5704	-0.8094	0.141934
-1.5808	-0.8136	0.136379
-1.5852	-0.8058	0.137415
-1.5404	-0.8066	0.136558
-1.5484	-0.7704	0.140779
-1.5668	-0.8102	0.147771
-1.5788	-0.8142	0.139846
-1.578	-0.8304	0.138755
-1.5488	-0.7692	0.137182
-1.574	-0.8184	0.136178
-1.598	-0.8312	0.13305
-1.5652	-0.764	0.144142
-1.554	-0.8038	0.141511
-1.5732	-0.828	0.142275
-1.5888	-0.8196	0.136182
-1.604	-0.8382	0.135561
-1.5908	-0.8256	0.138047
-1.5788	-0.8226	0.136217
-1.5828	-0.8222	0.130796
-1.5536	-0.794	0.139717
-1.602	-0.844	0.140008
