# nm = 1024 nc = 100 len = 70 extf = 0 beta = 0.426
#energy 	magnetization 	acceptance
-1.27184	0.0763265	0.261384
-1.29143	-0.0669388	0.259235
-1.24653	-0.0563265	0.251461
-1.22449	-0.137959	0.261837
-1.22939	-0.0746939	0.265063
-1.27102	-0.0922449	0.254288
-1.20163	0.017551	0.263239
-1.31673	-0.107755	0.25441
-1.21143	-0.283265	0.262673
-1.2849	-0.36449	0.253022
-1.27184	-0.290204	0.256743
-1.21143	-0.166122	0.254473
-1.20245	-0.143673	0.263982
-1.26612	-0.141633	0.260357
-1.22122	-0.184898	0.25509
-1.31592	-0.212245	0.257822
-1.2498	-0.226939	0.246151
-1.30857	-0.28	0.249408
-1.3102	-0.35102	0.252363
-1.26286	-0.264898	0.237663
-1.23347	-0.282857	0.258624
-1.25551	-0.377143	0.257541
-1.30367	-0.407347	0.255943
-1.36571	-0.295918	0.249933
-1.21061	-0.102041	0.253516
-1.25224	-0.0828571	0.249308
-1.28735	-0.00938776	0.266412
-1.21306	0.108163	0.270363
-1.29143	0.372245	0.26228
-1.30531	0.206939	0.246349
-1.24816	0.302449	0.249861
-1.22612	0.303265	0.250233
-1.26939	0.229388	0.257304
-1.26612	0.308571	0.257641
-1.27673	0.524082	0.240894
-1.34857	0.58449	0.22882
-1.32408	0.576327	0.23078
-1.25633	0.424082	0.239961
-1.1951	0.307755	0.253553
-1.30939	0.48449	0.251104
-1.30694	0.516327	0.24449
-1.32245	0.322041	0.246376
-1.26531	0.393061	0.248151
-1.28082	0.26	0.258257
-1.26449	0.401224	0.262135
-1.27184	0.422041	0.24508
-1.22857	0.327755	0.245982
-1.30776	0.295102	0.248098
-1.23347	0.297959	0.251847
-1.36816	0.486939	0.248884
-1.27918	0.434286	0.244422
-1.26857	0.387347	0.252806
-1.29633	0.153061	0.255498
-1.22449	0.149796	0.258722
-1.27755	0.314694	0.262576
-1.20408	0.319184	0.252655
-1.24	0.282449	0.254816
-1.24327	0.0506122	0.256408
-1.26939	0.0159184	0.267202
-1.27184	0.0673469	0.258996
-1.26204	-0.0444898	0.253045
-1.25143	0.000816327	0.251757
-1.23347	-0.140816	0.258753
-1.21551	0.0236735	0.259133
-1.26694	-0.217143	0.254086
-1.31265	-0.297959	0.251029
-1.25469	-0.225714	0.254206
-1.29551	-0.35102	0.255312
-1.26449	-0.333878	0.260637
-1.29388	-0.343673	0.253833
-1.3102	-0.423265	0.242937
-1.28735	-0.459184	0.241678
-1.23347	-0.24	0.249169
-1.24	-0.129796	0.263306
-1.25796	-0.132653	0.263745
-1.2702	-0.103265	0.258996
-1.18122	-0.00244898	0.264863
-1.23184	0.0804082	0.259463
-1.2751	0.133878	0.269304
-1.26531	0.27102	0.254624
-1.31918	0.293061	0.245849
-1.24408	0.192653	0.253078
-1.34122	0.272653	0.26511
-1.22531	0.177551	0.265312
-1.24082	0.0416327	0.265688
-1.30041	0.123673	0.251798
-1.2751	-0.202041	0.259571
-1.24571	-0.169796	0.259708
-1.23102	-0.10898	0.255378
-1.34041	-0.256327	0.243847
-1.21551	0.0122449	0.257629
-1.29143	-0.0877551	0.256496
-1.25143	-0.176735	0.257771
-1.23755	-0.16	0.261924
-1.25633	-0.0914286	0.255812
-1.24	-0.0742857	0.2626
-1.31184	-0.206939	0.254822
-1.21551	-0.0542857	0.25469
-1.22612	-0.124898	0.265533
-1.26041	-0.24898	0.25638
-1.28082	-0.183265	0.252255
-1.25143	-0.374286	0.260127
-1.28898	-0.443265	0.247859
-1.29469	-0.514694	0.240276
-1.38286	-0.584898	0.232008
-1.33714	-0.50449	0.221129
-1.27184	-0.330204	0.235688
-1.30449	-0.327347	0.25408
-1.31429	-0.336327	0.258016
-1.25714	-0.238367	0.258678
-1.25388	-0.284082	0.256449
-1.36816	-0.415102	0.246973
-1.33878	-0.338776	0.2389
-1.25959	-0.181633	0.251835
-1.25469	0.0240816	0.263714
-1.24898	-0.214286	0.259718
-1.30857	-0.366531	0.25461
-1.27592	-0.258367	0.258214
-1.30449	0.0338776	0.255322
-1.28735	0.0518367	0.260616
-1.25061	0.174694	0.272243
-1.25306	0.280408	0.265394
-1.22041	0.221224	0.254692
-1.26939	0.209796	0.256731
-1.22449	0.16	0.264241
-1.33306	0.269796	0.262447
-1.35102	0.106122	0.256161
-1.25714	0.169388	0.259835
-1.27429	0.142449	0.265078
-1.26694	0.2	0.25479
-1.22531	-0.123265	0.265314
-1.30286	-0.119592	0.24708
-1.37878	-0.0661224	0.246586
-1.28082	-0.00653061	0.251996
-1.27429	0.0612245	0.24749
-1.29796	-0.0285714	0.258241
-1.27673	-0.0795918	0.261582
-1.25388	-0.123673	0.26842
-1.26204	-0.0240816	0.257388
-1.26204	-0.0395918	0.273118
-1.28163	0.0881633	0.263443
-1.22041	0.298776	0.25589
-1.29714	0.326122	0.248104
-1.28735	0.232245	0.244114
-1.26122	0.163265	0.260447
-1.25714	-0.0538776	0.257755
-1.29796	0.122041	0.256198
-1.25388	0.212653	0.249984
-1.29551	0.00979592	0.254251
-1.25633	-0.153878	0.259284
-1.24	-0.190612	0.252657
-1.2302	-0.126122	0.262661
-1.22367	-0.16	0.254708
-1.23755	-0.340816	0.255239
-1.21306	-0.311429	0.245294
-1.20571	-0.218776	0.269267
-1.23102	-0.316327	0.264292
-1.23673	-0.228571	0.265284
-1.29143	-0.207755	0.251937
-1.2351	-0.130612	0.258422
-1.27102	-0.341633	0.251039
-1.17469	-0.0971429	0.263814
-1.28898	-0.228571	0.25998
-1.21061	-0.259592	0.258302
-1.22286	-0.203265	0.269008
-1.30041	-0.211429	0.262343
-1.28571	0.00612245	0.252398
-1.26449	-0.0734694	0.257316
-1.26776	-0.00897959	0.258282
-1.23184	-0.0355102	0.272022
-1.27755	-0.178776	0.265308
-1.29469	-0.3	0.252778
-1.26776	-0.230204	0.253357
-1.19184	-0.077551	0.261371
-1.22286	0.0338776	0.25941
-1.26449	-0.0310204	0.255729
-1.27673	-0.132245	0.250163
-1.24898	0.114286	0.254241
-1.23673	0.00367347	0.262949
-1.24	0.0889796	0.256582
-1.24245	0.127347	0.262465
-1.2702	-0.00897959	0.267571
-1.27265	-0.0432653	0.27022
-1.22776	0.126122	0.268292
-1.27265	0.0783673	0.258871
-1.21959	0.0742857	0.260045
-1.30694	0.00734694	0.258902
-1.33224	0.035102	0.238171
-1.22531	0.0628571	0.258808
-1.27837	0.251429	0.268057
-1.22857	0.0926531	0.256043
-1.29551	-0.143673	0.264802
-1.20653	-0.0306122	0.265255
-1.25714	-0.260408	0.256765
-1.25061	-0.320816	0.265939
-1.28	-0.417551	0.253031
-1.33224	-0.471429	0.244567
-1.34694	-0.561633	0.236035
-1.2849	-0.400816	0.248992
-1.26612	-0.316327	0.247484
-1.22286	-0.202041	0.259563
-1.29714	-0.46	0.252155
-1.29633	-0.514694	0.243837
-1.37224	-0.687755	0.234196
-1.27592	-0.413061	0.245296
-1.32082	-0.380408	0.254057
-1.2498	-0.320816	0.260147
-1.25143	-0.288163	0.262649
-1.19347	-0.0302041	0.263106
-1.25959	-0.233469	0.260257
-1.23837	-0.0232653	0.263945
-1.25469	0.064898	0.257824
-1.22449	-0.0718367	0.25839
-1.28327	-0.126531	0.258102
-1.28327	-0.282857	0.26068
-1.27755	-0.279592	0.250767
-1.24898	-0.191837	0.255602
-1.25388	-0.24449	0.255888
-1.31347	-0.238367	0.260116
-1.35102	-0.281224	0.255606
-1.26531	-0.171429	0.251676
-1.20653	-0.139184	0.257137
-1.23184	-0.112245	0.267461
-1.31184	-0.144898	0.267298
-1.27184	-0.125714	0.257549
-1.33714	-0.367347	0.258502
-1.28653	-0.349796	0.238973
-1.2751	-0.388571	0.241214
-1.27673	-0.206531	0.25471
-1.32898	-0.227347	0.241933
-1.30612	-0.136327	0.258104
-1.22286	-0.0461224	0.25741
-1.29796	-0.0183673	0.258147
-1.20816	-0.0930612	0.2549
-1.25061	0.0514286	0.269755
-1.27429	-0.189796	0.268467
-1.2302	-0.00857143	0.263894
-1.23837	0.00734694	0.265141
-1.28245	0.195102	0.262694
-1.22612	0.244898	0.25838
-1.2702	0.365714	0.252208
-1.24082	0.150612	0.253439
-1.26857	0.109796	0.257571
-1.2751	0.0485714	0.261914
-1.25061	0.24	0.266957
-1.28571	0.35102	0.265261
-1.25633	0.114694	0.255953
-1.25878	-0.174286	0.266714
-1.30531	-0.153061	0.25038
-1.22857	-0.21551	0.263337
-1.25878	-0.288163	0.262751
-1.25469	-0.353061	0.260765
-1.29061	-0.390612	0.261624
-1.21714	-0.402041	0.252808
-1.32	-0.455102	0.247331
-1.28163	-0.286531	0.259137
-1.20816	-0.304082	0.255512
-1.33714	-0.282857	0.258645
-1.26939	-0.155918	0.249696
-1.28816	-0.118367	0.254102
-1.22367	-0.106122	0.2628
-1.19755	-0.0044898	0.267831
-1.23673	-0.0334694	0.26392
-1.29224	0.0236735	0.261812
-1.28163	0.00612245	0.259488
-1.1951	-0.0420408	0.260955
-1.28571	-0.14449	0.250627
-1.27918	-0.190612	0.242545
-1.23347	-0.160816	0.262818
-1.21633	-0.0853061	0.263027
-1.25224	-0.112653	0.256063
-1.30939	-0.0840816	0.251482
-1.22857	-0.160816	0.260902
-1.25878	-0.12	0.258449
-1.19265	0.0302041	0.261865
-1.30449	-0.0155102	0.256588
-1.24	-0.077551	0.257559
-1.28082	0.055102	0.263896
-1.28571	-0.0334694	0.249573
-1.28653	-0.0420408	0.249863
-1.23837	2.54788e-17	0.269733
-1.33714	0.0497959	0.258429
-1.20735	0.184898	0.258949
-1.26939	0.256327	0.264802
-1.32735	0.312653	0.242396
-1.29714	0.28898	0.251204
-1.29306	0.142857	0.2498
-1.27184	0.228571	0.249612
-1.28082	0.293061	0.255196
-1.31184	0.353469	0.249049
-1.33469	0.400816	0.240959
-1.29143	0.48449	0.234684
-1.37959	0.393061	0.237384
-1.18857	0.21102	0.251661
-1.23592	0.213061	0.263027
-1.23102	0.299592	0.257755
-1.26694	0.396327	0.258594
-1.30531	0.477551	0.244149
-1.23837	0.275102	0.252706
-1.27102	0.258367	0.250484
-1.23755	0.157143	0.268408
-1.28163	0.345714	0.256408
-1.30286	0.322857	0.243984
-1.25959	0.298367	0.255567
-1.31755	0.501633	0.256992
-1.33388	0.633878	0.232886
-1.40653	0.633061	0.233143
-1.30531	0.506122	0.220357
-1.25469	0.406122	0.240014
-1.31673	0.378367	0.248735
-1.23347	0.213878	0.265704
-1.29224	0.411429	0.258106
-1.3151	0.440408	0.242814
-1.29224	0.317959	0.249033
-1.30449	0.311837	0.248043
-1.29796	0.121224	0.240578
-1.29796	0.356735	0.26099
-1.25224	0.404898	0.25271
-1.32	0.409796	0.250176
-1.29224	0.333061	0.243931
-1.29714	0.266122	0.247057
-1.26612	0.0881633	0.255347
-1.30286	-0.0281633	0.253835
-1.24408	-0.119592	0.253767
-1.28245	0.02	0.261363
-1.24898	-0.0693878	0.2593
-1.30041	0.00489796	0.254808
-1.2898	-0.00408163	0.265902
-1.2351	-0.0134694	0.261671
-1.27837	-0.0555102	0.262627
-1.2898	-0.121224	0.249831
-1.28653	-0.146122	0.248447
-1.2849	-0.0844898	0.263455
-1.28163	-0.235918	0.255247
-1.25224	-0.37102	0.257969
-1.32163	-0.457551	0.244955
-1.27347	-0.482449	0.238778
-1.27265	-0.319592	0.248035
-1.20163	-0.262857	0.25741
-1.32327	-0.571837	0.244953
-1.29388	-0.406939	0.250033
-1.30531	-0.419592	0.249582
-1.30694	-0.517959	0.240463
-1.26612	-0.475918	0.236141
-1.36408	-0.603673	0.227141
-1.29143	-0.523265	0.240178
-1.34531	-0.442041	0.240533
-1.29633	-0.393469	0.24879
-1.2702	-0.290204	0.264067
-1.31347	-0.339592	0.251365
-1.33061	-0.54	0.242606
-1.31592	-0.566531	0.228067
-1.31918	-0.507755	0.236706
-1.31837	-0.483265	0.231804
-1.25469	-0.433061	0.246161
-1.39592	-0.576327	0.239876
-1.24571	-0.343673	0.237608
-1.29551	-0.560408	0.247851
-1.26204	-0.41551	0.245945
-1.37061	-0.497551	0.242259
-1.27673	-0.342449	0.24549
-1.26776	-0.28449	0.250906
-1.2751	-0.384082	0.249147
-1.25796	-0.333878	0.254573
-1.25388	-0.250204	0.262361
-1.29306	-0.305306	0.259582
-1.25388	-0.31102	0.248906
-1.30286	-0.184898	0.255369
-1.30122	-0.242041	0.252939
-1.2098	-0.349796	0.257208
-1.30286	-0.428163	0.249498
-1.24571	-0.24	0.257153
-1.28245	-0.269796	0.260267
-1.27837	-0.39551	0.25771
-1.22367	-0.389796	0.243331
-1.26939	-0.278776	0.252041
-1.26857	-0.386531	0.255967
-1.23918	-0.204898	0.25568
-1.27265	-0.237143	0.264957
-1.25061	-0.170612	0.247088
-1.26612	-0.0742857	0.257253
-1.19347	0.100816	0.261247
-1.28082	0.0510204	0.255865
-1.25469	0.154694	0.257127
-1.30204	-0.08	0.251708
-1.24245	0.0281633	0.259941
-1.28082	0.26	0.260016
-1.30776	0.267755	0.2521
-1.28245	0.200816	0.242359
-1.29224	0.208571	0.253337
-1.29224	0.240816	0.25581
-1.29959	0.228163	0.255941
-1.29306	0.328571	0.240645
-1.26122	0.367347	0.251129
-1.30939	0.222041	0.249371
-1.33714	0.469388	0.24851
-1.33551	0.336735	0.251778
-1.25959	0.292245	0.247933
-1.25143	0.233469	0.263616
-1.26531	0.346531	0.25621
-1.23918	0.447755	0.243686
-1.28163	0.335918	0.244918
-1.35347	0.353469	0.251822
-1.25306	0.184082	0.242422
-1.24816	0.18	0.257629
-1.29959	0.456735	0.247853
-1.22204	0.232653	0.249504
-1.27347	0.124898	0.246927
-1.2898	0.0816327	0.255624
-1.25796	0.122041	0.256712
-1.22041	0.064898	0.258584
-1.26449	0.0865306	0.257476
-1.30041	-0.00938776	0.256565
-1.25388	-0.195918	0.267855
-1.29551	-0.015102	0.251386
-1.25061	0.189796	0.249967
-1.32163	0.390204	0.262369
-1.27592	0.0906122	0.257437
-1.26204	0.114286	0.256061
-1.31184	0.199184	0.250367
-1.24898	0.275918	0.249527
-1.20898	0.261224	0.259931
-1.22939	0.257959	0.26982
-1.22286	0.210204	0.262512
-1.30286	0.47102	0.257382
-1.23837	0.408571	0.246606
-1.35918	0.482041	0.239441
-1.30857	0.5	0.243702
-1.26122	0.345714	0.242351
-1.29796	0.389388	0.238916
-1.20327	0.0493878	0.259647
-1.28082	0.0738776	0.259939
-1.23755	0.0534694	0.261829
-1.19347	-0.0363265	0.2682
-1.26449	-0.0946939	0.257765
-1.30694	-0.275918	0.267424
-1.28327	-0.446531	0.247106
-1.24571	-0.390204	0.245216
-1.27265	-0.589388	0.240543
-1.32898	-0.479592	0.238378
-1.31265	-0.30449	0.25012
-1.29388	-0.310612	0.255129
-1.30776	-0.354694	0.245567
-1.1951	-0.211837	0.262363
-1.25388	-0.173469	0.266273
-1.21551	0.177959	0.260688
-1.26286	0.14898	0.257169
-1.21714	0.146122	0.262818
-1.29224	0.193061	0.265724
-1.21388	0.152653	0.256671
-1.24735	0.0310204	0.270253
-1.26041	0.177143	0.261735
-1.17224	0.27551	0.2687
-1.21959	0.160408	0.265347
-1.30204	0.362041	0.253808
-1.26694	0.383673	0.249055
-1.25714	0.232245	0.257018
-1.25551	0.163673	0.257131
-1.20327	-0.00857143	0.257776
-1.25224	0.0473469	0.268822
-1.28653	-0.100408	0.259469
-1.30694	0.044898	0.258922
-1.30286	-0.0861224	0.261047
-1.25796	-0.125306	0.261841
-1.30122	-0.270204	0.25432
-1.25633	-0.232653	0.255612
-1.2702	-0.305714	0.256112
-1.30041	-0.409388	0.241412
-1.31837	-0.357959	0.233576
-1.2898	-0.436327	0.230731
-1.23592	-0.408163	0.239467
-1.27184	-0.282041	0.260271
-1.30286	-0.180408	0.24312
-1.28245	-0.291837	0.240251
-1.23347	-0.0910204	0.253408
-1.2702	-0.197551	0.255827
-1.26857	-0.199592	0.260765
-1.26939	-0.0481633	0.258222
-1.26776	-0.15551	0.26672
-1.25551	-0.117551	0.249459
-1.27918	0.0661224	0.258078
-1.28735	0.235102	0.247604
-1.3102	0.317551	0.255355
-1.21224	0.116327	0.251553
-1.26939	0.237551	0.255427
-1.33469	0.358367	0.240404
-1.29633	0.482449	0.233718
-1.33551	0.531429	0.242449
-1.24327	0.478367	0.231906
-1.26204	0.46	0.231463
-1.28	0.311429	0.245486
-1.26367	0.219592	0.252369
-1.25306	0.117551	0.259241
-1.25306	0.0253061	0.255029
-1.25633	-0.0126531	0.254569
-1.26612	-0.0387755	0.257229
-1.25633	0.0669388	0.266316
-1.28408	0.11551	0.254549
-1.22531	0.122857	0.261796
-1.29061	0.264082	0.262355
-1.27755	0.321224	0.255996
-1.3298	0.357551	0.247904
-1.29306	0.461224	0.242976
-1.23429	0.397959	0.245904
-1.26694	0.476327	0.242535
-1.33796	0.487347	0.236018
-1.27265	0.368571	0.258447
-1.2702	0.40449	0.249029
-1.22122	0.441633	0.250308
-1.30041	0.516735	0.236086
-1.32163	0.476735	0.248037
-1.30531	0.453878	0.243151
-1.30612	0.48	0.23791
-1.24735	0.295918	0.248259
-1.31184	0.281633	0.256733
-1.2849	0.222449	0.246773
-1.26449	0.115918	0.257582
-1.31265	0.367755	0.257916
-1.24082	0.226531	0.262971
-1.21061	0.314286	0.261157
-1.30204	0.361224	0.250843
-1.2498	0.483265	0.247533
-1.30612	0.341633	0.237978
-1.2702	0.318776	0.248927
-1.33633	0.423673	0.253447
-1.25306	0.207347	0.255653
-1.29469	0.278367	0.250931
-1.2849	0.317551	0.264992
-1.27184	0.284898	0.25251
-1.29714	0.117143	0.244422
-1.24327	0.142449	0.259461
-1.25551	0.157551	0.254684
-1.18694	0.202857	0.272978
-1.21306	0.164898	0.26312
-1.27265	0.215102	0.258904
-1.31592	0.368163	0.250761
-1.28	0.268163	0.250153
-1.19347	0.151837	0.25768
-1.27429	0.197959	0.266194
-1.21469	0.0110204	0.261955
-1.20245	0.143673	0.263027
-1.16735	0.0763265	0.267863
-1.17878	0.0163265	0.269839
-1.23102	-0.111429	0.263708
-1.27837	-0.0959184	0.257012
-1.23592	0.181224	0.253553
-1.21551	0.0142857	0.265631
-1.30449	-0.16898	0.253867
-1.26857	-0.267347	0.25021
-1.27102	-0.29102	0.251078
-1.23837	-0.24449	0.249347
-1.27592	0.0285714	0.258276
-1.29633	0.15102	0.256624
-1.3151	0.205714	0.236388
-1.24735	0.0567347	0.25368
-1.27102	0.0310204	0.257435
-1.29551	0.135102	0.260349
-1.25959	0.198776	0.25758
-1.22694	-0.131837	0.274359
-1.28082	0.140816	0.257376
-1.30857	0.00367347	0.249673
-1.23755	0.0461224	0.257188
-1.26449	-0.0673469	0.257094
-1.32571	-0.118367	0.254035
-1.1902	-0.0297959	0.26199
-1.19592	0.0244898	0.261994
-1.30857	-0.0612245	0.268351
-1.26612	-0.202857	0.25948
-1.24735	-0.386531	0.249441
-1.37143	-0.535102	0.249869
-1.30939	-0.522041	0.246514
-1.32816	-0.577143	0.234839
-1.28163	-0.377551	0.232712
-1.29143	-0.394286	0.248908
-1.27347	-0.160816	0.257698
-1.19755	-0.243673	0.256696
-1.22857	-0.257143	0.273651
-1.2498	-0.246122	0.262957
-1.36163	-0.497551	0.242363
-1.27184	-0.399592	0.239996
-1.27184	-0.332245	0.254369
-1.2	-0.182041	0.259959
-1.22449	0.0195918	0.265
-1.31673	0.260408	0.26338
-1.26939	0.208163	0.253857
-1.3102	0.37102	0.259904
-1.18939	0.309388	0.253292
-1.27429	0.0253061	0.263237
-1.26204	-0.00734694	0.266706
-1.17143	-0.123265	0.262963
-1.24163	-0.0538776	0.260506
-1.31837	-0.291429	0.25851
-1.23102	-0.211429	0.249714
-1.38367	-0.500816	0.243745
-1.30531	-0.428163	0.232539
-1.34122	-0.447755	0.246057
-1.30531	-0.441224	0.242784
-1.28	-0.177551	0.256596
-1.26367	0.0587755	0.265165
-1.25143	0.18449	0.26618
-1.24571	0.297551	0.249524
-1.24245	0.193061	0.270322
-1.21306	0.256327	0.26528
-1.21714	0.0779592	0.270198
-1.29224	-0.084898	0.25039
-1.29306	-0.0636735	0.254665
-1.21714	-0.0285714	0.262963
-1.19347	-0.126122	0.269929
-1.26449	-0.210204	0.261927
-1.27918	-0.380408	0.262814
-1.32571	-0.211429	0.249122
-1.23429	-0.183265	0.24801
-1.22367	-0.16	0.259414
-1.30122	-0.188163	0.25408
-1.28	-0.420408	0.254247
-1.30204	-0.482857	0.246782
-1.30204	-0.376735	0.255045
-1.27102	-0.177959	0.24699
-1.33306	-0.290204	0.247847
-1.28571	-0.317551	0.252631
-1.34449	-0.382041	0.248347
-1.24571	-0.306531	0.248643
-1.18531	-0.193469	0.264124
-1.21714	-0.0102041	0.264014
-1.28898	0.015102	0.258045
-1.29388	0.0763265	0.260127
-1.33306	0.149796	0.263306
-1.33714	0.292653	0.240184
-1.33388	0.293878	0.242165
-1.28898	0.248163	0.255135
-1.3151	0.196735	0.247878
-1.27429	0.264898	0.256165
-1.27592	0.0791837	0.274704
-1.24163	0.0644898	0.268539
-1.3102	-0.0269388	0.259992
-1.18204	-0.0289796	0.248937
-1.25143	0.221224	0.27228
-1.29469	0.20898	0.253351
-1.31429	0.00653061	0.258078
-1.23837	-0.0934694	0.265153
-1.26857	-0.0526531	0.260012
-1.25551	-0.119184	0.258896
-1.32082	-0.0836735	0.251104
-1.30041	-0.234286	0.25559
-1.27102	-0.0293878	0.26082
-1.30531	0.163265	0.267114
-1.30449	0.346531	0.25681
-1.29878	0.312653	0.247492
-1.22939	0.312653	0.252053
-1.24898	0.448163	0.251286
-1.24898	0.389388	0.255216
-1.25878	0.462449	0.242443
-1.26204	0.189796	0.263955
-1.22776	0.311837	0.26252
-1.31265	0.190612	0.248798
-1.18776	0.226939	0.255353
-1.20898	0.297551	0.267014
-1.27755	0.185714	0.260045
-1.30857	0.206939	0.259192
-1.26939	0.16449	0.255645
-1.23429	0.321224	0.262265
-1.21878	0.421633	0.258196
-1.30286	0.546939	0.249582
-1.29224	0.54898	0.230537
-1.26612	0.425306	0.243031
-1.26449	0.424082	0.244206
-1.32816	0.380816	0.256302
-1.24571	0.29551	0.253271
-1.24082	0.321224	0.257304
-1.33959	0.38	0.247469
-1.26612	0.290612	0.249729
-1.31347	0.342449	0.254129
-1.25224	0.179184	0.255273
-1.23347	0.242449	0.2639
-1.26449	0.253878	0.255604
-1.24816	0.189388	0.25369
-1.21714	0.064898	0.265104
-1.28898	0.162857	0.264906
-1.21796	0.28898	0.272692
-1.25714	0.117143	0.259773
-1.25388	0.0481633	0.266312
-1.27918	0.197959	0.261378
-1.21469	0.16449	0.258286
-1.28	-0.144082	0.260576
-1.30531	-0.179184	0.253359
-1.31265	-0.432653	0.247533
-1.3298	-0.534286	0.240696
-1.25224	-0.39551	0.241657
-1.2049	-0.163265	0.255239
-1.22531	-0.134286	0.257157
-1.22041	0.0130612	0.266276
-1.20816	0.0044898	0.266549
-1.30041	-0.0693878	0.262537
-1.25143	-0.0208163	0.25899
-1.1698	0.163673	0.26582
-1.25551	0.172245	0.267839
-1.24082	0.346122	0.25831
-1.25551	0.215102	0.25461
-1.30449	0.155102	0.253916
-1.22449	0.0955102	0.26691
-1.29061	0.228571	0.257788
-1.20408	0.084898	0.262212
-1.31347	0.260408	0.260931
-1.29878	0.120816	0.248967
-1.26776	0.117959	0.250292
-1.29469	0.2	0.249047
-1.30776	0.134286	0.244394
-1.26449	0.0510204	0.263159
-1.29469	-0.187347	0.25731
-1.30286	-0.34898	0.252988
-1.25061	-0.257143	0.261267
-1.18531	-0.142041	0.260886
-1.28408	-0.0657143	0.264561
-1.27102	-0.00408163	0.259488
-1.1951	-0.084898	0.255216
-1.19592	0.0832653	0.270131
-1.31837	0.220816	0.253463
-1.31837	0.178776	0.252994
-1.32653	0.344898	0.254859
-1.32082	0.602449	0.239202
-1.33796	0.542041	0.239482
-1.27755	0.533061	0.235486
-1.33633	0.456735	0.251341
-1.25714	0.487755	0.251629
-1.29878	0.447347	0.242386
-1.28898	0.296735	0.253402
-1.29959	0.246531	0.247961
-1.31673	0.382857	0.250612
-1.25306	0.193878	0.260014
-1.27755	0.207755	0.261763
-1.27184	0.268163	0.266176
-1.33633	0.226531	0.251053
-1.26041	0.00612245	0.251241
-1.28735	0.064898	0.253722
-1.26531	0.0106122	0.257647
-1.33714	0.214694	0.245543
-1.31837	0.26	0.237814
-1.25388	0.166531	0.243741
-1.2498	0.0044898	0.25392
-1.2498	-0.0277551	0.252871
-1.26286	-0.0967347	0.278827
-1.22449	-0.133878	0.271639
-1.28571	0.132653	0.257227
-1.20245	0.00122449	0.26609
-1.31755	0.0122449	0.254512
-1.26531	0.0722449	0.261655
-1.22204	-0.0714286	0.256294
-1.29469	-0.267347	0.265306
-1.21959	-0.19551	0.245612
-1.34041	0.0306122	0.259922
-1.22449	-3.24176e-17	0.260733
-1.28163	-0.0567347	0.256349
-1.35429	0.0473469	0.249235
-1.28571	0.244082	0.260424
-1.32	0.392653	0.263845
-1.26041	0.206122	0.255978
-1.27347	0.170204	0.255743
-1.30204	0.166122	0.262461
-1.25796	0.037551	0.264239
-1.28816	0.107347	0.256202
-1.28735	0.143673	0.251949
-1.21878	-0.0118367	0.260541
-1.25388	-0.0322449	0.26342
-1.2351	-0.209796	0.269924
-1.17143	-0.26	0.268998
-1.28571	-0.296327	0.25541
-1.23755	-0.217551	0.258427
-1.28735	-0.105306	0.257749
-1.2351	-0.00408163	0.256433
-1.24082	0.0391837	0.264914
-1.24327	0.213061	0.261682
-1.22286	0.149388	0.254616
-1.30612	0.207755	0.256529
-1.21714	0.229388	0.263386
-1.22122	0.268163	0.275688
-1.28	0.209796	0.266598
-1.23592	0.245714	0.259776
-1.22041	0.0681633	0.271002
-1.28571	0.117143	0.258029
-1.2449	0.106531	0.257224
-1.25878	0.19102	0.25801
-1.24082	0.310612	0.256178
-1.25551	0.314694	0.251073
-1.29143	0.374286	0.246804
-1.26939	0.341633	0.250008
-1.21306	0.356327	0.255102
-1.21551	0.215918	0.26331
-1.25143	0.262041	0.261202
-1.24408	-0.0534694	0.264676
-1.26612	-0.227755	0.263912
-1.30286	-0.110612	0.259386
-1.24816	-0.0432653	0.264312
-1.29224	-0.133878	0.262955
-1.31102	-0.167347	0.265029
-1.23837	-0.172653	0.252063
-1.26694	-0.163673	0.257302
-1.20816	-0.139184	0.258131
-1.27755	-0.102041	0.259263
-1.24	-0.0714286	0.261427
-1.13469	-0.0314286	0.273073
-1.25388	-0.220816	0.258412
-1.23102	-0.15551	0.258571
-1.29878	-0.0359184	0.262516
-1.30041	-0.0991837	0.253512
-1.23102	-0.145714	0.261269
-1.29633	-0.176327	0.264704
-1.2849	-0.244082	0.255886
-1.22041	-0.0832653	0.247531
-1.31347	0.129388	0.261112
-1.17388	0.0897959	0.253063
-1.27918	0.278367	0.257751
-1.25551	0.0102041	0.26701
-1.2098	-0.117551	0.271043
-1.27265	-0.31551	0.267908
-1.24082	-0.191429	0.250812
-1.27265	-0.0567347	0.25511
-1.22939	-0.22	0.261212
-1.22939	-0.0416327	0.258255
-1.24408	0.187347	0.253578
-1.20735	0.13102	0.27122
-1.25714	-0.0628571	0.265353
-1.27102	-0.0897959	0.265514
-1.26857	0.00367347	0.261773
-1.27265	-0.132245	0.260014
-1.24327	-0.310612	0.255324
-1.32327	-0.446939	0.248661
-1.29224	-0.495102	0.242396
-1.33959	-0.562041	0.231922
-1.26694	-0.427755	0.23448
-1.26041	-0.354286	0.250673
-1.23837	-0.263265	0.254341
-1.26204	-0.150612	0.267531
-1.18041	0.00857143	0.264184
-1.28082	-0.26898	0.261657
-1.30939	-0.443673	0.239576
-1.29061	-0.27551	0.238833
-1.27347	-0.223265	0.254898
-1.31755	-0.404898	0.244729
-1.26612	-0.44449	0.25408
-1.27592	-0.330612	0.248394
-1.28245	-0.317143	0.260978
-1.29551	-0.421633	0.252498
-1.26694	-0.365714	0.243757
-1.32653	-0.263265	0.252671
-1.19918	-0.187755	0.261724
-1.30449	-0.256327	0.254608
-1.27837	-0.15102	0.25458
-1.26694	-0.180816	0.254149
-1.25061	-0.193469	0.254622
-1.31184	-0.254694	0.259314
-1.28571	-0.211429	0.242004
-1.33878	0.0342857	0.249094
-1.30204	-0.111837	0.252543
-1.24327	-0.135102	0.241847
-1.28163	-0.301633	0.245649
-1.29551	-0.306939	0.245859
-1.2751	-0.25551	0.24218
-1.22939	-0.197959	0.258018
-1.27184	-0.230204	0.264888
-1.30694	-0.37551	0.252535
-1.27837	-0.242041	0.243847
-1.22449	-0.107755	0.257186
-1.21714	0.0820408	0.258092
-1.2898	0.0240816	0.265906
-1.26204	0.00285714	0.255682
-1.2702	0.00163265	0.256818
-1.24327	0.214694	0.256404
-1.32163	0.387347	0.250908
-1.34612	0.406122	0.243686
-1.22122	0.075102	0.266598
-1.2702	0.00408163	0.261939
-1.2702	-0.0510204	0.25328
-1.27592	-0.114286	0.253982
-1.32816	-0.302857	0.255506
-1.28245	-0.32449	0.245455
-1.28245	-0.266122	0.251463
-1.24408	-0.302041	0.260392
-1.24653	-0.402857	0.256908
-1.23592	-0.178367	0.262792
-1.26531	-0.242041	0.261286
-1.22857	-0.23551	0.256694
-1.29224	-0.263265	0.25831
-1.27592	-0.110612	0.253947
-1.33796	-0.0983673	0.246298
-1.30531	-0.323265	0.246843
-1.2751	-0.106122	0.2546
-1.22612	-0.0318367	0.259371
-1.27429	-0.309388	0.252261
-1.26612	-0.143673	0.253784
-1.33224	0.127755	0.258222
-1.30857	0.21551	0.253345
-1.25551	0.28	0.248273
-1.24245	0.281633	0.263004
-1.22857	0.302857	0.2688
-1.28898	0.447755	0.24928
-1.31347	0.450612	0.237492
-1.26776	0.264898	0.252439
-1.32	0.445714	0.250443
-1.24571	0.309796	0.239422
-1.27265	0.38898	0.258424
-1.30367	0.482857	0.252184
-1.29469	0.506531	0.233469
-1.31837	0.587755	0.233222
-1.23837	0.294694	0.242869
-1.33551	0.387347	0.246353
-1.24735	0.217551	0.255604
-1.30449	0.284898	0.253651
-1.29306	0.300816	0.251957
-1.25388	0.166531	0.254063
-1.28163	0.190612	0.254051
-1.33143	0.0228571	0.245655
-1.32	0.121633	0.243629
-1.28163	0.0742857	0.256192
-1.28082	0.0861224	0.250422
-1.33306	0.279184	0.249263
-1.26204	0.104898	0.254965
-1.15429	0.0253061	0.255153
-1.25714	-0.142857	0.270624
-1.2849	-0.109388	0.260012
-1.32408	0.136327	0.259269
-1.24653	-0.0318367	0.249347
-1.26122	-0.0146939	0.2588
-1.23265	0.0253061	0.260302
-1.26776	0.152245	0.263071
-1.24653	0.217143	0.258688
-1.26204	0.112653	0.257796
-1.27592	0.320816	0.249061
-1.25469	0.277551	0.257449
-1.28408	0.154694	0.257667
-1.25714	0.169796	0.258435
-1.25061	0.244082	0.259784
-1.21796	0.279592	0.262051
-1.30531	0.350612	0.246718
-1.28816	0.445714	0.243263
-1.24816	0.487347	0.252061
-1.35102	0.558776	0.251255
-1.31673	0.55551	0.231082
-1.27918	0.42898	0.234302
-1.22939	0.319184	0.252639
-1.2098	0.322041	0.256271
-1.24	0.38	0.244033
-1.28898	0.410204	0.2594
-1.3551	0.483673	0.242188
-1.30204	0.284082	0.246639
-1.24327	-0.0518367	0.259259
-1.22122	-0.0632653	0.260759
-1.22612	-0.102041	0.256524
-1.24816	-0.399184	0.259988
-1.28816	-0.423265	0.252647
-1.23265	-0.359592	0.243918
-1.29633	-0.406939	0.259645
-1.28816	-0.307347	0.251045
-1.24816	-0.439592	0.253176
-1.21469	-0.103265	0.259976
-1.27347	-0.199184	0.261573
-1.30531	-0.202449	0.257216
-1.18694	-0.204082	0.257531
-1.24735	-0.204898	0.261771
-1.26286	-0.0379592	0.266663
-1.27347	-0.0514286	0.264724
-1.21714	-0.0991837	0.263851
-1.25878	-0.124898	0.256982
-1.32245	0.0281633	0.259569
-1.2898	0.0926531	0.246396
-1.32	0.283265	0.253051
-1.24327	0.273878	0.243582
-1.22286	0.215918	0.263049
-1.24898	0.271837	0.248386
-1.25959	-0.0853061	0.261573
-1.2849	0.103673	0.259186
-1.31184	-0.0106122	0.246771
-1.25796	-0.0938776	0.258984
-1.23918	0.100816	0.253863
-1.27347	0.182857	0.252753
-1.26776	0.0322449	0.247635
-1.26041	0.0379592	0.270298
-1.32163	-0.162041	0.260445
-1.2449	-0.0457143	0.258414
-1.24163	-0.132245	0.250482
-1.28	-0.182857	0.2392
-1.24816	-0.270612	0.248965
-1.30939	-0.18898	0.243506
-1.30857	-0.278367	0.247337
-1.28816	-0.362449	0.262992
-1.22776	-0.229796	0.255329
-1.29143	-0.373061	0.263133
-1.22531	-0.224898	0.260778
-1.24245	0.0995918	0.258092
-1.18612	0.044898	0.255653
-1.21959	0.0885714	0.269835
-1.27673	0.226939	0.249516
-1.25959	0.304082	0.24432
-1.21878	0.057551	0.266445
-1.22612	-0.0816327	0.268635
-1.29959	-0.149388	0.25491
-1.26286	-0.176735	0.251067
-1.25224	-0.372653	0.261971
-1.24571	-0.365306	0.249229
-1.31184	-0.284898	0.250284
-1.26612	-0.364898	0.255314
-1.25959	-0.138776	0.254722
-1.24408	0.00163265	0.256478
-1.34122	-0.0183673	0.250647
-1.25633	0.0138776	0.25319
-1.24082	0.107755	0.263139
-1.2702	0.207755	0.253835
-1.33061	0.0465306	0.252386
-1.24	-0.153469	0.264637
-1.27673	-0.159184	0.254029
-1.27347	-0.0889796	0.256861
-1.25796	-0.0689796	0.248953
-1.27429	0.0861224	0.269731
-1.29061	0.126122	0.258294
-1.30449	0.0612245	0.253708
-1.23429	0.250204	0.260439
-1.22204	0.0971429	0.252537
-1.28082	0.236735	0.247249
-1.30612	0.382449	0.244447
-1.29633	0.360816	0.2503
-1.21714	0.474694	0.24728
-1.35265	0.604898	0.240553
-1.32735	0.513878	0.234337
-1.29551	0.420816	0.236167
-1.35837	0.434286	0.246986
