# nm = 1024 nc = 100 len = 70 extf = 0 beta = 0.454
#energy 	magnetization 	acceptance
-1.50694	0.716735	0.154531
-1.49143	0.75102	0.154522
-1.55673	0.797143	0.153965
-1.56571	0.804898	0.157969
-1.55592	0.772245	0.150649
-1.46041	0.726939	0.151806
-1.58531	0.806939	0.155604
-1.54939	0.813061	0.153214
-1.49143	0.726122	0.153737
-1.54939	0.760816	0.159667
-1.55755	0.785306	0.148653
-1.57469	0.806531	0.160327
-1.52163	0.769388	0.152912
-1.57714	0.785306	0.151598
-1.55102	0.783673	0.152616
-1.53551	0.768163	0.156559
-1.46367	0.703265	0.150414
-1.55184	0.787755	0.147063
-1.49388	0.702041	0.155143
-1.54286	0.76449	0.157153
-1.46776	0.747755	0.153096
-1.50204	0.766531	0.148931
-1.51918	0.757143	0.153467
-1.50776	0.763673	0.151963
-1.5102	0.75102	0.152353
-1.47673	0.72449	0.159414
-1.60327	0.819184	0.144869
-1.64327	0.870204	0.143324
-1.57714	0.835102	0.137963
-1.69796	0.897143	0.133673
-1.50939	0.761224	0.156014
-1.51102	0.76	0.158198
-1.56571	0.813469	0.153606
-1.54367	0.775102	0.150714
-1.53633	0.790612	0.15351
-1.59918	0.817143	0.140198
-1.50367	0.753061	0.147022
-1.4898	0.745714	0.160053
-1.54939	0.79551	0.153698
-1.59184	0.798367	0.147096
-1.52163	0.766531	0.156024
-1.54694	0.803265	0.153506
-1.58449	0.820408	0.14491
-1.58367	0.827755	0.153469
-1.55918	0.795918	0.138559
-1.52	0.756327	0.147247
-1.51918	0.730612	0.162067
-1.55184	0.786122	0.156927
-1.54204	0.747347	0.161035
-1.58776	0.802449	0.164929
-1.49061	0.75551	0.147647
-1.60327	0.849796	0.155088
-1.58857	0.840408	0.144161
-1.51592	0.783265	0.147498
-1.50367	0.746939	0.149545
-1.54286	0.804082	0.156829
-1.52816	0.791429	0.150945
-1.50612	0.743265	0.1548
-1.54776	0.808163	0.15052
-1.50449	0.749388	0.147482
-1.44735	0.628571	0.160155
-1.48735	0.720408	0.165508
-1.55347	0.824082	0.145669
-1.52816	0.800408	0.146482
-1.56327	0.808163	0.147541
-1.56082	0.822041	0.155102
-1.59918	0.821633	0.140194
-1.57224	0.830204	0.152447
-1.55673	0.751429	0.151329
-1.5551	0.777551	0.16431
-1.58531	0.843265	0.145149
-1.56	0.795918	0.149016
-1.56082	0.817143	0.15
-1.55429	0.842449	0.140767
-1.5151	0.793061	0.142484
-1.52735	0.785714	0.149363
-1.47673	0.713469	0.164333
-1.49959	0.723265	0.162849
-1.53388	0.799184	0.154988
-1.54204	0.79102	0.147151
-1.57388	0.833878	0.1495
-1.53714	0.776735	0.153139
-1.54939	0.782449	0.157188
-1.53469	0.798367	0.145863
-1.51184	0.777143	0.151661
-1.53551	0.784082	0.154729
-1.50041	0.714286	0.160071
-1.56245	0.82449	0.150298
-1.52898	0.761224	0.158043
-1.48408	0.704898	0.166057
-1.52327	0.759592	0.159424
-1.54041	0.784082	0.154135
-1.5649	0.82898	0.146184
-1.62122	0.841633	0.138047
-1.56245	0.831837	0.145518
-1.42449	0.623673	0.158057
-1.5249	0.719592	0.178006
-1.49633	0.693061	0.1605
-1.50939	0.748163	0.172451
-1.52653	0.78898	0.150518
-1.50367	0.739592	0.163145
-1.51918	0.803673	0.150549
-1.58122	0.83102	0.143986
-1.56571	0.829388	0.144914
-1.52653	0.758367	0.142114
-1.52082	0.804898	0.147967
-1.57306	0.798776	0.143394
-1.61388	0.846122	0.143849
-1.50857	0.773469	0.161449
-1.50776	0.738367	0.161216
-1.53878	0.782449	0.165273
-1.54041	0.800408	0.154914
-1.57224	0.817959	0.14232
-1.57714	0.823673	0.145939
-1.50694	0.739184	0.15519
-1.61061	0.853061	0.142435
-1.52653	0.798776	0.147027
-1.48245	0.748571	0.146753
-1.52898	0.78898	0.159639
-1.52327	0.733878	0.153835
-1.60082	0.835918	0.151751
-1.58204	0.832653	0.143265
-1.50122	0.767755	0.147153
-1.56163	0.773469	0.159151
-1.57224	0.811837	0.14942
-1.49714	0.723673	0.153796
-1.55592	0.784082	0.160535
-1.53224	0.755918	0.153573
-1.53388	0.74	0.157822
-1.53796	0.786531	0.158212
-1.50041	0.70898	0.159902
-1.53878	0.628571	0.164924
-1.52408	0.607755	0.158994
-1.44408	0.609796	0.16819
-1.49551	0.703265	0.168284
-1.45551	0.631837	0.167708
-1.58122	0.806939	0.162402
-1.5151	0.756735	0.148198
-1.52408	0.773878	0.151963
-1.56571	0.808163	0.153861
-1.63429	0.848163	0.147065
-1.55347	0.808163	0.145416
-1.54204	0.793061	0.145745
-1.50857	0.787347	0.148947
-1.55837	0.797143	0.150033
-1.56327	0.806939	0.142441
-1.50612	0.769796	0.148018
-1.48735	0.753469	0.148082
-1.56571	0.786122	0.146424
-1.49796	0.731429	0.162445
-1.5551	0.782857	0.153392
-1.52	0.777143	0.145849
-1.55184	0.779592	0.153465
-1.5502	0.775102	0.146949
-1.58531	0.815918	0.149894
-1.54612	0.81551	0.146778
-1.61061	0.840816	0.140249
-1.58367	0.82449	0.146449
-1.58449	0.819592	0.145335
-1.57388	0.816327	0.142571
-1.53796	0.797143	0.153018
-1.56816	0.833469	0.140108
-1.5551	0.81102	0.140745
-1.57878	0.797551	0.149092
-1.45714	0.692653	0.149312
-1.53388	0.752653	0.155267
-1.51184	0.771837	0.157618
-1.57551	0.782449	0.153527
-1.53633	0.773878	0.158973
-1.54612	0.805306	0.14939
-1.57959	0.825306	0.1451
-1.53959	0.806531	0.137641
-1.53224	0.745714	0.158161
-1.57796	0.814694	0.151704
-1.53714	0.769388	0.152573
-1.53714	0.768571	0.147763
-1.56	0.819184	0.144824
-1.53306	0.80449	0.142873
-1.54776	0.806122	0.145629
-1.50204	0.756735	0.156929
-1.49633	0.76	0.155751
-1.50286	0.76449	0.145378
-1.5502	0.778776	0.150716
-1.55673	0.796735	0.14929
-1.52082	0.772653	0.146108
-1.55429	0.813469	0.150131
-1.61224	0.842857	0.1434
-1.5698	0.824082	0.148494
-1.56245	0.845306	0.1428
-1.52245	0.765714	0.153194
-1.52082	0.762041	0.164851
-1.51755	0.807347	0.147953
-1.50694	0.745714	0.154251
-1.50367	0.755102	0.152247
-1.59429	0.815102	0.147443
-1.56082	0.81102	0.149188
-1.51429	0.735102	0.149731
-1.49224	0.777959	0.151324
-1.52408	0.782857	0.151188
-1.51429	0.73551	0.158902
-1.5102	0.769388	0.160406
-1.54939	0.764898	0.161786
-1.55592	0.798367	0.150016
-1.54367	0.787755	0.144804
-1.56571	0.807755	0.147578
-1.57959	0.815918	0.149661
-1.58776	0.835102	0.143949
-1.51429	0.786531	0.148871
-1.58857	0.80898	0.147471
-1.57959	0.818367	0.151659
-1.56816	0.817551	0.144718
-1.59673	0.792653	0.149202
-1.53796	0.780408	0.149906
-1.55755	0.787755	0.151331
-1.59755	0.833061	0.14381
-1.51837	0.716735	0.155365
-1.46694	0.647347	0.17118
-1.55837	0.809388	0.161688
-1.5951	0.828163	0.146531
-1.53061	0.781633	0.142731
-1.5951	0.842449	0.148471
-1.53796	0.786939	0.145902
-1.59265	0.81551	0.147302
-1.53306	0.793469	0.143955
-1.52082	0.784082	0.154822
-1.5151	0.772245	0.148998
-1.59592	0.827347	0.154206
-1.57388	0.809796	0.146182
-1.53306	0.778367	0.146553
-1.50531	0.740408	0.154031
-1.55673	0.759592	0.157953
-1.53469	0.77551	0.157459
-1.50122	0.691837	0.154998
-1.52408	0.736327	0.163035
-1.48816	0.747347	0.176255
-1.59592	0.817551	0.150714
-1.47673	0.691837	0.163335
-1.52163	0.731429	0.160773
-1.53388	0.758776	0.149218
-1.54449	0.806531	0.148953
-1.56327	0.829388	0.153024
-1.53959	0.752245	0.151684
-1.51102	0.772245	0.149488
-1.4702	0.696735	0.151671
-1.50694	0.712245	0.153486
-1.50204	0.65551	0.162871
-1.47673	0.692245	0.160224
-1.51592	0.756735	0.158624
-1.54612	0.801633	0.151253
-1.58449	0.825306	0.139722
-1.5502	0.790204	0.144927
-1.56327	0.792245	0.146239
-1.56571	0.793061	0.140588
-1.58122	0.815918	0.148155
-1.53714	0.778776	0.147884
-1.58694	0.813061	0.147465
-1.55755	0.817551	0.147255
-1.56082	0.788163	0.146698
-1.49388	0.726939	0.163424
-1.51755	0.802041	0.140229
-1.50122	0.770204	0.149155
-1.54776	0.794286	0.141876
-1.46694	0.718367	0.155294
-1.47429	0.713878	0.169206
-1.54286	0.73102	0.165294
-1.51673	0.750612	0.157355
-1.61388	0.794694	0.163698
-1.52816	0.793469	0.159871
-1.51837	0.738776	0.15151
-1.54041	0.822041	0.157457
-1.53878	0.757143	0.153602
-1.57061	0.797143	0.152988
-1.55265	0.786122	0.147729
-1.54939	0.727347	0.15551
-1.52327	0.719592	0.164957
-1.54367	0.695918	0.161494
-1.53061	0.72	0.149659
-1.53388	0.745714	0.168239
-1.51673	0.78449	0.16392
-1.47837	0.735102	0.148112
-1.58041	0.805714	0.151276
-1.57388	0.834694	0.143582
-1.57959	0.803673	0.151041
-1.5698	0.804082	0.148765
-1.47184	0.706531	0.154124
-1.49388	0.666122	0.164406
-1.51347	0.75102	0.16169
-1.54694	0.774694	0.153249
-1.49878	0.745306	0.156131
-1.53143	0.76449	0.154561
-1.50531	0.713061	0.161927
-1.57633	0.775918	0.152873
-1.52898	0.758776	0.157955
-1.50122	0.772245	0.155182
-1.60653	0.833469	0.151412
-1.51673	0.777143	0.154339
-1.56816	0.757551	0.161959
-1.49714	0.703673	0.160759
-1.55673	0.787347	0.155737
-1.50367	0.758776	0.163567
-1.58286	0.802857	0.157829
-1.60898	0.843673	0.14722
-1.49224	0.756327	0.148559
-1.50286	0.775918	0.149563
-1.57143	0.822449	0.146229
-1.52163	0.74449	0.151361
-1.62939	0.81102	0.147924
-1.56571	0.817959	0.150924
-1.59755	0.82	0.148492
-1.56327	0.825714	0.145678
-1.57469	0.773878	0.149435
-1.50286	0.75102	0.160037
-1.49959	0.730204	0.159855
-1.49551	0.737959	0.1571
-1.55429	0.815102	0.157284
-1.56	0.784082	0.139453
-1.51347	0.757959	0.155584
-1.56082	0.798776	0.145808
-1.50939	0.682041	0.157796
-1.45878	0.706939	0.169459
-1.55265	0.759184	0.153441
-1.58286	0.823265	0.156092
-1.52163	0.810204	0.148751
-1.5551	0.817959	0.145055
-1.53714	0.75551	0.153896
-1.58939	0.815918	0.149865
-1.47592	0.744898	0.151837
-1.59755	0.82449	0.149957
-1.57633	0.817143	0.146355
-1.49959	0.711837	0.151608
-1.51755	0.73551	0.152706
-1.6351	0.86	0.152284
-1.54531	0.785306	0.144606
-1.55837	0.80898	0.148037
-1.59673	0.851429	0.142592
-1.53061	0.790204	0.143082
-1.55755	0.783265	0.1537
-1.57878	0.834286	0.154586
-1.59673	0.855918	0.137076
-1.57959	0.843673	0.147037
-1.51673	0.759184	0.147035
-1.58449	0.823673	0.154408
-1.55755	0.8	0.145024
-1.54694	0.805714	0.151494
-1.50449	0.775102	0.142912
-1.50041	0.738776	0.155149
-1.51265	0.717551	0.158278
-1.50612	0.61102	0.16332
-1.52653	0.72898	0.164769
-1.50367	0.734286	0.154876
-1.56408	0.79551	0.151747
-1.54531	0.733878	0.155573
-1.53878	0.804082	0.161245
-1.51265	0.694694	0.151122
-1.53714	0.752653	0.163861
-1.57224	0.736327	0.162906
-1.54041	0.794694	0.15432
-1.56653	0.807755	0.149731
-1.59837	0.842449	0.155471
-1.52816	0.805714	0.146673
-1.52735	0.796327	0.145104
-1.52571	0.760408	0.148845
-1.5698	0.762857	0.1564
-1.56898	0.807755	0.162641
-1.52163	0.778367	0.152298
-1.51755	0.782857	0.149022
-1.48	0.67102	0.162131
-1.46449	0.716735	0.164808
-1.56327	0.817551	0.161202
-1.53143	0.80898	0.145141
-1.5151	0.776735	0.153557
-1.52653	0.770612	0.151047
-1.58776	0.818367	0.157643
-1.56	0.804898	0.140455
-1.52571	0.769796	0.152886
-1.51592	0.755102	0.14722
-1.54449	0.793061	0.151435
-1.55592	0.837143	0.149106
-1.5298	0.804082	0.138459
-1.5551	0.809796	0.14629
-1.53878	0.76898	0.152792
-1.55265	0.810204	0.152973
-1.59102	0.811837	0.153698
-1.56163	0.773878	0.157296
-1.53224	0.78449	0.155204
-1.51184	0.786531	0.147039
-1.53714	0.791837	0.148729
-1.60163	0.839592	0.149676
-1.56898	0.793061	0.141865
-1.53388	0.776327	0.148663
-1.48735	0.73551	0.159914
-1.52163	0.782857	0.160743
-1.55429	0.789796	0.143141
-1.5298	0.734694	0.15732
-1.56163	0.74449	0.161894
-1.51918	0.742041	0.15089
-1.53551	0.807755	0.145153
-1.49878	0.797143	0.149114
-1.57714	0.80449	0.143216
-1.53959	0.768163	0.147724
-1.5249	0.779184	0.155173
-1.5902	0.840408	0.144657
-1.54367	0.815918	0.145898
-1.58776	0.796327	0.149453
-1.61388	0.847755	0.14918
-1.54204	0.809388	0.147376
-1.48653	0.722449	0.145292
-1.5698	0.819184	0.1561
-1.58531	0.836735	0.143173
-1.56082	0.812245	0.140661
-1.44327	0.737143	0.151784
-1.55837	0.816327	0.153437
-1.52082	0.776327	0.146351
-1.50122	0.757551	0.157571
-1.58612	0.813878	0.145739
-1.49959	0.78898	0.145414
-1.5698	0.804082	0.141733
-1.57633	0.820816	0.151035
-1.5102	0.753469	0.156541
-1.48245	0.71102	0.158143
-1.53143	0.786531	0.14901
-1.52571	0.752653	0.145688
-1.55429	0.831429	0.14728
-1.57224	0.787755	0.142149
-1.55918	0.81102	0.1597
-1.54857	0.797551	0.152994
-1.56816	0.817143	0.145992
-1.58531	0.817959	0.143698
-1.54449	0.784082	0.146847
-1.55755	0.786531	0.159045
-1.54612	0.774694	0.155002
-1.56	0.799592	0.149251
-1.50041	0.724898	0.15292
-1.51102	0.792653	0.163029
-1.54204	0.771429	0.159114
-1.49224	0.759184	0.160408
-1.54612	0.771429	0.159747
-1.5698	0.802449	0.161522
-1.56	0.792245	0.149561
-1.62286	0.821224	0.154867
-1.53633	0.828163	0.147529
-1.51673	0.792245	0.154682
-1.50449	0.757959	0.149922
-1.55755	0.817959	0.154892
-1.58857	0.83102	0.145298
-1.52163	0.74898	0.155786
-1.5649	0.820408	0.14948
-1.49388	0.736327	0.155049
-1.55918	0.822449	0.150129
-1.54041	0.802857	0.155151
-1.53143	0.788571	0.143357
-1.48163	0.744082	0.154655
-1.45878	0.679592	0.163878
-1.52082	0.749388	0.171194
-1.52735	0.786939	0.1448
-1.54531	0.779592	0.15398
-1.5151	0.762041	0.150227
-1.53469	0.803265	0.149659
-1.58857	0.833469	0.158694
-1.59429	0.823265	0.144541
-1.51673	0.804898	0.149206
-1.52245	0.766122	0.146627
-1.54122	0.787347	0.150535
-1.56327	0.837959	0.138645
-1.52082	0.761224	0.149437
-1.52898	0.769796	0.154178
-1.5951	0.816327	0.146637
-1.49796	0.792653	0.15731
-1.50939	0.72898	0.153959
-1.48163	0.72	0.157984
-1.57224	0.836735	0.146057
-1.46776	0.742449	0.146863
-1.57714	0.800816	0.158994
-1.46776	0.721633	0.153437
-1.61714	0.85102	0.146365
-1.61714	0.845714	0.141692
-1.60735	0.838367	0.142608
-1.59347	0.840408	0.137737
-1.54939	0.78898	0.146567
-1.50531	0.753878	0.13982
-1.50204	0.717143	0.161229
-1.51755	0.734286	0.156253
-1.56653	0.796327	0.156943
-1.50612	0.782041	0.152447
-1.5151	0.790204	0.146118
-1.5698	0.802449	0.140698
-1.57143	0.777143	0.149384
-1.5102	0.727347	0.157437
-1.49306	0.742857	0.156722
-1.54449	0.77102	0.150957
-1.53714	0.789796	0.143894
-1.57143	0.808571	0.149331
-1.54776	0.762449	0.154488
-1.53633	0.774694	0.157935
-1.55347	0.804898	0.144
-1.57306	0.822041	0.145796
-1.53878	0.785306	0.157008
-1.53878	0.801633	0.147498
-1.55592	0.764898	0.158306
-1.5698	0.823673	0.154392
-1.57388	0.830612	0.138296
-1.52163	0.796735	0.146308
-1.56	0.775918	0.1507
-1.54531	0.789796	0.149698
-1.54122	0.794286	0.156627
-1.65388	0.861633	0.147504
-1.5698	0.823265	0.148196
-1.54449	0.787755	0.144961
-1.46367	0.765714	0.151188
-1.54776	0.793061	0.151618
-1.58449	0.824898	0.15162
-1.55755	0.819184	0.149482
-1.60082	0.785714	0.148624
-1.57306	0.79102	0.1537
-1.53959	0.81102	0.148529
-1.59673	0.844082	0.139578
-1.58449	0.831837	0.142845
-1.55592	0.81551	0.151204
-1.53469	0.776735	0.157492
-1.58367	0.773469	0.142657
-1.55918	0.822041	0.152561
-1.53959	0.783673	0.152224
-1.58041	0.82898	0.151696
-1.55102	0.819184	0.140327
-1.5102	0.768163	0.150884
-1.58041	0.810204	0.153439
-1.54122	0.788571	0.1477
-1.61633	0.834694	0.141692
-1.60082	0.804082	0.143773
-1.54612	0.75551	0.158924
-1.52163	0.782041	0.161173
-1.48653	0.670612	0.153533
-1.48163	0.696327	0.164329
-1.54449	0.806122	0.154006
-1.48816	0.757143	0.147171
-1.57061	0.805714	0.150667
-1.56571	0.831429	0.152961
-1.59918	0.833469	0.143276
-1.53061	0.746531	0.15732
-1.62857	0.807347	0.159876
-1.54449	0.77102	0.145586
-1.50367	0.73551	0.1579
-1.54122	0.770612	0.157649
-1.51265	0.762857	0.150933
-1.57224	0.810612	0.153357
-1.52898	0.782041	0.151988
-1.58041	0.793469	0.152229
-1.57714	0.770204	0.155978
-1.5298	0.790612	0.145563
-1.51429	0.76	0.146329
-1.49143	0.736327	0.160951
-1.57306	0.813061	0.150894
-1.57469	0.807755	0.150088
-1.54041	0.761224	0.141245
-1.58367	0.810612	0.158582
-1.54041	0.78	0.1513
-1.53959	0.735918	0.1568
-1.5502	0.797143	0.166714
-1.57143	0.801633	0.156031
-1.54857	0.803673	0.14859
-1.48163	0.74898	0.158192
-1.49878	0.794694	0.156927
-1.52735	0.769388	0.150049
-1.59102	0.840816	0.151994
-1.57143	0.801633	0.146833
-1.57878	0.811429	0.148939
-1.54449	0.813061	0.147592
-1.5502	0.817143	0.138759
-1.53306	0.760816	0.143192
-1.52327	0.749388	0.161633
-1.56082	0.798776	0.150259
-1.57388	0.792245	0.149392
-1.55429	0.804898	0.147435
-1.53143	0.778776	0.151959
-1.5551	0.823265	0.153263
-1.53878	0.730612	0.147386
-1.52816	0.752653	0.163535
-1.51837	0.742041	0.154747
-1.55429	0.772245	0.160698
-1.52735	0.786122	0.154408
-1.53551	0.766122	0.156239
-1.64082	0.858776	0.145802
-1.51265	0.73551	0.152449
-1.5902	0.799592	0.162863
-1.5151	0.760408	0.151927
-1.53061	0.798776	0.156567
-1.54204	0.807755	0.145857
-1.55429	0.80449	0.14878
-1.52163	0.786122	0.147137
-1.58531	0.830612	0.153149
-1.52653	0.786122	0.148843
-1.53143	0.750612	0.151761
-1.55429	0.782449	0.152849
-1.53714	0.773061	0.155022
-1.52653	0.8	0.15211
-1.57714	0.797551	0.146571
-1.56816	0.838776	0.143573
-1.55918	0.798367	0.156218
-1.50857	0.727755	0.15821
-1.54449	0.795918	0.155178
-1.51918	0.794286	0.147306
-1.50939	0.775918	0.150941
-1.54694	0.749388	0.155337
-1.49388	0.66449	0.164139
-1.44245	0.568163	0.167996
-1.45224	0.659184	0.17032
-1.50122	0.718367	0.164039
-1.47184	0.687755	0.170312
-1.52653	0.80449	0.153935
-1.54776	0.772653	0.148151
-1.56735	0.775918	0.148069
-1.53143	0.784898	0.150747
-1.50449	0.726531	0.156263
-1.51918	0.766122	0.157741
-1.53306	0.799592	0.148396
-1.57551	0.83551	0.14702
-1.61061	0.844082	0.139569
-1.43592	0.669388	0.153053
-1.58041	0.836735	0.16309
-1.52816	0.800816	0.149624
-1.51837	0.752245	0.153039
-1.5649	0.790612	0.152661
-1.50857	0.782857	0.153622
-1.53959	0.804082	0.148498
-1.58041	0.831429	0.152614
-1.55429	0.789796	0.141869
-1.46449	0.749388	0.155851
-1.47184	0.673469	0.156192
-1.55755	0.774286	0.160439
-1.52735	0.767755	0.154118
-1.53551	0.796735	0.149729
-1.55673	0.8	0.149482
-1.61061	0.80898	0.14742
-1.46776	0.754694	0.14168
-1.57796	0.812653	0.147012
-1.57224	0.842041	0.142298
-1.53959	0.795102	0.150027
-1.52327	0.799184	0.147335
-1.53796	0.785306	0.144988
-1.52163	0.772653	0.142622
-1.52735	0.76	0.157214
-1.57224	0.815102	0.146863
-1.56571	0.807755	0.135229
-1.54041	0.814286	0.147322
-1.58122	0.793469	0.145978
-1.56653	0.83102	0.144629
-1.53306	0.797959	0.142476
-1.55184	0.812245	0.139692
-1.58122	0.824898	0.142202
-1.54449	0.817143	0.146067
-1.52163	0.775102	0.148137
-1.52327	0.761633	0.152578
-1.63265	0.832245	0.146104
-1.55347	0.778776	0.150439
-1.53143	0.787347	0.151663
-1.55755	0.799184	0.146973
-1.52653	0.753878	0.150933
-1.55755	0.778367	0.158306
-1.52327	0.745306	0.157639
-1.57306	0.792653	0.144763
-1.58041	0.817959	0.146335
-1.56245	0.799592	0.152753
-1.50531	0.751429	0.155649
-1.46204	0.72449	0.153339
-1.52327	0.787755	0.150161
-1.56571	0.820408	0.142461
-1.49633	0.779184	0.1557
-1.51429	0.727347	0.157076
-1.52735	0.794694	0.15052
-1.60898	0.856735	0.150253
-1.56	0.794286	0.144337
-1.55592	0.827755	0.148735
-1.52	0.78449	0.14398
-1.55918	0.802041	0.147447
-1.53551	0.789388	0.154394
-1.58041	0.833469	0.144653
-1.58286	0.819592	0.141384
-1.52816	0.768571	0.15088
-1.51265	0.744082	0.154739
-1.5951	0.818776	0.150553
-1.55184	0.787755	0.15218
-1.45306	0.674694	0.156455
-1.50776	0.720408	0.165743
-1.60653	0.845306	0.151551
-1.53388	0.788163	0.148102
-1.51429	0.788163	0.144547
-1.52327	0.72449	0.145624
-1.49959	0.733061	0.159022
-1.50286	0.723265	0.157971
-1.58122	0.835102	0.160641
-1.56571	0.810204	0.149202
-1.59347	0.821633	0.143029
-1.50612	0.775102	0.141482
-1.54776	0.789796	0.154853
-1.56	0.82	0.150804
-1.54122	0.766531	0.159345
-1.51673	0.752245	0.159598
-1.54612	0.706531	0.164376
-1.55184	0.751429	0.161449
-1.53878	0.809388	0.155914
-1.5698	0.768571	0.151518
-1.54531	0.770612	0.147704
-1.4849	0.686939	0.157524
-1.47429	0.688571	0.165918
-1.61633	0.837551	0.160361
-1.61143	0.819184	0.152565
-1.55265	0.785714	0.138869
-1.5151	0.784082	0.146163
-1.57306	0.799184	0.148316
-1.57061	0.778776	0.149037
-1.54694	0.815918	0.149382
-1.51184	0.794694	0.146527
-1.59592	0.841633	0.154667
-1.4751	0.629388	0.166257
-1.51265	0.658776	0.162102
-1.48816	0.666939	0.174592
-1.51102	0.78449	0.162539
-1.55918	0.773878	0.159567
-1.59347	0.833878	0.153941
-1.49388	0.761633	0.156027
-1.59265	0.830204	0.149343
-1.55673	0.819592	0.147155
-1.52082	0.763673	0.150549
-1.56898	0.799592	0.146343
-1.56245	0.792653	0.1599
-1.54531	0.793061	0.144724
-1.60327	0.835918	0.141271
-1.56082	0.802449	0.144184
-1.53388	0.794694	0.145337
-1.57388	0.813469	0.157396
-1.54694	0.802449	0.151231
-1.53796	0.747755	0.146641
-1.52327	0.774694	0.156359
-1.52571	0.777959	0.152527
-1.5551	0.797959	0.147786
-1.57878	0.823265	0.140853
-1.53878	0.81551	0.145202
-1.50857	0.749796	0.157818
-1.56816	0.822449	0.15238
-1.52735	0.717959	0.155118
-1.50776	0.724082	0.16059
-1.55102	0.821224	0.151469
-1.48653	0.751837	0.154167
-1.56735	0.809796	0.156229
-1.56735	0.790204	0.152922
-1.59673	0.837959	0.142859
-1.56408	0.822449	0.145563
-1.58041	0.829796	0.141437
-1.60163	0.826939	0.144161
-1.60571	0.842449	0.148151
-1.57959	0.83551	0.1429
-1.54286	0.797143	0.15258
-1.58286	0.830204	0.150084
-1.59429	0.81102	0.14761
-1.4898	0.710204	0.163002
-1.44327	0.630204	0.166824
-1.49306	0.757959	0.164055
-1.58286	0.811429	0.154443
-1.55429	0.725306	0.157035
-1.58531	0.811837	0.161727
-1.51102	0.801224	0.142461
-1.51102	0.732653	0.149535
-1.54449	0.795102	0.157978
-1.57061	0.775102	0.152292
-1.6098	0.814286	0.149506
-1.48571	0.717143	0.158265
-1.56735	0.806939	0.152327
-1.58939	0.830204	0.153092
-1.57714	0.829796	0.148124
-1.56163	0.807755	0.1466
-1.55184	0.805714	0.152704
-1.56816	0.810612	0.142359
-1.57551	0.82449	0.153878
-1.56735	0.787347	0.154349
-1.5649	0.820408	0.140671
-1.58286	0.797959	0.145329
-1.52163	0.768163	0.15528
-1.56408	0.823673	0.14411
-1.60082	0.832653	0.138163
-1.55755	0.793878	0.15181
-1.52327	0.799184	0.147945
-1.57388	0.82449	0.142498
-1.5502	0.776327	0.142678
-1.51429	0.802857	0.143173
-1.51102	0.750612	0.149837
-1.54776	0.727755	0.15838
-1.49878	0.68898	0.16532
-1.5102	0.793061	0.155071
-1.54286	0.778367	0.152424
-1.50286	0.72898	0.151276
-1.55592	0.752653	0.159506
-1.53224	0.777551	0.149341
-1.52653	0.78898	0.148718
-1.52245	0.753469	0.148141
-1.55755	0.774694	0.154498
-1.53959	0.778776	0.150249
-1.57388	0.808571	0.146312
-1.49959	0.785306	0.145124
-1.51347	0.786531	0.145573
-1.5502	0.737551	0.161469
-1.53143	0.77102	0.155388
-1.54286	0.787755	0.146153
-1.51429	0.770204	0.151504
-1.54204	0.800408	0.152396
-1.51755	0.770612	0.142557
-1.57959	0.827347	0.151647
-1.54612	0.796327	0.145531
-1.57061	0.810612	0.143365
-1.4849	0.76898	0.154449
-1.53469	0.799184	0.152086
-1.56163	0.801633	0.1416
-1.48245	0.752653	0.144804
-1.59837	0.822041	0.150412
-1.56735	0.833061	0.150435
-1.53306	0.804898	0.14028
-1.53714	0.786531	0.146843
-1.57714	0.802857	0.14602
-1.5649	0.810612	0.147251
-1.51184	0.753061	0.15728
-1.53306	0.761224	0.152927
-1.50449	0.783673	0.150745
-1.53224	0.78	0.149153
-1.47918	0.729388	0.157298
-1.51429	0.737143	0.144635
-1.50612	0.706531	0.155435
-1.53959	0.767347	0.163455
-1.53224	0.770612	0.152147
-1.54694	0.786939	0.150192
-1.52816	0.767347	0.152571
-1.55184	0.799184	0.153824
-1.54122	0.801633	0.145751
-1.52245	0.789388	0.151971
-1.53306	0.775102	0.147345
-1.53633	0.813878	0.147484
-1.57224	0.816735	0.143349
-1.47918	0.671429	0.15642
-1.43837	0.646122	0.1652
-1.57878	0.826122	0.154271
-1.52163	0.765714	0.154
-1.46449	0.742857	0.149551
-1.56571	0.78	0.150435
-1.59592	0.815918	0.153388
-1.60571	0.850204	0.158224
-1.56245	0.805306	0.146265
-1.58857	0.814286	0.149833
-1.52	0.758367	0.154006
-1.47837	0.778367	0.154924
-1.57796	0.800408	0.142914
-1.53388	0.783265	0.149429
-1.48816	0.704898	0.15358
-1.58367	0.805714	0.154492
-1.50449	0.777143	0.154094
-1.55918	0.783673	0.158163
-1.59755	0.842041	0.144443
-1.53959	0.801224	0.15458
-1.52571	0.757959	0.159527
-1.57714	0.811429	0.150627
-1.55102	0.784898	0.150916
-1.52245	0.698776	0.157863
-1.50857	0.724898	0.161833
-1.50531	0.77551	0.151498
-1.48571	0.733469	0.16188
-1.52898	0.762857	0.160347
-1.52327	0.75551	0.14389
-1.50204	0.738367	0.164906
-1.51184	0.686531	0.161757
-1.47755	0.603265	0.170865
-1.51184	0.64898	0.160012
-1.50857	0.73551	0.163273
-1.56163	0.770612	0.156494
-1.46286	0.723673	0.159761
-1.60245	0.830204	0.163855
-1.56571	0.815918	0.139892
-1.62857	0.858776	0.143129
-1.52816	0.803265	0.14991
-1.5902	0.841224	0.143104
-1.60816	0.840816	0.147859
-1.50776	0.762857	0.149239
-1.53061	0.787347	0.154849
-1.55429	0.76898	0.150422
-1.55837	0.794286	0.152253
-1.58041	0.826531	0.145953
-1.55347	0.78	0.148359
-1.49959	0.778367	0.160898
-1.50694	0.752653	0.146839
-1.50776	0.721224	0.165737
-1.56245	0.781224	0.161729
-1.57714	0.833469	0.148784
-1.48735	0.73102	0.148169
-1.5249	0.763673	0.172861
-1.54857	0.782857	0.157251
-1.62857	0.84898	0.147702
-1.56898	0.821633	0.152451
-1.61959	0.84	0.140418
-1.53224	0.79551	0.14672
-1.58939	0.827347	0.147502
-1.48571	0.703673	0.15792
-1.51184	0.758367	0.158633
-1.5698	0.804898	0.151163
-1.54041	0.786531	0.154129
-1.5551	0.8	0.151618
-1.52245	0.788571	0.156437
-1.5249	0.752653	0.153641
-1.48082	0.727755	0.155545
-1.56	0.764082	0.164284
-1.50286	0.642857	0.154594
-1.52653	0.744898	0.158261
-1.54204	0.815102	0.153673
-1.49224	0.76	0.147973
-1.49633	0.764082	0.15
-1.51918	0.727755	0.160357
-1.43837	0.711429	0.161404
-1.53224	0.754286	0.155247
-1.59673	0.822041	0.161269
-1.61551	0.841633	0.142224
-1.51918	0.804898	0.147416
-1.55429	0.802857	0.155329
-1.55673	0.810204	0.150114
-1.51429	0.778776	0.148508
-1.55918	0.822857	0.144555
-1.54286	0.774286	0.146471
-1.57633	0.818367	0.15269
-1.56163	0.825306	0.14519
-1.55347	0.753061	0.157561
-1.55102	0.766122	0.164571
-1.54367	0.739592	0.158696
-1.62041	0.852245	0.146939
-1.50122	0.78449	0.148347
-1.53143	0.762449	0.151457
-1.51429	0.721633	0.153188
-1.6049	0.824082	0.145806
-1.51837	0.770204	0.157771
-1.48245	0.741224	0.154133
-1.56653	0.809388	0.157231
-1.48	0.718776	0.154339
-1.53878	0.714694	0.152041
-1.52	0.730204	0.160171
-1.62694	0.838776	0.1516
-1.50041	0.721633	0.157161
-1.51755	0.73551	0.158004
-1.5551	0.792245	0.162353
-1.54041	0.789796	0.148759
-1.57224	0.814694	0.148096
-1.53878	0.789796	0.145329
-1.54367	0.742857	0.158361
-1.52571	0.782857	0.152273
-1.55347	0.818776	0.140351
-1.5298	0.777959	0.14058
-1.55102	0.812653	0.154859
-1.53551	0.795102	0.1515
-1.5502	0.802857	0.148349
-1.58367	0.840816	0.149133
-1.49551	0.777551	0.143778
-1.56327	0.82	0.156445
-1.61469	0.812653	0.144012
-1.55837	0.788571	0.153255
-1.56408	0.801633	0.157388
-1.49306	0.752653	0.156069
-1.49633	0.76898	0.146045
-1.55184	0.806531	0.161339
-1.52245	0.761633	0.157086
-1.48816	0.746531	0.162235
-1.5502	0.783265	0.157955
-1.53143	0.790204	0.154206
-1.54367	0.787347	0.153594
-1.55429	0.813061	0.155071
-1.52653	0.783265	0.146982
-1.54204	0.809388	0.150053
-1.58857	0.824898	0.151482
-1.53469	0.784898	0.157641
-1.59918	0.843673	0.156037
-1.55837	0.757143	0.147073
-1.49061	0.625306	0.170924
-1.48898	0.673061	0.167741
-1.52082	0.732245	0.1693
-1.5551	0.770612	0.155616
-1.52163	0.747755	0.152898
-1.58939	0.819184	0.149512
-1.61143	0.843265	0.146594
-1.57469	0.792653	0.144049
-1.52735	0.803265	0.145816
-1.56816	0.81102	0.14581
-1.52163	0.785306	0.146112
-1.48735	0.698367	0.160324
-1.58694	0.832653	0.155402
-1.55918	0.799592	0.137896
-1.59592	0.853469	0.156837
-1.55673	0.743265	0.146473
-1.55592	0.749388	0.151696
-1.55755	0.796735	0.156331
-1.54041	0.78449	0.151253
-1.54939	0.809388	0.149537
-1.57551	0.83551	0.14678
-1.5649	0.772245	0.14801
-1.53878	0.811837	0.158912
-1.62531	0.841633	0.147676
-1.55918	0.795918	0.140698
-1.46367	0.690612	0.164669
-1.51347	0.773061	0.161702
-1.54531	0.770204	0.153157
-1.57224	0.835102	0.149492
-1.54367	0.81551	0.149073
-1.57306	0.829388	0.143237
-1.49469	0.697959	0.151151
-1.50939	0.718776	0.172161
-1.55347	0.760816	0.1691
-1.56571	0.820408	0.162833
-1.52245	0.787347	0.148096
-1.61633	0.841633	0.145169
-1.53796	0.82	0.148129
-1.54776	0.788163	0.142318
-1.51592	0.759592	0.153318
-1.56653	0.785306	0.1471
-1.55673	0.795102	0.156461
-1.54857	0.782857	0.15758
-1.53878	0.788163	0.15239
-1.57224	0.834694	0.152396
-1.54776	0.793878	0.144808
-1.52245	0.742041	0.159218
-1.49959	0.796327	0.155953
-1.50286	0.734286	0.14769
-1.6302	0.837551	0.158161
-1.5249	0.79551	0.146537
-1.56735	0.815102	0.150861
