#time [s]
6.1074e-05
2.898e-05
2.9008e-05
2.8986e-05
2.8988e-05
2.8996e-05
2.8984e-05
2.898e-05
2.8995e-05
2.9002e-05
2.9013e-05
2.898e-05
2.9006e-05
2.8999e-05
2.9004e-05
2.8994e-05
2.9027e-05
2.4611e-05
2.2314e-05
2.2309e-05
2.233e-05
2.2307e-05
2.2315e-05
2.2381e-05
2.2427e-05
2.2311e-05
2.2327e-05
2.2329e-05
2.2312e-05
2.2292e-05
2.2299e-05
2.2297e-05
2.2291e-05
2.232e-05
2.2307e-05
2.2308e-05
2.2308e-05
2.2285e-05
2.2297e-05
2.2295e-05
2.2292e-05
2.2301e-05
2.0959e-05
1.932e-05
1.9325e-05
1.9342e-05
1.9348e-05
1.9334e-05
1.9311e-05
1.9305e-05
1.9317e-05
1.9327e-05
1.9359e-05
1.9337e-05
1.9303e-05
1.93e-05
1.932e-05
1.9325e-05
1.9345e-05
1.9328e-05
1.9322e-05
1.9309e-05
1.9329e-05
1.9333e-05
1.9345e-05
1.9347e-05
1.9326e-05
1.932e-05
1.9314e-05
1.9309e-05
1.9336e-05
1.9334e-05
1.9329e-05
1.9315e-05
1.9302e-05
1.9308e-05
1.9349e-05
1.9347e-05
1.9367e-05
1.932e-05
1.9317e-05
1.932e-05
1.9334e-05
1.9331e-05
1.9342e-05
1.9318e-05
1.9309e-05
1.9315e-05
1.9311e-05
1.9336e-05
1.9338e-05
1.9325e-05
1.9334e-05
1.9299e-05
1.9306e-05
1.9333e-05
1.9334e-05
1.9332e-05
1.9308e-05
1.9328e-05
