#time [s]
0.008832711
0.00913353
0.008495948
0.008510847
0.008479831
0.00861012
0.008496944
0.008704161
0.008556638
0.008420118
0.008641242
0.00839826
0.008529944
0.008414454
0.008596887
0.008575236
0.008429491
0.008604315
0.008396806
0.008533247
0.008426232
0.008632356
0.008417629
0.009572893
0.008691293
0.008452274
0.008709529
0.008588543
0.008549354
0.008530118
0.008439123
0.008538855
0.008429229
0.00856486
0.008405689
0.008545116
0.008448644
0.008541488
0.008422958
0.008431666
0.008558161
0.008437838
0.008624912
0.008524219
0.008593747
0.008450808
0.008516184
0.008536987
0.008462061
0.008659421
0.008486846
0.008590439
0.008497964
0.008627522
0.008571842
0.008445743
0.008690262
0.008426399
0.008593377
0.008480178
0.008571727
0.008489138
0.008465199
0.008532303
0.00841422
0.008484101
0.008508134
0.00863692
0.008548492
0.00847033
0.008508454
0.008550878
0.008479257
0.008463463
0.008552848
0.008470473
0.008559565
0.008424704
0.008575711
0.008531182
0.008390647
0.008590094
0.009084149
0.008652668
0.009045527
0.008460524
0.008539795
0.008474492
0.008572276
0.00848251
0.008515698
0.008565834
0.008402642
0.008527723
0.008509475
0.008576524
0.008470977
0.008686191
0.008640388
0.008447933
