#time [s]
0.004654636
0.004118028
0.004145022
0.004533374
0.00412569
0.004179455
0.00417861
0.004219135
0.004126707
0.004110918
0.004283895
0.004128354
0.004122566
0.004171524
0.004394807
0.004117809
0.004115748
0.0041294
0.004199002
0.004128556
0.004132858
0.004241215
0.00413918
0.004112955
0.004163852
0.004250287
0.004103114
0.004142876
0.004122066
0.004308453
0.004116636
0.00415854
0.004104373
0.004385115
0.004157358
0.004162068
0.004990526
0.004131064
0.004151874
0.004162218
0.004263828
0.004105816
0.004124131
0.004118484
0.004232118
0.004144645
0.004167239
0.004236464
0.004208117
0.004099484
0.004179296
0.004173022
0.004124145
0.004139968
0.004123652
0.004296624
0.004099542
0.004168029
0.004129643
0.004250647
0.004102562
0.004135926
0.004089659
0.004277154
0.004104166
0.004139253
0.004119909
0.00434194
0.004121848
0.004101274
0.004230088
0.004205214
0.004175685
0.004124097
0.004341097
0.004158162
0.004152588
0.004193444
0.004270723
0.004200296
0.004165355
0.004159141
0.00420057
0.004166845
0.004146544
0.004268057
0.004223548
0.004133961
0.00414925
0.004148907
0.004172919
0.004125316
0.004119806
0.004288999
0.004130315
0.004118284
0.004140698
0.004245624
0.004120084
0.004137894
