#time [s]
6.8971e-05
7.1358e-05
6.7497e-05
6.7519e-05
7.3088e-05
7.5551e-05
7.6779e-05
7.5007e-05
7.0427e-05
6.883e-05
6.8829e-05
6.8842e-05
6.748e-05
6.7469e-05
6.8834e-05
6.7492e-05
6.884e-05
6.8853e-05
6.8847e-05
6.8849e-05
6.7518e-05
6.8819e-05
6.8836e-05
6.8854e-05
6.8854e-05
6.7521e-05
6.8835e-05
6.7497e-05
6.7735e-05
6.7503e-05
6.8821e-05
6.7521e-05
6.7503e-05
7.4341e-05
7.6112e-05
7.1439e-05
6.8259e-05
6.7918e-05
6.7792e-05
6.7587e-05
6.9891e-05
7.013e-05
6.9952e-05
6.9874e-05
6.958e-05
6.7551e-05
6.7551e-05
6.7548e-05
6.7536e-05
6.7798e-05
6.7519e-05
6.7544e-05
6.7537e-05
6.7552e-05
6.7515e-05
6.7552e-05
6.7804e-05
6.7482e-05
6.7555e-05
6.7564e-05
6.7551e-05
6.7515e-05
7.5523e-05
6.7586e-05
6.7805e-05
6.7862e-05
6.7799e-05
6.7807e-05
6.8349e-05
6.8356e-05
6.7814e-05
6.7769e-05
6.7779e-05
6.7785e-05
6.836e-05
6.7776e-05
6.8324e-05
6.7767e-05
6.7762e-05
6.776e-05
6.7834e-05
6.7774e-05
6.7802e-05
6.8341e-05
7.3871e-05
6.7609e-05
6.7855e-05
6.7784e-05
6.7819e-05
6.778e-05
6.7834e-05
6.7823e-05
6.7783e-05
6.8337e-05
6.7734e-05
6.7772e-05
6.7781e-05
6.7771e-05
6.7791e-05
6.8883e-05
