#time [s]
3.9179e-05
3.9222e-05
3.924e-05
3.917e-05
3.9225e-05
3.9241e-05
3.9213e-05
3.9287e-05
3.9243e-05
3.921e-05
3.9192e-05
3.9225e-05
3.9223e-05
3.9198e-05
3.9197e-05
3.9218e-05
3.9208e-05
3.9197e-05
3.9222e-05
3.9214e-05
3.9212e-05
3.9224e-05
3.9222e-05
3.9217e-05
3.9203e-05
3.9229e-05
3.9211e-05
3.92e-05
3.9209e-05
3.9228e-05
3.9198e-05
3.9195e-05
3.9224e-05
3.921e-05
3.9205e-05
3.9217e-05
3.9219e-05
3.92e-05
3.9212e-05
3.9229e-05
3.9199e-05
3.9186e-05
3.9213e-05
3.921e-05
3.9194e-05
3.9221e-05
3.9239e-05
3.9197e-05
3.9214e-05
3.9227e-05
3.9222e-05
3.9201e-05
3.9206e-05
3.9226e-05
3.9209e-05
3.9186e-05
3.9225e-05
3.9219e-05
4.6074e-05
3.9196e-05
3.922e-05
3.9211e-05
3.9209e-05
3.9209e-05
4.359e-05
3.9206e-05
3.9202e-05
3.9237e-05
4.7411e-05
5.1196e-05
4.0055e-05
4.0295e-05
3.922e-05
3.9215e-05
3.9207e-05
3.9205e-05
3.9199e-05
3.9226e-05
3.924e-05
3.9204e-05
3.9186e-05
3.9218e-05
3.9235e-05
3.9194e-05
3.9224e-05
3.9218e-05
3.9204e-05
3.9199e-05
3.9215e-05
3.9216e-05
3.9195e-05
3.9228e-05
3.923e-05
3.919e-05
3.9217e-05
3.9227e-05
4.7148e-05
3.9193e-05
3.9189e-05
3.9216e-05
