#time [s]
0.000207358
0.000199063
0.00019889
0.000198846
0.000198933
0.000199108
0.000199002
0.000198885
0.000360808
0.000355661
0.000288305
0.000247759
0.000200725
0.00019878
0.00019896
0.000198917
0.000198935
0.000198978
0.00019893
0.000198833
0.000198923
0.000198959
0.000198979
0.000198906
0.000198928
0.000198893
0.000198895
0.000198983
0.000198868
0.000198932
0.000198925
0.000199014
0.000198989
0.000198929
0.000198951
0.00019898
0.000199066
0.000198939
0.000208639
0.000210464
0.000199284
0.000199006
0.000199138
0.000198999
0.00019899
0.000199036
0.000199017
0.000199045
0.000199115
0.000199045
0.000208285
0.000199066
0.00019905
0.000198885
0.000201267
0.000199114
0.000199041
0.000199017
0.00019913
0.000199024
0.000198986
0.000199033
0.000199121
0.000198838
0.000199023
0.000199031
0.000199042
0.000199015
0.000198828
0.000198909
0.000207867
0.00020189
0.000199019
0.000198991
0.000199028
0.000209834
0.000206045
0.000396443
0.000249689
0.000218134
0.000202577
0.000199053
0.000199027
0.000199012
0.00019908
0.000199089
0.000198798
0.000199164
0.000198837
0.000199026
0.000198985
0.000209929
0.000200155
0.000199033
0.00020061
0.000199478
0.000199064
0.000198973
0.000198988
0.000199125
