#time [s]
1.2918e-05
1.2868e-05
1.3141e-05
1.2811e-05
1.2829e-05
1.2812e-05
1.2835e-05
1.3085e-05
1.2818e-05
1.2806e-05
1.2808e-05
1.3079e-05
1.2819e-05
1.2779e-05
1.281e-05
1.2797e-05
1.2798e-05
1.2803e-05
1.2782e-05
1.281e-05
1.4402e-05
1.3268e-05
1.3215e-05
1.3258e-05
1.3231e-05
1.3436e-05
1.323e-05
1.3245e-05
1.3238e-05
1.322e-05
1.3253e-05
1.3411e-05
1.3264e-05
1.3234e-05
1.3246e-05
1.3227e-05
1.3238e-05
1.3242e-05
1.3228e-05
1.3262e-05
1.3232e-05
1.329e-05
1.3224e-05
1.2998e-05
1.2791e-05
1.2815e-05
1.2814e-05
1.2807e-05
1.2789e-05
1.2806e-05
1.2798e-05
1.2783e-05
1.2818e-05
1.2786e-05
1.2845e-05
1.2779e-05
1.2826e-05
1.2792e-05
1.2823e-05
1.2796e-05
1.2808e-05
1.2781e-05
1.2802e-05
1.2818e-05
1.2802e-05
1.2804e-05
1.2793e-05
1.2825e-05
1.2783e-05
1.2815e-05
1.279e-05
1.2826e-05
1.2783e-05
1.2813e-05
1.2791e-05
1.2814e-05
1.2801e-05
1.2807e-05
1.2801e-05
1.2806e-05
1.2808e-05
1.28e-05
1.2813e-05
1.2785e-05
1.2818e-05
1.2783e-05
1.281e-05
1.2785e-05
1.281e-05
1.2776e-05
1.2818e-05
1.2784e-05
1.281e-05
1.2797e-05
1.2798e-05
1.2808e-05
1.2796e-05
1.2808e-05
1.2786e-05
1.2809e-05
