#time [s]
4.5351e-05
4.5322e-05
4.5275e-05
4.5304e-05
4.5232e-05
4.5252e-05
4.5262e-05
4.5246e-05
4.5267e-05
4.5248e-05
4.5278e-05
4.5264e-05
4.5236e-05
4.5262e-05
4.5233e-05
4.5233e-05
4.5252e-05
4.5234e-05
6.0216e-05
4.5352e-05
4.5288e-05
4.5288e-05
4.5291e-05
4.5247e-05
4.5271e-05
4.5265e-05
4.5235e-05
4.5275e-05
4.526e-05
4.5252e-05
4.5252e-05
4.5237e-05
4.5277e-05
4.5249e-05
4.5266e-05
4.5254e-05
4.5247e-05
4.5271e-05
4.5228e-05
4.5257e-05
4.5261e-05
4.5229e-05
4.5263e-05
4.5236e-05
4.5265e-05
4.5258e-05
4.5224e-05
4.5272e-05
4.5244e-05
4.5263e-05
4.527e-05
4.5236e-05
4.5269e-05
4.524e-05
4.525e-05
4.5274e-05
4.5235e-05
4.5284e-05
4.525e-05
4.5254e-05
4.5257e-05
4.5229e-05
4.5268e-05
4.5246e-05
4.5254e-05
4.5274e-05
4.5223e-05
4.5269e-05
0.000122799
0.000112468
7.1613e-05
6.4654e-05
6.3443e-05
6.1966e-05
6.1721e-05
6.1701e-05
6.1721e-05
6.1707e-05
6.1701e-05
6.1699e-05
5.6189e-05
4.8505e-05
4.8475e-05
4.8475e-05
4.8502e-05
4.8492e-05
4.8458e-05
4.8486e-05
4.8024e-05
4.5226e-05
4.5267e-05
4.5256e-05
4.5246e-05
4.5278e-05
4.524e-05
4.5256e-05
5.2029e-05
4.5336e-05
4.5279e-05
4.5304e-05
