#time [s]
0.002655467
0.002918246
0.002639157
0.002663544
0.002785594
0.002647319
0.002650345
0.003159816
0.002649079
0.002641684
0.002743118
0.002637395
0.002689574
0.002661719
0.0026549
0.002654207
0.002772556
0.002687444
0.002657023
0.002651296
0.002640119
0.002655819
0.002804337
0.002655119
0.002935213
0.002974081
0.002910102
0.00268764
0.003179741
0.003209578
0.003000377
0.002911173
0.002925588
0.003073726
0.003347631
0.002737591
0.00265035
0.002664022
0.002650206
0.002864721
0.002633396
0.002667908
0.002649346
0.002629629
0.002657088
0.002806807
0.002628684
0.002651927
0.002647873
0.002655742
0.00264404
0.002795396
0.002648515
0.002642564
0.002648093
0.002662463
0.002637371
0.002741053
0.002635247
0.002652867
0.002648064
0.002665931
0.002659547
0.002866796
0.002773639
0.002636596
0.002676147
0.002633183
0.002669649
0.002709121
0.00266388
0.00264865
0.002665094
0.002654734
0.002638154
0.002650069
0.002708212
0.002667155
0.002632327
0.002655202
0.002674577
0.00263
0.002778058
0.002644055
0.002715575
0.002648538
0.00263745
0.002695048
0.002698733
0.002674087
0.002641136
0.002670349
0.002644808
0.002651155
0.002669814
0.002681507
0.002653333
0.002642932
0.002668112
0.0026423
