#time [s]
1.127e-06
9.37e-07
8.67e-07
8.56e-07
8.57e-07
8.54e-07
8.54e-07
8.54e-07
8.71e-07
8.68e-07
8.68e-07
8.67e-07
8.7e-07
8.7e-07
8.69e-07
8.7e-07
8.71e-07
8.67e-07
8.68e-07
8.68e-07
8.67e-07
8.66e-07
8.7e-07
8.71e-07
8.71e-07
8.71e-07
8.72e-07
8.7e-07
8.68e-07
8.72e-07
8.73e-07
8.67e-07
8.72e-07
8.67e-07
8.7e-07
8.69e-07
8.69e-07
8.7e-07
8.68e-07
8.69e-07
8.68e-07
8.69e-07
8.69e-07
8.68e-07
8.72e-07
8.68e-07
8.69e-07
8.71e-07
8.72e-07
8.73e-07
8.72e-07
8.72e-07
8.72e-07
8.73e-07
8.72e-07
8.72e-07
8.7e-07
8.68e-07
8.72e-07
8.68e-07
8.69e-07
8.71e-07
8.7e-07
8.7e-07
8.68e-07
8.7e-07
8.69e-07
8.68e-07
8.69e-07
8.68e-07
8.69e-07
8.69e-07
8.72e-07
8.71e-07
8.72e-07
8.73e-07
8.72e-07
8.73e-07
8.73e-07
8.74e-07
8.72e-07
8.69e-07
8.71e-07
8.7e-07
8.7e-07
8.68e-07
8.7e-07
8.7e-07
8.68e-07
8.68e-07
8.7e-07
8.69e-07
8.69e-07
8.68e-07
8.71e-07
8.69e-07
8.71e-07
8.7e-07
8.7e-07
8.69e-07
