#time [s]
0.000253021
0.000327731
0.000207052
0.000190842
0.000165542
0.000165338
0.000176417
0.000164993
0.000166623
0.000165735
0.000167423
0.000165242
0.000164778
0.000164521
0.000164254
0.000163355
0.000165069
0.000165276
0.000163262
0.000163244
0.000163572
0.000163741
0.000165379
0.000164427
0.000163594
0.000179708
0.000165659
0.000166731
0.000164517
0.000165413
0.000165518
0.000164142
0.000173999
0.000163465
0.000163704
0.000163477
0.00016653
0.000163606
0.00018275
0.000163722
0.000164003
0.000181736
0.000164066
0.000182773
0.000181128
0.000174441
0.000183702
0.000164765
0.00018429
0.000164817
0.000187741
0.000163635
0.000165273
0.000165031
0.000184738
0.000165232
0.000186508
0.000163063
0.000163314
0.00016307
0.000336648
0.000238577
0.000206507
0.000188925
0.000168953
0.000205054
0.000201694
0.000168617
0.000168637
0.000168619
0.000163141
0.000163117
0.000163042
0.000163054
0.000175649
0.00016352
0.000163861
0.000167092
0.000163443
0.000163808
0.000163801
0.000163739
0.000174906
0.000163071
0.000163214
0.000164161
0.000165025
0.000163374
0.000205056
0.000184994
0.000183418
0.000184335
0.000183431
0.000185522
0.000184603
0.000182003
0.000184305
0.000181749
0.000228449
0.000184387
