#time [s]
1.461e-06
1.423e-06
1.384e-06
1.37e-06
1.362e-06
1.353e-06
1.356e-06
1.355e-06
1.351e-06
1.353e-06
1.355e-06
1.349e-06
1.35e-06
1.347e-06
1.345e-06
1.342e-06
1.347e-06
1.344e-06
1.343e-06
1.344e-06
1.344e-06
1.344e-06
1.346e-06
1.347e-06
1.347e-06
1.356e-06
1.347e-06
1.352e-06
1.349e-06
1.344e-06
1.346e-06
1.343e-06
1.348e-06
1.342e-06
1.344e-06
1.342e-06
1.345e-06
1.34e-06
1.343e-06
1.344e-06
1.343e-06
1.341e-06
1.346e-06
1.344e-06
1.348e-06
1.344e-06
1.349e-06
1.345e-06
1.347e-06
1.345e-06
1.347e-06
1.344e-06
1.345e-06
1.342e-06
1.346e-06
1.341e-06
1.341e-06
1.346e-06
1.341e-06
1.341e-06
1.342e-06
1.343e-06
1.343e-06
1.343e-06
1.347e-06
1.345e-06
1.346e-06
1.346e-06
1.346e-06
1.344e-06
1.349e-06
1.343e-06
1.344e-06
1.343e-06
1.343e-06
1.341e-06
1.342e-06
1.34e-06
1.344e-06
1.34e-06
1.343e-06
1.342e-06
1.344e-06
1.349e-06
1.348e-06
1.345e-06
1.347e-06
1.346e-06
1.347e-06
1.347e-06
1.345e-06
1.344e-06
1.346e-06
1.342e-06
1.343e-06
1.355e-06
1.344e-06
1.342e-06
1.342e-06
1.341e-06
