#time [s]
0.001058002
0.000900949
0.000912311
0.000905475
0.00087083
0.000855888
0.00088322
0.000847063
0.000849548
0.000844389
0.000844219
0.000845939
0.00084627
0.000858669
0.001016415
0.000862607
0.000863284
0.000875622
0.000845937
0.000845429
0.000844534
0.000871587
0.000873998
0.000934722
0.000933413
0.000937816
0.000857821
0.000847238
0.000871505
0.000844994
0.000955323
0.00098836
0.000961146
0.00090283
0.000868472
0.000872981
0.000867429
0.000866766
0.000844796
0.000884167
0.000844623
0.000861131
0.000847226
0.000844138
0.000844428
0.000894332
0.000844838
0.000844199
0.0008535
0.000850145
0.000876464
0.000844216
0.000911403
0.000940731
0.000870379
0.000846702
0.000844353
0.000844273
0.000846429
0.000862306
0.000849599
0.000920052
0.000844697
0.000872258
0.000891736
0.000892864
0.000888235
0.000845033
0.000848867
0.000851568
0.000844621
0.000844132
0.000854448
0.000861946
0.000949396
0.000913764
0.000890115
0.000860895
0.000874531
0.00084638
0.000921289
0.000896059
0.000916975
0.000844419
0.000858766
0.000847887
0.000877334
0.000844944
0.000955072
0.000919535
0.000895072
0.00093131
0.000966592
0.000960139
0.001027382
0.000976814
0.000897954
0.000848936
0.000861847
0.000848843
