#time [s]
0.000214095
0.00020782
0.000207574
0.000207358
0.000206853
0.000207654
0.000207814
0.000207429
0.000206948
0.00021013
0.000222213
0.0002078
0.00020937
0.000207747
0.000207284
0.000232882
0.000206383
0.000206698
0.000207322
0.000209492
0.000230618
0.000206506
0.000228954
0.000228751
0.000207401
0.000207212
0.000228582
0.000206808
0.000206724
0.000228001
0.00020725
0.000207096
0.000217777
0.000206439
0.000206403
0.000229611
0.000206504
0.000206745
0.000206507
0.000206624
0.000215579
0.00020649
0.000220493
0.000486352
0.00031607
0.000217446
0.000206756
0.000253419
0.000209186
0.000242515
0.000206399
0.000217451
0.000206358
0.000206374
0.000234678
0.000206386
0.000210628
0.000228632
0.000206362
0.000228288
0.000206347
0.000206383
0.000228182
0.000206385
0.000228581
0.000244417
0.000206389
0.000206404
0.000228561
0.000206378
0.000228731
0.000208753
0.000206379
0.000206376
0.00020638
0.000206398
0.000206386
0.000206389
0.000206385
0.000206374
0.000240935
0.000206393
0.000206387
0.000206377
0.000206392
0.000206393
0.000206363
0.000206393
0.00020642
0.000208525
0.000206405
0.00020638
0.000206366
0.000206407
0.000208797
0.000218262
0.000229223
0.000360035
0.000510675
0.000428732
