#time [s]
0.000332487
0.000289651
0.000285188
0.000465777
0.000414385
0.000369022
0.000291773
0.000321152
0.000321071
0.000285444
0.000285116
0.000319125
0.000285176
0.000293593
0.000285423
0.000290828
0.000285212
0.000284674
0.000286855
0.000284694
0.000284768
0.000291506
0.000285211
0.000284848
0.000300129
0.000285901
0.000285772
0.000287946
0.000286352
0.000295479
0.000288069
0.000286891
0.000289957
0.000287861
0.00028673
0.000296853
0.00028747
0.000287515
0.000292513
0.000286827
0.000289111
0.000287865
0.00029733
0.000285954
0.000286044
0.000312389
0.000316269
0.000311711
0.000435571
0.000357643
0.000285114
0.000733047
0.000345624
0.000307885
0.000293865
0.000285379
0.000285334
0.000285155
0.000285104
0.000286895
0.000285652
0.00028539
0.000287425
0.000286087
0.000286179
0.000288552
0.000301438
0.00028789
0.000288754
0.000289781
0.000286499
0.000293391
0.000286731
0.000286221
0.000286435
0.000288121
0.000290032
0.000297057
0.000289443
0.000288465
0.000286565
0.000286292
0.000289691
0.000286328
0.000286101
0.000285946
0.000288141
0.0002869
0.000311934
0.000294005
0.000285279
0.000285326
0.000285369
0.000285134
0.000286939
0.000313765
0.000313406
0.000318951
0.000285339
0.000285261
