#time [s]
0.002011349
0.002032385
0.002006055
0.002022422
0.002017048
0.002196468
0.002329049
0.002011237
0.002011379
0.002070333
0.002029584
0.002018687
0.002013318
0.002584041
0.002190226
0.00200436
0.002026706
0.002015609
0.002048516
0.002003862
0.002036096
0.002192648
0.002043973
0.002003128
0.002031545
0.002019182
0.002018779
0.002070997
0.002003121
0.002104408
0.002004469
0.002032537
0.002025273
0.002013439
0.002007658
0.002045006
0.0021185
0.002013959
0.002009122
0.002026956
0.002020127
0.002031725
0.002022693
0.002031599
0.002160038
0.002041989
0.002004095
0.002025633
0.002015282
0.002041783
0.002017169
0.002077599
0.002030286
0.002017708
0.002030363
0.002016442
0.002007267
0.002041542
0.002018336
0.002103567
0.002029275
0.002013709
0.002022812
0.002050196
0.002018113
0.00201318
0.0020128
0.002055726
0.002069459
0.002004214
0.002027317
0.002029908
0.00201825
0.00200425
0.002017488
0.00209107
0.002047165
0.002041229
0.002016271
0.002012586
0.002030356
0.002015242
0.002027501
0.003038017
0.002020383
0.002012394
0.002038258
0.002007913
0.002031808
0.002013195
0.002735985
0.002027827
0.002010088
0.002011109
0.002040025
0.002008164
0.00201131
0.002022082
0.002034318
0.002013062
