#time [s]
2.6197e-05
2.6152e-05
2.6113e-05
2.6115e-05
2.63e-05
2.6267e-05
2.604e-05
2.627e-05
2.6069e-05
2.6068e-05
2.6068e-05
2.6053e-05
2.6075e-05
2.606e-05
2.6255e-05
2.6181e-05
2.6098e-05
2.6246e-05
2.6067e-05
2.6059e-05
2.606e-05
2.6084e-05
2.6027e-05
2.6062e-05
2.6064e-05
2.607e-05
2.609e-05
2.6079e-05
2.6068e-05
2.6071e-05
2.6064e-05
2.6045e-05
2.6024e-05
2.6046e-05
2.6069e-05
2.6051e-05
2.6057e-05
2.6047e-05
2.6071e-05
2.6053e-05
2.61e-05
2.606e-05
2.6051e-05
2.606e-05
2.6066e-05
2.6064e-05
2.606e-05
2.6066e-05
2.6093e-05
2.6062e-05
2.6056e-05
2.6042e-05
2.606e-05
2.6065e-05
2.6078e-05
2.6056e-05
2.6045e-05
2.6069e-05
2.604e-05
2.6041e-05
2.6063e-05
2.6044e-05
2.6081e-05
2.6061e-05
2.6075e-05
2.6085e-05
2.6057e-05
2.6082e-05
2.6033e-05
2.6067e-05
2.6051e-05
2.6075e-05
2.6025e-05
2.6071e-05
2.6056e-05
2.607e-05
2.6071e-05
2.6073e-05
2.6074e-05
2.6058e-05
3.6458e-05
2.6161e-05
2.6312e-05
2.6094e-05
2.6081e-05
2.6283e-05
3.1283e-05
3.1308e-05
3.1521e-05
3.1536e-05
3.1515e-05
3.1521e-05
3.1501e-05
3.1988e-05
3.1507e-05
3.1535e-05
3.1528e-05
3.1523e-05
3.4698e-05
3.4286e-05
