#time [s]
3.5814e-05
3.5793e-05
3.5716e-05
3.5684e-05
3.5691e-05
3.5706e-05
3.5704e-05
3.5688e-05
3.5685e-05
3.5698e-05
3.5679e-05
3.5681e-05
3.5715e-05
3.5725e-05
3.5693e-05
3.5683e-05
3.5697e-05
3.5709e-05
3.5723e-05
3.5683e-05
3.5691e-05
3.5695e-05
3.5697e-05
3.5687e-05
3.5702e-05
3.5703e-05
3.5686e-05
3.569e-05
3.5707e-05
3.5688e-05
3.5677e-05
3.5693e-05
3.5695e-05
3.5683e-05
3.5698e-05
3.5702e-05
3.5705e-05
3.5701e-05
3.5676e-05
3.5701e-05
3.5693e-05
3.5699e-05
3.5696e-05
3.5702e-05
3.5691e-05
3.5674e-05
3.5693e-05
3.5691e-05
3.5693e-05
3.5679e-05
3.5689e-05
3.5699e-05
3.5692e-05
3.5687e-05
3.5693e-05
3.5686e-05
3.5683e-05
3.5682e-05
3.5703e-05
3.5681e-05
3.5693e-05
3.5685e-05
3.5696e-05
3.5699e-05
3.5684e-05
3.5679e-05
3.5691e-05
3.5699e-05
3.5672e-05
3.5694e-05
3.5709e-05
3.5682e-05
3.568e-05
3.569e-05
3.5699e-05
3.5686e-05
3.5691e-05
3.5692e-05
3.57e-05
3.5692e-05
3.5694e-05
3.5698e-05
3.5697e-05
3.5685e-05
3.5699e-05
3.5699e-05
3.5689e-05
3.5674e-05
3.5694e-05
3.5714e-05
3.569e-05
3.5679e-05
3.5696e-05
3.5697e-05
3.5702e-05
3.57e-05
3.5704e-05
3.5688e-05
3.5688e-05
3.5682e-05
