#time [s]
1.693e-06
1.697e-06
1.626e-06
1.616e-06
1.622e-06
1.617e-06
1.615e-06
1.62e-06
1.607e-06
1.614e-06
1.61e-06
1.609e-06
1.608e-06
1.61e-06
1.609e-06
1.607e-06
1.607e-06
1.611e-06
1.611e-06
1.608e-06
1.81e-06
1.609e-06
1.611e-06
1.609e-06
1.612e-06
1.609e-06
1.606e-06
1.607e-06
1.605e-06
1.608e-06
1.608e-06
1.61e-06
1.608e-06
1.608e-06
1.612e-06
1.612e-06
1.614e-06
1.613e-06
1.612e-06
1.612e-06
1.61e-06
1.61e-06
1.609e-06
1.607e-06
1.606e-06
1.608e-06
1.608e-06
1.604e-06
1.616e-06
1.612e-06
1.611e-06
1.612e-06
1.613e-06
1.611e-06
1.613e-06
1.611e-06
1.606e-06
1.609e-06
1.608e-06
1.608e-06
1.606e-06
1.607e-06
1.606e-06
1.606e-06
1.61e-06
1.612e-06
1.611e-06
1.61e-06
1.614e-06
1.612e-06
1.616e-06
1.61e-06
1.609e-06
1.609e-06
1.605e-06
1.603e-06
1.603e-06
1.607e-06
1.607e-06
1.607e-06
1.61e-06
1.611e-06
1.611e-06
1.614e-06
1.611e-06
1.611e-06
1.611e-06
1.609e-06
1.608e-06
1.61e-06
1.609e-06
1.607e-06
1.605e-06
1.607e-06
1.608e-06
1.608e-06
1.61e-06
1.61e-06
1.613e-06
1.611e-06
