#time [s]
2.3878e-05
2.3837e-05
2.3824e-05
2.3771e-05
2.3758e-05
2.3779e-05
2.3758e-05
3.0487e-05
2.3867e-05
2.3819e-05
2.3812e-05
2.3785e-05
2.3744e-05
2.5746e-05
2.6379e-05
2.639e-05
2.6603e-05
2.6389e-05
2.6627e-05
2.6418e-05
3.7738e-05
3.2586e-05
2.6973e-05
2.7624e-05
2.6653e-05
2.6448e-05
2.651e-05
2.6422e-05
2.6427e-05
2.6388e-05
2.6391e-05
2.6405e-05
2.6402e-05
2.6408e-05
2.6393e-05
2.6391e-05
2.6397e-05
2.6415e-05
2.6417e-05
2.6401e-05
2.6197e-05
2.3778e-05
2.3772e-05
2.3764e-05
2.3776e-05
2.3749e-05
2.3759e-05
2.3828e-05
2.3757e-05
2.3751e-05
2.3773e-05
2.3782e-05
2.3796e-05
2.3781e-05
2.3786e-05
2.3752e-05
2.3789e-05
2.3774e-05
2.3772e-05
2.3777e-05
2.377e-05
2.3773e-05
2.377e-05
2.3785e-05
2.3778e-05
2.3784e-05
2.3766e-05
2.3844e-05
2.3756e-05
2.3754e-05
2.3753e-05
2.3833e-05
2.3749e-05
2.3853e-05
2.3786e-05
2.3768e-05
2.3762e-05
2.3762e-05
2.3754e-05
2.376e-05
2.375e-05
2.376e-05
2.3748e-05
2.3762e-05
2.3783e-05
2.3797e-05
2.3764e-05
3.2354e-05
2.3877e-05
2.3835e-05
2.3828e-05
2.3824e-05
2.38e-05
2.3776e-05
2.3853e-05
2.3752e-05
2.3742e-05
2.3763e-05
2.3756e-05
2.3749e-05
