#time [s]
0.000235264
0.000223374
0.000222075
0.000222423
0.000222661
0.000222234
0.000222313
0.000224238
0.000224537
0.000222681
0.00022229
0.000226435
0.000221987
0.000223273
0.000222951
0.000239298
0.000223605
0.000222564
0.000223126
0.000223158
0.000223265
0.00022294
0.000225143
0.000222995
0.000222914
0.000223821
0.000223101
0.000222995
0.000248442
0.000222327
0.000241433
0.000222428
0.000222506
0.000222477
0.000222809
0.000222642
0.000224844
0.000222535
0.000222195
0.000221775
0.000285136
0.000283038
0.000252028
0.000228037
0.000221773
0.0002315
0.000221847
0.000221869
0.000222104
0.000292281
0.000225937
0.000224842
0.00022642
0.000225493
0.000255702
0.000222746
0.000222805
0.000222544
0.000222486
0.000222299
0.00023114
0.000222847
0.00024493
0.000231199
0.000222581
0.000221684
0.000221761
0.000222913
0.000221932
0.00022162
0.000223506
0.000221984
0.000221864
0.00022236
0.000224594
0.000236324
0.000223176
0.000225822
0.000223136
0.000222874
0.00022276
0.000224942
0.000223776
0.000223452
0.000225832
0.000251193
0.000222187
0.000230943
0.000249918
0.000221594
0.000232713
0.00022179
0.00022181
0.000221782
0.000221415
0.0002215
0.000223399
0.000503205
0.000305861
0.0002553
