#time [s]
0.000147659
0.00014747
0.000147423
0.000147467
0.000147396
0.000147328
0.000147392
0.000147341
0.000147381
0.000147379
0.000147364
0.000147404
0.000147397
0.000147398
0.000161798
0.000147504
0.000147404
0.000147416
0.000147384
0.000147395
0.00014743
0.000147376
0.000147397
0.000147373
0.0001474
0.000147375
0.000147391
0.000147358
0.000147374
0.000147381
0.000147332
0.000147368
0.000147371
0.000147361
0.000147381
0.000147383
0.000147365
0.000147375
0.000147398
0.000153568
0.000147368
0.000153914
0.000147477
0.000147421
0.000147377
0.000147358
0.000147404
0.000147394
0.000147376
0.000147382
0.000147388
0.000147415
0.000147365
0.000147368
0.000147375
0.000147383
0.000321868
0.000197872
0.000192241
0.000175327
0.000157914
0.000157949
0.000150624
0.000147377
0.000147381
0.000147375
0.000154218
0.000147478
0.00014744
0.000147386
0.000147407
0.000147353
0.000147361
0.000180078
0.000147506
0.000147399
0.000147375
0.000147393
0.000147415
0.000147386
0.000147379
0.000147364
0.000147385
0.000155359
0.000147462
0.000147419
0.00014744
0.0001474
0.000147413
0.000147365
0.000147363
0.000147387
0.000147405
0.000147376
0.000153438
0.0001475
0.000147393
0.000147393
0.000151472
0.000147387
