#time [s]
2.909e-06
2.909e-06
2.825e-06
2.818e-06
2.79e-06
2.808e-06
2.8e-06
2.809e-06
2.812e-06
2.801e-06
2.808e-06
2.821e-06
2.821e-06
2.809e-06
2.808e-06
2.817e-06
2.802e-06
2.814e-06
2.804e-06
2.819e-06
2.808e-06
2.85e-06
2.824e-06
2.82e-06
2.796e-06
2.816e-06
2.823e-06
2.813e-06
2.815e-06
2.798e-06
2.821e-06
3.987e-06
2.737e-06
2.736e-06
2.724e-06
2.721e-06
2.72e-06
2.72e-06
2.722e-06
2.734e-06
2.736e-06
2.729e-06
2.729e-06
2.727e-06
2.724e-06
2.722e-06
2.7e-06
2.725e-06
2.723e-06
2.714e-06
2.729e-06
2.73e-06
2.729e-06
2.726e-06
2.724e-06
2.722e-06
2.711e-06
2.719e-06
2.722e-06
2.725e-06
2.728e-06
2.729e-06
2.729e-06
2.728e-06
2.725e-06
2.722e-06
2.72e-06
2.72e-06
2.721e-06
2.724e-06
2.727e-06
2.728e-06
2.729e-06
2.727e-06
2.725e-06
2.722e-06
2.719e-06
2.72e-06
2.703e-06
2.725e-06
2.727e-06
2.73e-06
2.729e-06
2.735e-06
2.733e-06
2.732e-06
2.729e-06
2.728e-06
2.707e-06
2.725e-06
2.736e-06
2.728e-06
2.739e-06
2.728e-06
2.725e-06
2.722e-06
2.729e-06
2.729e-06
2.731e-06
2.723e-06
