#time [s]
0.000316174
0.000293683
0.000403158
0.000370593
0.000334424
0.000263704
0.000263345
0.000598323
0.000449012
0.000393953
0.000280045
0.000263685
0.000261339
0.000261356
0.000261368
0.000261501
0.000263273
0.000261381
0.000298014
0.000261418
0.000270412
0.000261399
0.000261327
0.000261366
0.000263722
0.000261392
0.000261363
0.000285285
0.000286758
0.000283432
0.000283789
0.000284009
0.00026142
0.000261367
0.000365015
0.000264515
0.000261483
0.000261393
0.000261382
0.000261427
0.000261387
0.000273454
0.000261451
0.000261422
0.000263414
0.000261333
0.000261378
0.00026134
0.000273737
0.00033008
0.000487565
0.000483517
0.000290468
0.000282587
0.000315132
0.000261419
0.000261401
0.000261393
0.000283804
0.000283075
0.000282725
0.000283995
0.000261545
0.000261351
0.000261413
0.000282404
0.000261421
0.000261375
0.000261408
0.000261429
0.000263688
0.00026136
0.000261366
0.000270782
0.00026143
0.00026144
0.000261448
0.000261448
0.000261433
0.000261411
0.000263397
0.000261446
0.000261354
0.000261369
0.000261388
0.000261374
0.000261429
0.000275855
0.000308605
0.000285231
0.00028563
0.000261375
0.000304186
0.000261419
0.000261436
0.000261356
0.000261447
0.0002695
0.000261407
0.000261389
