#time [s]
8.805e-05
7.9578e-05
8.531e-05
8.5249e-05
8.5274e-05
8.5276e-05
8.5308e-05
8.5271e-05
9.0727e-05
7.9621e-05
7.955e-05
7.9605e-05
7.9585e-05
7.9598e-05
7.958e-05
7.9608e-05
7.9565e-05
7.9575e-05
7.9579e-05
7.9583e-05
7.9575e-05
7.9604e-05
7.9592e-05
7.9569e-05
7.9607e-05
7.9558e-05
7.9593e-05
7.9554e-05
7.9606e-05
7.9571e-05
7.9613e-05
8.7329e-05
7.9561e-05
7.959e-05
7.9584e-05
7.9594e-05
7.9577e-05
7.959e-05
7.957e-05
7.9578e-05
7.9581e-05
7.9573e-05
7.9609e-05
7.9596e-05
7.9593e-05
7.958e-05
7.9613e-05
7.9564e-05
7.9591e-05
7.9565e-05
7.9584e-05
7.9608e-05
7.9576e-05
7.9601e-05
7.957e-05
7.9594e-05
7.9577e-05
7.9617e-05
7.9588e-05
7.9608e-05
7.9577e-05
7.96e-05
7.9564e-05
7.9574e-05
7.9577e-05
7.96e-05
7.9607e-05
7.9893e-05
7.9687e-05
7.958e-05
7.9806e-05
7.9569e-05
8.606e-05
7.9586e-05
8.9465e-05
9.1801e-05
9.1954e-05
9.1835e-05
9.1837e-05
9.1838e-05
9.1825e-05
9.1793e-05
9.2785e-05
8.2352e-05
8.2326e-05
8.2318e-05
8.167e-05
7.9565e-05
7.9588e-05
7.9597e-05
7.9583e-05
7.9595e-05
8.0016e-05
7.9624e-05
7.958e-05
7.9635e-05
7.9552e-05
7.9625e-05
7.9568e-05
8.4223e-05
