#time [s]
0.001441789
0.001407319
0.001659317
0.001447825
0.001418284
0.001409116
0.001458411
0.001444911
0.001710122
0.001474393
0.001410523
0.001419924
0.001482161
0.001433349
0.00146565
0.001407816
0.001412942
0.001441425
0.00149108
0.001571156
0.001434429
0.001411062
0.001427676
0.00154214
0.001566852
0.001504474
0.001594018
0.001470101
0.001446696
0.001416808
0.001432987
0.001404918
0.001489814
0.001404502
0.001581253
0.001420592
0.001470092
0.00141101
0.001542407
0.00141239
0.001422734
0.001413033
0.001474436
0.001493844
0.00151271
0.001405061
0.00141489
0.001413756
0.00144875
0.001408203
0.001997332
0.001426181
0.001411631
0.00141085
0.00147548
0.001448854
0.001478622
0.001479644
0.001411444
0.001413161
0.001444905
0.001406624
0.001458759
0.001412904
0.001425952
0.001416929
0.001416405
0.001437044
0.001482789
0.001409167
0.001502775
0.001416545
0.001432363
0.001456392
0.001460176
0.001417705
0.001415156
0.001427717
0.001426353
0.00143415
0.001451161
0.001415316
0.001407482
0.001609052
0.001420683
0.001444822
0.001416446
0.0014104
0.001412731
0.001420396
0.001416027
0.001433271
0.001412211
0.001424057
0.001532374
0.00140981
0.001416654
0.001438024
0.001456237
0.001417313
