#time [s]
9.5729e-05
9.567e-05
9.989e-05
9.5594e-05
9.5597e-05
9.5559e-05
9.5576e-05
9.5635e-05
9.558e-05
9.5624e-05
9.5537e-05
9.555e-05
9.5595e-05
9.5665e-05
9.561e-05
9.5605e-05
9.5623e-05
9.566e-05
9.567e-05
9.5568e-05
9.5629e-05
9.5579e-05
9.5576e-05
9.5578e-05
9.5601e-05
0.000102364
9.576e-05
9.5627e-05
9.5631e-05
9.5662e-05
9.5642e-05
9.5553e-05
9.5638e-05
9.5542e-05
9.562e-05
9.5633e-05
9.5606e-05
9.5675e-05
9.5628e-05
9.5613e-05
9.5616e-05
9.5638e-05
9.559e-05
9.5621e-05
9.5653e-05
9.562e-05
9.5628e-05
9.5586e-05
9.5684e-05
9.5645e-05
9.5634e-05
9.5639e-05
9.5624e-05
9.5606e-05
9.5643e-05
9.5557e-05
9.565e-05
9.5618e-05
9.5614e-05
9.5606e-05
9.5572e-05
9.5657e-05
9.5656e-05
9.5613e-05
9.5641e-05
9.5586e-05
9.564e-05
9.5635e-05
0.000101953
9.5703e-05
9.5682e-05
9.5636e-05
9.5605e-05
9.5559e-05
9.5663e-05
9.5569e-05
9.5611e-05
9.5575e-05
9.5617e-05
0.000104362
0.000112872
0.000135482
0.000105036
0.000105243
0.000102511
0.000102522
9.5676e-05
9.5601e-05
9.5704e-05
9.5634e-05
9.564e-05
9.7006e-05
9.5707e-05
9.5728e-05
9.5614e-05
9.5654e-05
9.5573e-05
9.5608e-05
0.000106224
0.00010274
