#time [s]
1.6364e-05
1.6295e-05
1.6268e-05
1.6275e-05
1.6227e-05
1.6653e-05
1.6638e-05
1.6603e-05
1.6637e-05
1.6652e-05
1.6629e-05
1.6634e-05
1.6646e-05
1.6632e-05
1.6615e-05
1.6652e-05
1.6644e-05
1.6375e-05
1.6633e-05
1.6569e-05
1.6663e-05
1.6252e-05
1.6277e-05
1.6257e-05
1.6252e-05
1.666e-05
1.6436e-05
1.6613e-05
1.6637e-05
1.6643e-05
1.6615e-05
1.6639e-05
1.6651e-05
1.6632e-05
1.6262e-05
1.6661e-05
1.6612e-05
1.663e-05
1.6649e-05
1.6626e-05
1.6621e-05
1.6659e-05
1.6636e-05
1.6627e-05
1.6658e-05
1.6649e-05
1.6624e-05
1.6651e-05
1.666e-05
1.6619e-05
1.6626e-05
1.6276e-05
1.6615e-05
1.6629e-05
1.6649e-05
1.6622e-05
1.6627e-05
1.6648e-05
1.6626e-05
1.6616e-05
1.6648e-05
1.6637e-05
1.6612e-05
1.6646e-05
1.6638e-05
1.6619e-05
1.6642e-05
1.6648e-05
1.6641e-05
1.6638e-05
1.6646e-05
1.661e-05
1.6632e-05
1.6658e-05
1.6622e-05
1.6617e-05
1.665e-05
1.6635e-05
1.6607e-05
1.6654e-05
1.6646e-05
1.6615e-05
1.6643e-05
1.6647e-05
1.6615e-05
1.6634e-05
1.6652e-05
1.6627e-05
1.6623e-05
1.6646e-05
1.6618e-05
1.6618e-05
1.6652e-05
1.664e-05
1.6629e-05
1.6653e-05
1.6632e-05
1.6626e-05
1.6654e-05
1.6637e-05
