#time [s]
0.003381905
0.003238857
0.003241022
0.003453887
0.003224159
0.00342378
0.003244312
0.00370837
0.0032366
0.003329432
0.003266785
0.003242306
0.003306233
0.003229563
0.003311381
0.003304753
0.003216844
0.003352928
0.003245316
0.003332975
0.003287696
0.00326538
0.003241794
0.003297067
0.003325839
0.003248385
0.0032754
0.003234377
0.003270453
0.003384531
0.003225858
0.003307291
0.003242607
0.00322216
0.003361036
0.003224412
0.0032459
0.003260707
0.003220053
0.003351729
0.00324301
0.003239573
0.003262969
0.003252482
0.003367454
0.003259727
0.003245164
0.003244411
0.003267737
0.003346388
0.003225464
0.003275938
0.003234367
0.00332662
0.003253587
0.003219597
0.003250657
0.003262968
0.00332827
0.003312892
0.003237323
0.003237625
0.003262119
0.003350449
0.003266533
0.003266896
0.003233386
0.003253868
0.003348107
0.003239785
0.003267365
0.003252316
0.003249107
0.003372247
0.003224174
0.003264828
0.003264728
0.003214842
0.003280814
0.003238876
0.003274257
0.003279843
0.003302505
0.003243963
0.003253436
0.00325322
0.003266013
0.003302894
0.003253277
0.00327957
0.003258299
0.003236957
0.003297771
0.003285295
0.003575276
0.004186278
0.003952647
0.003863337
0.003883087
0.003436997
