#time [s]
0.000463822
0.000413312
0.000412036
0.000411785
0.000411661
0.000412307
0.000412196
0.000416332
0.000413013
0.000430355
0.000414495
0.000415841
0.000414209
0.000421954
0.000413666
0.000430676
0.000414395
0.000425807
0.000414336
0.00041394
0.00045783
0.000468242
0.000421252
0.000411829
0.000411747
0.000411944
0.000423051
0.000412825
0.000414309
0.000413327
0.000492516
0.000412279
0.00041541
0.000412158
0.000418145
0.000420517
0.000412298
0.000412391
0.000414144
0.000413058
0.000412959
0.000413896
0.000417087
0.000415615
0.000417569
0.000414044
0.00041402
0.000413903
0.000415712
0.00041471
0.000411734
0.000411602
0.000448065
0.000413918
0.000690397
0.00048436
0.000412194
0.000412137
0.000412047
0.000411927
0.000423122
0.000412958
0.000487229
0.00041262
0.000433396
0.000443121
0.000412634
0.000412229
0.000412403
0.000420365
0.000414242
0.0004366
0.000412292
0.000418351
0.000412333
0.000412033
0.00041393
0.000412526
0.000427749
0.000413767
0.000415081
0.000417844
0.000416112
0.000417904
0.000413286
0.000437005
0.000412032
0.000412853
0.000412326
0.000412037
0.000413768
0.000434551
0.000411741
0.000418258
0.000412314
0.000412115
0.000424937
0.000459295
0.000412262
0.00041219
