#time [s]
3.14e-07
3.19e-07
3.15e-07
3.19e-07
3.15e-07
3.14e-07
3.15e-07
3.14e-07
3.14e-07
3.15e-07
3.14e-07
3.14e-07
3.16e-07
3.13e-07
3.16e-07
3.13e-07
3.15e-07
3.14e-07
3.14e-07
3.14e-07
3.15e-07
3.14e-07
3.13e-07
3.15e-07
3.14e-07
3.13e-07
3.16e-07
3.13e-07
3.13e-07
3.14e-07
3.15e-07
3.14e-07
3.15e-07
3.14e-07
3.14e-07
3.15e-07
3.15e-07
3.14e-07
3.16e-07
3.15e-07
3.14e-07
3.15e-07
3.16e-07
3.16e-07
3.12e-07
3.17e-07
3.16e-07
3.17e-07
3.14e-07
3.15e-07
3.13e-07
3.16e-07
3.13e-07
3.17e-07
3.16e-07
3.17e-07
3.16e-07
3.16e-07
3.15e-07
3.16e-07
3.15e-07
3.17e-07
3.14e-07
3.16e-07
3.13e-07
3.17e-07
3.14e-07
3.16e-07
3.16e-07
3.17e-07
3.15e-07
3.16e-07
3.13e-07
3.15e-07
3.13e-07
3.16e-07
3.13e-07
3.16e-07
3.14e-07
3.15e-07
3.14e-07
3.15e-07
3.13e-07
3.15e-07
3.15e-07
3.15e-07
3.15e-07
3.16e-07
3.14e-07
3.16e-07
3.14e-07
3.14e-07
3.16e-07
3.16e-07
3.13e-07
3.13e-07
3.14e-07
3.14e-07
3.15e-07
3.13e-07
