#time [s]
0.014855383
0.014058666
0.014025905
0.013962844
0.014070146
0.014190648
0.014124842
0.014331674
0.014181606
0.014291073
0.01407757
0.013946869
0.014017235
0.014198966
0.014155904
0.014275107
0.014212194
0.014095759
0.014119662
0.013976748
0.014120472
0.014103088
0.014122981
0.014238564
0.01426489
0.014150094
0.014242676
0.013951723
0.013979211
0.014165304
0.014070114
0.014141903
0.01415462
0.014086656
0.013978535
0.01411402
0.01414542
0.014033732
0.01414371
0.014050964
0.014101222
0.01406667
0.016128654
0.014345934
0.014122017
0.014106768
0.014279521
0.01446271
0.014219395
0.014004246
0.01396044
0.014116462
0.014140317
0.014217008
0.014176398
0.014775161
0.01411054
0.014098947
0.013975244
0.014243453
0.01410422
0.01435117
0.014570684
0.014167897
0.014472473
0.01443046
0.014050663
0.01397006
0.014024655
0.014118969
0.014169902
0.014252822
0.014231737
0.014075827
0.013977119
0.014198993
0.014047113
0.014142481
0.014034668
0.014150463
0.014236664
0.014176577
0.014028472
0.013957468
0.014073594
0.014186422
0.014116662
0.014182387
0.014710495
0.014065836
0.013927841
0.0141723
0.014096725
0.014122852
0.014157008
0.014256468
0.013973718
0.014010905
0.014011817
0.014050982
