#time [s]
0.000600129
0.00072123
0.000795689
0.000558701
0.000552453
0.00054581
0.000546003
0.000557252
0.000834222
0.000869637
0.000596228
0.000582677
0.000596308
0.000546249
0.000547122
0.000546831
0.000548063
0.000551873
0.000572756
0.000560986
0.000547224
0.000546117
0.00054957
0.000548111
0.000547356
0.000547558
0.000563098
0.000547275
0.000959916
0.000574386
0.00054738
0.000547076
0.000545951
0.00058161
0.000606578
0.000570522
0.000581423
0.00054611
0.000545891
0.000554687
0.000550012
0.000553761
0.000556459
0.000545977
0.000545977
0.000548005
0.000560285
0.000550001
0.000547351
0.00057632
0.000599215
0.000556972
0.000546043
0.000555085
0.000548246
0.00054634
0.000559042
0.000549244
0.000548239
0.000550168
0.000558124
0.001024861
0.000806258
0.00058092
0.000568113
0.000545985
0.000546305
0.000546017
0.000548159
0.000546605
0.000548635
0.000556662
0.000562769
0.000550481
0.000548226
0.000572975
0.000545979
0.000545779
0.000547822
0.000587442
0.000546213
0.000546026
0.000546088
0.000547994
0.00054624
0.000549618
0.00056352
0.000584772
0.000603122
0.000548593
0.000600739
0.000568991
0.000568499
0.00055489
0.000546139
0.000567415
0.000546115
0.000546009
0.000545957
0.000547865
