#time [s]
0.002900062
0.002588008
0.002510938
0.002473195
0.00243902
0.002483673
0.002825115
0.002707963
0.002555015
0.002532178
0.002449897
0.002556561
0.002447338
0.002505894
0.002495895
0.002472286
0.00298333
0.002776337
0.002432009
0.002485002
0.002631988
0.002470483
0.002650629
0.002623214
0.002513568
0.002656822
0.002512709
0.002695945
0.002530171
0.002543158
0.002664593
0.002605728
0.002635936
0.002440764
0.002433953
0.00285288
0.002671961
0.002571102
0.002772852
0.002522756
0.002507461
0.002486021
0.002545132
0.002615841
0.002533095
0.002508626
0.002535929
0.002441502
0.002507403
0.002548137
0.002458956
0.002427754
0.002453075
0.00245991
0.002552095
0.002500304
0.002449701
0.002606887
0.002464263
0.002559461
0.002529466
0.002498616
0.002465958
0.002545275
0.002494459
0.002619765
0.002514242
0.002448872
0.00253621
0.002509882
0.002452694
0.00245685
0.002564206
0.002509219
0.002505223
0.002502499
0.002488023
0.002615548
0.002490027
0.002454368
0.002514977
0.002577944
0.002471627
0.00256567
0.002549551
0.002703367
0.00246193
0.00246549
0.002580384
0.002495006
0.002511654
0.002723429
0.002784714
0.002495727
0.00293427
0.002625605
0.002507552
0.002544786
0.002555967
0.003817924
