#time [s]
0.000248372
0.000245952
0.000245896
0.000245984
0.000245969
0.000245825
0.000251857
0.000245984
0.000245895
0.000245838
0.000245919
0.000245865
0.000245867
0.000245987
0.000246007
0.00024577
0.000245894
0.000245898
0.00024585
0.000245989
0.000245923
0.0002458
0.00024592
0.000253963
0.000246127
0.000245977
0.000245966
0.000245975
0.000245898
0.000245841
0.000245887
0.000246348
0.000268923
0.000368587
0.000312039
0.000252038
0.000245869
0.000245828
0.000245853
0.000252531
0.000245999
0.00024597
0.00024586
0.000245903
0.000245774
0.000245902
0.000245919
0.000245837
0.000245955
0.000245871
0.000245833
0.000246028
0.000245887
0.000245842
0.000245919
0.000245872
0.000252345
0.000246063
0.000245966
0.00025575
0.000245918
0.000245972
0.000245818
0.000245949
0.000245905
0.000245941
0.000245968
0.000276278
0.000245976
0.000245974
0.000245955
0.000245869
0.000257108
0.000245969
0.000245969
0.000245912
0.000245876
0.000245803
0.0002458
0.000245958
0.000245881
0.000246027
0.000245924
0.000246032
0.000245855
0.000245967
0.000245925
0.000245939
0.000245831
0.000253778
0.000245955
0.000245893
0.00024591
0.000245944
0.000245788
0.000578233
0.000307445
0.000307431
0.000254411
0.000249493
