#time [s]
0.000208801
0.000184565
0.000175083
0.000176682
0.000177114
0.000176376
0.000188137
0.000241884
0.000220976
0.000180831
0.000182815
0.000173582
0.000173717
0.00017353
0.000173599
0.000207047
0.000174279
0.000174472
0.000174039
0.00017298
0.000174001
0.000184478
0.000174124
0.000175202
0.000174403
0.000173873
0.000174719
0.000177357
0.000173658
0.000174164
0.000174243
0.000172914
0.000174159
0.000173499
0.000173236
0.000182867
0.000197489
0.000202536
0.000175213
0.000173727
0.000176836
0.00017758
0.000177837
0.000177412
0.000177401
0.000178267
0.000175091
0.000176529
0.000178723
0.000176141
0.000176544
0.000175143
0.000176191
0.000174537
0.000175424
0.00017688
0.000176144
0.000178197
0.00017455
0.000174879
0.000177988
0.000174464
0.00017518
0.000173543
0.000436736
0.000261025
0.000208617
0.000185187
0.00017325
0.000173251
0.000173311
0.000173578
0.000172887
0.000173617
0.000172813
0.000173232
0.000181984
0.000175298
0.000197999
0.000178
0.000174546
0.000173834
0.000206604
0.000230032
0.00027893
0.000200358
0.000173587
0.000205924
0.000173578
0.000173753
0.00017416
0.000172926
0.000173035
0.000186722
0.000196336
0.000184917
0.000173291
0.000175934
0.000173056
0.000172909
