#time [s]
4.995e-06
4.932e-06
4.894e-06
4.843e-06
4.837e-06
4.822e-06
4.818e-06
4.834e-06
4.832e-06
4.827e-06
4.815e-06
4.818e-06
4.825e-06
4.838e-06
4.826e-06
4.819e-06
4.818e-06
4.816e-06
4.834e-06
4.829e-06
4.828e-06
4.817e-06
4.822e-06
4.833e-06
4.83e-06
4.82e-06
4.814e-06
4.815e-06
4.828e-06
4.837e-06
4.829e-06
4.819e-06
4.819e-06
4.828e-06
4.831e-06
4.828e-06
4.815e-06
4.815e-06
4.822e-06
4.834e-06
4.834e-06
4.829e-06
4.838e-06
4.83e-06
4.827e-06
4.841e-06
4.828e-06
4.827e-06
4.817e-06
5.021e-06
4.839e-06
4.83e-06
4.825e-06
4.833e-06
4.826e-06
4.836e-06
4.854e-06
4.821e-06
4.816e-06
4.819e-06
4.828e-06
4.857e-06
4.824e-06
4.902e-06
4.817e-06
4.831e-06
4.835e-06
4.827e-06
4.822e-06
4.839e-06
4.827e-06
4.834e-06
4.827e-06
4.81e-06
4.815e-06
5.021e-06
4.835e-06
4.823e-06
4.819e-06
4.818e-06
4.841e-06
4.837e-06
4.834e-06
4.832e-06
4.814e-06
4.826e-06
4.834e-06
4.841e-06
4.829e-06
5.01e-06
4.807e-06
4.829e-06
4.835e-06
4.822e-06
4.822e-06
4.814e-06
4.825e-06
4.83e-06
4.829e-06
4.847e-06
