# nm = 1024 nc = 100 len = 50 extf = 0 beta = 0.49
#energy 	magnetization 	acceptance
-1.7552	0.9032	0.0885
-1.704	0.8888	0.083888
-1.6992	0.8976	0.095844
-1.7168	0.9096	0.095596
-1.6752	0.8896	0.090412
-1.7264	0.9088	0.088688
-1.7136	0.896	0.090032
-1.7248	0.9016	0.09406
-1.6768	0.8736	0.089244
-1.7216	0.8768	0.0892
-1.7168	0.908	0.091276
-1.7504	0.9128	0.082496
-1.7088	0.8928	0.0967
-1.7616	0.9	0.089524
-1.7312	0.9064	0.09468
-1.7232	0.9112	0.083536
-1.7232	0.9048	0.087848
-1.6832	0.888	0.089116
-1.7408	0.9088	0.085632
-1.6512	0.8576	0.09188
-1.6832	0.8688	0.085632
-1.7248	0.9	0.090524
-1.7152	0.8824	0.0972
-1.6784	0.8904	0.083776
-1.7616	0.92	0.088268
-1.728	0.9096	0.089092
-1.7296	0.8992	0.088468
-1.7248	0.9056	0.090264
-1.7424	0.9128	0.087932
-1.7104	0.8944	0.084532
-1.7008	0.8896	0.093496
-1.7232	0.8872	0.085948
-1.7296	0.9176	0.090032
-1.7168	0.8672	0.089748
-1.728	0.9128	0.087964
-1.7184	0.904	0.091444
-1.6288	0.8512	0.095736
-1.752	0.9096	0.092572
-1.7216	0.9016	0.08752
-1.6656	0.8688	0.086244
-1.7296	0.9112	0.089028
-1.7232	0.9072	0.085892
-1.6992	0.892	0.089188
-1.5968	0.8072	0.088688
-1.6592	0.8544	0.09342
-1.6736	0.8792	0.092004
-1.752	0.9112	0.092072
-1.776	0.9256	0.090616
-1.6544	0.8648	0.08936
-1.7184	0.9096	0.093512
-1.7136	0.9072	0.091044
-1.6624	0.8632	0.101172
-1.704	0.888	0.08902
-1.7536	0.9176	0.089852
-1.7712	0.9272	0.086168
-1.72	0.8936	0.087392
-1.752	0.916	0.085688
-1.7584	0.9208	0.085824
-1.736	0.9048	0.09168
-1.736	0.9176	0.091352
-1.6704	0.8776	0.088328
-1.7184	0.8976	0.097204
-1.7696	0.92	0.08888
-1.6832	0.8824	0.091564
-1.6624	0.8568	0.08884
-1.7136	0.8992	0.09698
-1.8048	0.9424	0.086392
-1.7312	0.9152	0.0878
-1.7248	0.8808	0.094308
-1.664	0.868	0.09796
-1.672	0.8792	0.096944
-1.752	0.9256	0.088472
-1.7328	0.8896	0.083948
-1.7056	0.8968	0.089796
-1.7392	0.9024	0.091836
-1.7424	0.9112	0.089916
-1.7264	0.9128	0.096096
-1.696	0.8984	0.08968
-1.7328	0.8736	0.093796
-1.6992	0.9032	0.09238
-1.6432	0.8688	0.087116
-1.7328	0.9088	0.086536
-1.6848	0.8672	0.092568
-1.7568	0.924	0.102164
-1.7152	0.8984	0.089728
-1.7056	0.8848	0.095636
-1.7072	0.8992	0.088752
-1.712	0.876	0.084636
-1.6864	0.8936	0.088064
-1.6128	0.8624	0.09034
-1.7344	0.9032	0.089276
-1.7856	0.9272	0.084864
-1.8144	0.9424	0.089108
-1.712	0.8576	0.089096
-1.7072	0.8944	0.088144
-1.704	0.896	0.087288
-1.648	0.8648	0.086228
-1.7056	0.8824	0.098592
-1.6848	0.88	0.089028
-1.72	0.9032	0.092852
-1.6704	0.8624	0.083436
-1.736	0.904	0.091096
-1.6512	0.8768	0.09276
-1.7472	0.9104	0.092736
-1.7104	0.9024	0.084328
-1.7472	0.9096	0.092556
-1.7152	0.9008	0.080988
-1.7232	0.9032	0.091556
-1.7664	0.9216	0.087268
-1.7232	0.9112	0.086628
-1.7968	0.936	0.0855
-1.6864	0.8704	0.093072
-1.7616	0.9168	0.089472
-1.744	0.916	0.091412
-1.7552	0.9088	0.09178
-1.6816	0.8912	0.0902
-1.7936	0.932	0.082748
-1.6624	0.8832	0.085444
-1.7184	0.9	0.089548
-1.6864	0.8952	0.086576
-1.72	0.8968	0.087688
-1.7248	0.9064	0.090904
-1.6912	0.8864	0.08434
-1.7728	0.9288	0.092508
-1.7792	0.928	0.086524
-1.7808	0.9248	0.086632
-1.776	0.9304	0.088508
-1.7216	0.9024	0.09454
-1.6928	0.8864	0.093112
-1.744	0.9104	0.087576
-1.7216	0.9016	0.089684
-1.7264	0.9096	0.094616
-1.7808	0.9296	0.088756
-1.7152	0.8768	0.090736
-1.7216	0.9056	0.091264
-1.7168	0.9112	0.093972
-1.768	0.9296	0.090052
-1.656	0.8544	0.088832
-1.6752	0.8888	0.088132
-1.688	0.8912	0.087572
-1.688	0.8856	0.09526
-1.7056	0.84	0.091268
-1.7456	0.8984	0.103756
-1.7296	0.8896	0.085372
-1.7536	0.8952	0.088036
-1.7264	0.9056	0.08938
-1.6624	0.8608	0.08896
-1.6624	0.8856	0.088756
-1.6672	0.8792	0.087896
-1.7168	0.8944	0.09678
-1.7072	0.8952	0.09494
-1.7456	0.9112	0.094224
-1.7296	0.8992	0.082716
-1.7024	0.8952	0.09238
-1.7312	0.908	0.10564
-1.6752	0.884	0.094216
-1.7296	0.9056	0.09218
-1.7264	0.9072	0.090904
-1.6976	0.8896	0.088616
-1.7008	0.8864	0.088344
-1.6416	0.8656	0.089856
-1.768	0.928	0.091136
-1.656	0.8384	0.092008
-1.6896	0.884	0.094188
-1.6928	0.8896	0.093348
-1.7392	0.8904	0.08642
-1.7312	0.9064	0.08816
-1.752	0.9152	0.089532
-1.6928	0.8872	0.087852
-1.7568	0.9128	0.08668
-1.7072	0.88	0.097284
-1.664	0.868	0.084452
-1.6464	0.8848	0.091532
-1.7328	0.9048	0.08638
-1.6672	0.8728	0.090672
-1.7328	0.896	0.089524
-1.7424	0.904	0.09128
-1.6992	0.8984	0.084116
-1.7232	0.9112	0.093968
-1.6992	0.8848	0.09314
-1.744	0.8888	0.086716
-1.6832	0.8856	0.095408
-1.6176	0.8632	0.091424
-1.6448	0.868	0.095248
-1.6688	0.8856	0.08688
-1.752	0.924	0.08864
-1.7264	0.9032	0.083608
-1.7024	0.8976	0.088044
-1.6304	0.8176	0.098192
-1.6448	0.8504	0.106668
-1.7568	0.912	0.089156
-1.7376	0.8864	0.09948
-1.7472	0.9	0.093052
-1.72	0.9048	0.091712
-1.7392	0.9248	0.088172
-1.7088	0.8904	0.08758
-1.7024	0.9008	0.087604
-1.6416	0.8728	0.087524
-1.672	0.884	0.089344
-1.6752	0.8856	0.087072
-1.6336	0.8448	0.088692
-1.7344	0.9128	0.093644
-1.736	0.9024	0.091124
-1.7024	0.8944	0.086744
-1.6944	0.8976	0.090624
-1.6848	0.856	0.0958
-1.7408	0.9096	0.093844
-1.6944	0.8776	0.092944
-1.7104	0.8776	0.094976
-1.728	0.9016	0.093672
-1.6752	0.8872	0.090752
-1.68	0.8808	0.091016
-1.7088	0.892	0.089568
-1.6272	0.8744	0.089584
-1.6912	0.9008	0.089724
-1.7456	0.9184	0.08772
-1.7248	0.8808	0.087708
-1.736	0.8872	0.089936
-1.6656	0.884	0.085728
-1.7408	0.8824	0.091352
-1.608	0.8184	0.095544
-1.7568	0.9104	0.095188
-1.7504	0.9184	0.085848
-1.6992	0.8984	0.086308
-1.7504	0.908	0.092928
-1.6848	0.8696	0.086488
-1.68	0.8784	0.092428
-1.6896	0.8656	0.091352
-1.6736	0.876	0.090812
-1.6912	0.8896	0.087092
-1.7296	0.9072	0.090432
-1.7104	0.8856	0.094172
-1.744	0.8984	0.094488
-1.6464	0.88	0.091348
-1.6144	0.8592	0.089672
-1.6976	0.8824	0.092132
-1.7696	0.9264	0.085692
-1.7392	0.904	0.089712
-1.7744	0.9224	0.087916
-1.7008	0.892	0.081288
-1.7552	0.9184	0.087988
-1.7552	0.9184	0.087968
-1.6384	0.8592	0.086408
-1.7216	0.9016	0.084364
-1.6928	0.892	0.086656
-1.632	0.8336	0.090468
-1.7584	0.8976	0.092096
-1.6992	0.888	0.091808
-1.7104	0.8896	0.089008
-1.7296	0.8912	0.093496
-1.7248	0.9016	0.099052
-1.7296	0.9024	0.08782
-1.7056	0.9	0.090428
-1.6848	0.8784	0.091196
-1.728	0.9056	0.090824
-1.7456	0.9224	0.089804
-1.7808	0.9216	0.089788
-1.7872	0.928	0.088848
-1.6576	0.8672	0.092216
-1.7824	0.9152	0.087312
-1.64	0.8312	0.097628
-1.712	0.9008	0.090308
-1.7232	0.9048	0.09466
-1.7232	0.9024	0.08522
-1.7184	0.8752	0.089992
-1.7552	0.9288	0.08886
-1.6432	0.8472	0.095192
-1.7472	0.9096	0.0892
-1.64	0.8624	0.09334
-1.7488	0.92	0.087728
-1.7984	0.9328	0.089064
-1.6256	0.8416	0.1036
-1.704	0.8928	0.086
-1.712	0.904	0.09092
-1.7024	0.8768	0.089928
-1.7744	0.9224	0.09094
-1.6	0.8352	0.092692
-1.7136	0.8896	0.10748
-1.6704	0.8704	0.085504
-1.7088	0.8968	0.093924
-1.7504	0.9056	0.087308
-1.6592	0.8792	0.101516
-1.7072	0.8944	0.090916
-1.6288	0.8704	0.089504
-1.7744	0.9248	0.092144
-1.6448	0.8744	0.08814
-1.8064	0.9344	0.089996
-1.7008	0.884	0.085244
-1.7168	0.904	0.095092
-1.7248	0.9096	0.08498
-1.6768	0.888	0.088828
-1.7552	0.912	0.083792
-1.7104	0.896	0.090312
-1.7232	0.9136	0.09448
-1.752	0.9088	0.091872
-1.6832	0.88	0.091928
-1.7328	0.8944	0.085768
-1.6816	0.8904	0.089204
-1.6992	0.8944	0.093996
-1.7344	0.9104	0.086224
-1.6992	0.88	0.089912
-1.7472	0.9032	0.090916
-1.7184	0.904	0.084668
-1.6992	0.8888	0.08998
-1.6512	0.8576	0.088164
-1.656	0.8656	0.097328
-1.7456	0.9192	0.091412
-1.7104	0.884	0.083128
-1.6704	0.8744	0.090192
-1.7136	0.8848	0.087004
-1.7248	0.9016	0.084204
-1.768	0.9192	0.0886
-1.7088	0.8944	0.08938
-1.728	0.916	0.090148
-1.7296	0.9088	0.086636
-1.7296	0.912	0.08904
-1.7056	0.8896	0.09196
-1.6752	0.8824	0.09186
-1.72	0.8936	0.093392
-1.7472	0.9168	0.085348
-1.7088	0.8952	0.083036
-1.7344	0.9104	0.092452
-1.6896	0.8936	0.090356
-1.7152	0.8856	0.094088
-1.6768	0.8848	0.088588
-1.7472	0.9096	0.093564
-1.72	0.884	0.094048
-1.6288	0.8592	0.093484
-1.6992	0.8608	0.093072
-1.696	0.9016	0.092476
-1.7168	0.8928	0.090716
-1.664	0.8888	0.085348
-1.68	0.8888	0.083784
-1.784	0.9376	0.0829
-1.784	0.9032	0.086036
-1.728	0.908	0.086376
-1.664	0.8744	0.087488
-1.76	0.9032	0.088384
-1.7344	0.8904	0.097128
-1.68	0.8752	0.093172
-1.7696	0.9272	0.088388
-1.68	0.8976	0.088996
-1.7712	0.9272	0.09498
-1.6384	0.8144	0.093044
-1.7264	0.908	0.094372
-1.6832	0.8816	0.0841
-1.6688	0.8776	0.093468
-1.7296	0.9088	0.092524
-1.7424	0.9048	0.087924
-1.6464	0.86	0.08288
-1.6608	0.8768	0.08802
-1.712	0.8928	0.090544
-1.7024	0.9016	0.091892
-1.7072	0.9016	0.0864
-1.6864	0.8912	0.093164
-1.7216	0.912	0.08948
-1.704	0.8936	0.090788
-1.7024	0.8864	0.086604
-1.7408	0.908	0.0881
-1.744	0.9184	0.086316
-1.72	0.8936	0.082612
-1.68	0.8696	0.093128
-1.6816	0.8592	0.088572
-1.76	0.9144	0.090508
-1.704	0.9008	0.087468
-1.6864	0.8752	0.089584
-1.6608	0.8648	0.083732
-1.8064	0.9424	0.08846
-1.6656	0.8672	0.08376
-1.7744	0.9192	0.093908
-1.7264	0.8944	0.083892
-1.7376	0.908	0.086492
-1.7152	0.904	0.088948
-1.7472	0.9176	0.08538
-1.7216	0.9056	0.089116
-1.632	0.8448	0.091176
-1.76	0.9128	0.092268
-1.6688	0.8856	0.087464
-1.6704	0.8736	0.0919
-1.7888	0.9288	0.093828
-1.6976	0.8864	0.089508
-1.7248	0.908	0.085076
-1.7104	0.904	0.093924
-1.7104	0.8496	0.092704
-1.6656	0.8464	0.112896
-1.712	0.8864	0.094904
-1.6976	0.9008	0.08028
-1.7072	0.892	0.088724
-1.7152	0.888	0.08702
-1.7392	0.9152	0.09852
-1.6528	0.8648	0.088548
-1.7328	0.912	0.090164
-1.7648	0.9192	0.09066
-1.7616	0.9232	0.087092
-1.6704	0.8848	0.092016
-1.7184	0.8656	0.093792
-1.776	0.924	0.092124
-1.7776	0.9304	0.088288
-1.7584	0.9232	0.088836
-1.6816	0.8768	0.08656
-1.7792	0.9216	0.092728
-1.7408	0.9152	0.09372
-1.6944	0.8952	0.094348
-1.7376	0.9112	0.088104
-1.6464	0.8488	0.092928
-1.728	0.904	0.093756
-1.6992	0.9024	0.084368
-1.7264	0.8848	0.093544
-1.7152	0.9072	0.0886
-1.7184	0.9008	0.093784
-1.7152	0.908	0.082716
-1.6704	0.8832	0.09458
-1.6896	0.8832	0.083208
-1.7392	0.9128	0.08538
-1.6976	0.892	0.088896
-1.736	0.8952	0.094024
-1.7648	0.9176	0.090488
-1.664	0.8688	0.090724
-1.8	0.9376	0.086872
-1.7728	0.916	0.08746
-1.7328	0.908	0.08648
-1.7632	0.9104	0.086532
-1.6944	0.8616	0.095852
-1.7104	0.8976	0.089596
-1.6688	0.8632	0.091524
-1.7184	0.8872	0.091224
-1.6528	0.8624	0.087876
-1.6928	0.904	0.089144
-1.736	0.9088	0.089696
-1.6896	0.8888	0.089604
-1.6768	0.8832	0.09342
-1.72	0.8872	0.088828
-1.7248	0.9064	0.090184
-1.704	0.896	0.091076
-1.7408	0.9104	0.088176
-1.6864	0.8992	0.084832
-1.7136	0.8864	0.088728
-1.6896	0.8552	0.095964
-1.7184	0.9032	0.089848
-1.64	0.8296	0.095104
-1.76	0.9104	0.096364
-1.696	0.8672	0.094584
-1.736	0.9184	0.08952
-1.656	0.8696	0.088172
-1.7376	0.9064	0.091128
-1.7568	0.9184	0.091404
-1.7408	0.9152	0.085928
-1.7344	0.9048	0.090212
-1.7312	0.9056	0.092404
-1.6544	0.8288	0.090712
-1.7056	0.9088	0.091392
-1.704	0.896	0.095624
-1.7088	0.892	0.087996
-1.7056	0.904	0.09338
-1.736	0.9104	0.084072
-1.7184	0.8968	0.085676
-1.7712	0.9208	0.093384
-1.6768	0.8632	0.084768
-1.7184	0.908	0.095184
-1.6896	0.8712	0.089512
-1.6368	0.864	0.091156
-1.696	0.8824	0.084412
-1.7456	0.9224	0.09072
-1.808	0.9384	0.083432
-1.72	0.9	0.091088
-1.68	0.8776	0.090336
-1.6704	0.8624	0.09526
-1.7216	0.9	0.088132
-1.7504	0.9232	0.089756
-1.744	0.9	0.084828
-1.7392	0.9144	0.089264
-1.7632	0.9168	0.087684
-1.6528	0.884	0.094092
-1.7376	0.9024	0.083652
-1.6336	0.8728	0.093068
-1.7056	0.8888	0.087976
-1.7328	0.9112	0.090816
-1.6912	0.884	0.083928
-1.7664	0.9192	0.088664
-1.7536	0.9248	0.090604
-1.7744	0.9144	0.085716
-1.6288	0.8616	0.085776
-1.7664	0.9176	0.095488
-1.7776	0.9192	0.0882
-1.7264	0.9128	0.087648
-1.696	0.8848	0.08922
-1.6928	0.8776	0.091084
-1.7088	0.896	0.099956
-1.6848	0.8672	0.092296
-1.736	0.9152	0.088712
-1.728	0.9	0.088684
-1.6992	0.8816	0.090436
-1.6656	0.8704	0.088672
-1.6432	0.8648	0.088612
-1.7552	0.9152	0.091788
-1.696	0.896	0.094008
-1.7632	0.9192	0.086156
-1.7504	0.92	0.089028
-1.712	0.8688	0.09728
-1.7968	0.9264	0.098792
-1.7376	0.9008	0.08236
-1.7264	0.904	0.089072
-1.7488	0.9208	0.091548
-1.6768	0.8888	0.08756
-1.7088	0.9072	0.087172
-1.6896	0.8872	0.091028
-1.7184	0.9024	0.092764
-1.736	0.912	0.090392
-1.7808	0.9296	0.085712
-1.784	0.9264	0.091792
-1.616	0.8512	0.088896
-1.688	0.8856	0.087884
-1.6752	0.8736	0.091476
-1.7376	0.9184	0.089072
-1.7824	0.9312	0.092544
-1.6848	0.888	0.086272
-1.6864	0.8928	0.088232
-1.7088	0.896	0.091088
-1.72	0.9088	0.089224
-1.7024	0.8968	0.093516
-1.6528	0.8392	0.090712
-1.6736	0.844	0.093696
-1.7088	0.8568	0.09544
-1.7088	0.892	0.097952
-1.6336	0.8224	0.091772
-1.6976	0.8792	0.091076
-1.7488	0.9144	0.084664
-1.6992	0.8752	0.087484
-1.7232	0.9032	0.092884
-1.7216	0.9096	0.090008
-1.7056	0.8792	0.094144
-1.6864	0.88	0.087692
-1.7264	0.904	0.08724
-1.6912	0.8544	0.090792
-1.6912	0.8912	0.098176
-1.7328	0.904	0.086528
-1.7552	0.9296	0.096568
-1.7152	0.8896	0.090368
-1.72	0.896	0.09332
-1.7216	0.9064	0.088756
-1.7168	0.8992	0.089108
-1.664	0.8528	0.09396
-1.7616	0.9208	0.0929
-1.6896	0.8896	0.08858
-1.6576	0.884	0.090124
-1.624	0.84	0.095052
-1.688	0.9016	0.089812
-1.7248	0.9112	0.082744
-1.7408	0.9128	0.086816
-1.7488	0.9136	0.083156
-1.7456	0.8984	0.08998
-1.8032	0.9352	0.086696
-1.7792	0.9256	0.08484
-1.6752	0.8856	0.089992
-1.7424	0.9136	0.095108
-1.7344	0.916	0.091444
-1.704	0.888	0.084756
-1.6848	0.8856	0.097372
-1.7584	0.928	0.091492
-1.7808	0.9312	0.089088
-1.696	0.8928	0.08672
-1.7936	0.9288	0.086116
-1.6976	0.9	0.08796
-1.6944	0.8856	0.08784
-1.6192	0.8464	0.084956
-1.6496	0.8688	0.088432
-1.7536	0.9208	0.08682
-1.7232	0.9008	0.09122
-1.752	0.9064	0.088332
-1.72	0.904	0.092676
-1.7008	0.904	0.090088
-1.7216	0.8784	0.093072
-1.7968	0.9336	0.090276
-1.6896	0.8856	0.093264
-1.7744	0.924	0.09456
-1.6976	0.8728	0.09356
-1.6944	0.8968	0.091136
-1.7072	0.8912	0.0857
-1.7328	0.8976	0.089064
-1.7376	0.9064	0.08606
-1.7664	0.9256	0.088904
-1.7072	0.8968	0.094416
-1.6752	0.8856	0.08944
-1.68	0.876	0.084608
-1.7056	0.8952	0.089848
-1.7184	0.9016	0.089128
-1.7472	0.9152	0.086188
-1.7088	0.9104	0.094912
-1.7488	0.9216	0.08824
-1.7328	0.8912	0.093864
-1.7744	0.9192	0.089052
-1.7952	0.924	0.089808
-1.7216	0.9016	0.086928
-1.6912	0.8816	0.08586
-1.7312	0.8768	0.095288
-1.7088	0.8984	0.093132
-1.7168	0.8872	0.091632
-1.7568	0.9136	0.093636
-1.7216	0.908	0.08566
-1.688	0.8728	0.0878
-1.7136	0.9056	0.091404
-1.7104	0.8816	0.092328
-1.7632	0.92	0.087296
-1.7408	0.904	0.091368
-1.7232	0.9072	0.0948
-1.712	0.9128	0.085036
-1.6464	0.8696	0.097896
-1.6832	0.864	0.091084
-1.6816	0.8792	0.08818
-1.6912	0.8832	0.089076
-1.7312	0.9136	0.083792
-1.696	0.8824	0.087012
-1.704	0.8824	0.096352
-1.7536	0.9264	0.091604
-1.7056	0.8752	0.0922
-1.7152	0.8912	0.088376
-1.6944	0.884	0.088548
-1.7104	0.892	0.089136
-1.7744	0.9304	0.092056
-1.7216	0.9088	0.089356
-1.6928	0.8912	0.087064
-1.6896	0.9024	0.089744
-1.6624	0.8832	0.088064
-1.7264	0.9128	0.09338
-1.7056	0.8768	0.088308
-1.6336	0.8584	0.090892
-1.7072	0.8968	0.089792
-1.6864	0.8928	0.087004
-1.64	0.856	0.087112
-1.6848	0.892	0.093692
-1.6784	0.8872	0.094656
-1.7072	0.9104	0.09202
-1.7424	0.9088	0.091704
-1.6976	0.884	0.09086
-1.752	0.9168	0.08846
-1.6736	0.872	0.095984
-1.7504	0.9128	0.09266
-1.7808	0.924	0.08948
-1.6784	0.884	0.085888
-1.8112	0.94	0.089512
-1.7088	0.8944	0.090252
-1.6976	0.8872	0.088988
-1.744	0.9232	0.092572
-1.7456	0.92	0.089424
-1.736	0.9136	0.090736
-1.7616	0.9216	0.089208
-1.7184	0.9048	0.091092
-1.728	0.9064	0.091208
-1.6992	0.8952	0.089672
-1.6944	0.8816	0.094564
-1.648	0.8624	0.091792
-1.6768	0.8632	0.09522
-1.6592	0.884	0.092488
-1.6832	0.8856	0.086176
-1.7888	0.9304	0.088536
-1.7296	0.8784	0.082308
-1.6592	0.8752	0.089488
-1.7248	0.9048	0.09014
-1.7296	0.8944	0.087484
-1.728	0.8968	0.086548
-1.704	0.8904	0.091312
-1.7056	0.8936	0.08928
-1.6928	0.896	0.090244
-1.7024	0.8928	0.085536
-1.7216	0.9056	0.090632
-1.7376	0.9032	0.08854
-1.752	0.916	0.08744
-1.7136	0.896	0.087252
-1.7552	0.924	0.092532
-1.696	0.8872	0.097936
-1.7696	0.932	0.08988
-1.6816	0.8592	0.087236
-1.6928	0.8864	0.097688
-1.6848	0.8848	0.084616
-1.7552	0.9184	0.088192
-1.7504	0.916	0.086404
-1.7408	0.9112	0.087344
-1.7648	0.9224	0.087776
-1.7312	0.8992	0.090092
-1.712	0.896	0.09668
-1.7088	0.8928	0.08976
-1.7088	0.9016	0.0805
-1.7264	0.9104	0.088244
-1.7376	0.9144	0.091036
-1.7088	0.8808	0.085496
-1.7296	0.8968	0.090776
-1.6896	0.8832	0.083644
-1.6768	0.884	0.088452
-1.7904	0.9192	0.088808
-1.6976	0.9032	0.094496
-1.7456	0.9136	0.08858
-1.7408	0.9088	0.087872
-1.7376	0.9144	0.086188
-1.752	0.9112	0.092208
-1.7408	0.9128	0.092664
-1.6528	0.8752	0.086364
-1.7024	0.8944	0.088808
-1.8	0.9344	0.088344
-1.6832	0.88	0.091008
-1.72	0.8904	0.08686
-1.7232	0.8928	0.088492
-1.6896	0.8936	0.088932
-1.6976	0.9	0.08652
-1.744	0.9048	0.08884
-1.7008	0.9064	0.084224
-1.7504	0.9128	0.083504
-1.7296	0.9112	0.089904
-1.6288	0.8584	0.091448
-1.7424	0.9136	0.088068
-1.7152	0.9072	0.09136
-1.6384	0.8784	0.086728
-1.7744	0.9296	0.085608
-1.7056	0.8984	0.086332
-1.7136	0.8912	0.089532
-1.6992	0.8984	0.09442
-1.6624	0.8448	0.09774
-1.7168	0.904	0.098952
-1.7488	0.9144	0.0929
-1.7536	0.916	0.089272
-1.72	0.896	0.089652
-1.6416	0.8504	0.092452
-1.7472	0.9176	0.093496
-1.6976	0.8912	0.086812
-1.7216	0.8856	0.092924
-1.72	0.8792	0.094552
-1.6736	0.8808	0.094528
-1.704	0.904	0.084396
-1.6688	0.8832	0.086624
-1.7008	0.896	0.088888
-1.728	0.892	0.09462
-1.6592	0.8648	0.086608
-1.7088	0.8984	0.093808
-1.752	0.9024	0.091708
-1.7552	0.9168	0.09092
-1.704	0.8752	0.095912
-1.7792	0.9256	0.08558
-1.7296	0.9128	0.085128
-1.7088	0.9088	0.089404
-1.7424	0.9024	0.088688
-1.7104	0.8992	0.096768
-1.7072	0.8904	0.092292
-1.7376	0.9128	0.092472
-1.7152	0.8976	0.092028
-1.7392	0.9008	0.090048
-1.6816	0.8776	0.09386
-1.72	0.9	0.092768
-1.712	0.9072	0.09002
-1.7712	0.9272	0.090588
-1.7504	0.9008	0.085276
-1.7216	0.8992	0.09232
-1.7296	0.9144	0.097468
-1.7664	0.9288	0.086168
-1.7408	0.9232	0.08446
-1.6912	0.8936	0.093812
-1.704	0.8864	0.090252
-1.7168	0.904	0.091208
-1.7296	0.9216	0.087544
-1.7344	0.9144	0.087628
-1.6736	0.868	0.08916
-1.68	0.8656	0.092212
-1.6768	0.8672	0.096688
-1.7024	0.8992	0.086336
-1.7104	0.9048	0.09194
-1.7664	0.928	0.088484
-1.6688	0.8968	0.087796
-1.7376	0.9024	0.09058
-1.6832	0.8688	0.09364
-1.6768	0.8616	0.111148
-1.7344	0.9048	0.09388
-1.752	0.9208	0.090968
-1.7408	0.9112	0.088464
-1.7584	0.9024	0.0909
-1.6976	0.8936	0.094396
-1.6736	0.8848	0.090348
-1.712	0.904	0.089672
-1.7808	0.9112	0.092332
-1.72	0.8952	0.087664
-1.7232	0.8984	0.090232
-1.752	0.9224	0.095488
-1.7152	0.8896	0.08826
-1.7216	0.8976	0.093336
-1.7744	0.928	0.085784
-1.808	0.9384	0.087876
-1.664	0.8736	0.091708
-1.7232	0.9072	0.089432
-1.6688	0.8744	0.0861
-1.7696	0.9128	0.08776
-1.7328	0.912	0.086332
-1.7024	0.8776	0.095748
-1.744	0.9056	0.089436
-1.7696	0.9288	0.08986
-1.7216	0.8984	0.087584
-1.7136	0.8928	0.088028
-1.7088	0.8904	0.089932
-1.7296	0.9144	0.086416
-1.7056	0.8968	0.09616
-1.7424	0.9088	0.086356
-1.6576	0.8712	0.09686
-1.7632	0.9216	0.0871
-1.7312	0.9176	0.087508
-1.752	0.9184	0.086092
-1.6656	0.8744	0.09186
-1.712	0.9048	0.090128
-1.752	0.9232	0.086068
-1.7616	0.9184	0.087896
-1.6688	0.856	0.090704
-1.6816	0.8896	0.095712
-1.7488	0.9144	0.087468
-1.7376	0.9016	0.090168
-1.6688	0.8864	0.093228
-1.6976	0.8936	0.0883
-1.7328	0.9088	0.087028
-1.7584	0.9208	0.094404
-1.736	0.9192	0.087104
-1.752	0.9032	0.083136
-1.736	0.924	0.093704
-1.6896	0.8872	0.087112
-1.656	0.8752	0.088996
-1.6704	0.8728	0.089036
-1.784	0.9328	0.0849
-1.7232	0.904	0.086504
-1.688	0.8856	0.088732
-1.6896	0.8912	0.08638
-1.7216	0.9144	0.093596
-1.7296	0.9088	0.082908
-1.7392	0.912	0.089208
-1.6464	0.856	0.089264
-1.736	0.916	0.090892
-1.7168	0.8944	0.084124
-1.7104	0.9128	0.089892
-1.712	0.9072	0.0913
-1.7248	0.9096	0.092692
-1.6432	0.8744	0.087944
-1.728	0.9072	0.090836
-1.7392	0.9	0.086708
-1.7424	0.9072	0.087852
-1.6336	0.8608	0.092912
-1.7232	0.9008	0.089224
-1.7056	0.8952	0.090452
-1.7056	0.9048	0.088904
-1.7264	0.9048	0.091952
-1.6912	0.8944	0.089988
-1.6816	0.8888	0.09666
-1.712	0.9056	0.09078
-1.7104	0.8696	0.093244
-1.688	0.8712	0.094288
-1.6912	0.8904	0.094888
-1.6752	0.8792	0.087912
-1.6832	0.876	0.090488
-1.6736	0.8688	0.089684
-1.6512	0.864	0.091296
-1.7632	0.9144	0.091228
-1.7568	0.9216	0.085756
-1.6944	0.8896	0.09368
-1.6944	0.8856	0.089564
-1.68	0.8848	0.086532
-1.7536	0.9	0.093076
-1.7616	0.9264	0.090044
-1.7408	0.9128	0.090996
-1.736	0.9128	0.090952
-1.7072	0.8872	0.085704
-1.664	0.8608	0.092884
-1.7408	0.9152	0.093928
-1.7264	0.9008	0.0894
-1.68	0.8792	0.091508
-1.7232	0.904	0.082324
-1.7312	0.8984	0.087668
-1.728	0.9136	0.091796
-1.7184	0.8984	0.087748
-1.7536	0.92	0.091244
-1.6752	0.8928	0.086624
-1.736	0.9144	0.090324
-1.7024	0.8776	0.089464
-1.6368	0.812	0.100216
-1.7392	0.92	0.099604
-1.6992	0.8768	0.095936
-1.7616	0.924	0.087372
-1.6544	0.8768	0.082244
-1.6784	0.8928	0.090776
-1.7264	0.904	0.089136
-1.7216	0.8776	0.092476
-1.728	0.9072	0.090564
-1.7024	0.908	0.089796
-1.7008	0.8888	0.090384
-1.7392	0.9112	0.08512
-1.8096	0.9384	0.089248
-1.7456	0.9096	0.095856
-1.7808	0.9328	0.08414
-1.7216	0.8856	0.088532
-1.6976	0.8856	0.091008
-1.7424	0.9152	0.091124
-1.7872	0.924	0.087316
-1.7024	0.8808	0.088056
-1.6576	0.8584	0.092968
-1.712	0.9064	0.091392
-1.68	0.8792	0.085224
-1.6656	0.8512	0.098316
-1.744	0.924	0.091212
-1.7152	0.9008	0.088548
-1.6912	0.8912	0.087376
-1.6912	0.8792	0.089692
-1.7712	0.9248	0.089196
-1.7152	0.8848	0.093344
-1.7424	0.9168	0.08508
-1.7216	0.9072	0.086896
-1.7072	0.888	0.087072
-1.7376	0.9112	0.088924
-1.696	0.8968	0.091784
-1.7776	0.924	0.093472
-1.6336	0.8352	0.095396
-1.672	0.8856	0.09434
-1.7632	0.9128	0.093112
-1.68	0.884	0.098248
-1.712	0.8896	0.090284
-1.7168	0.8992	0.094544
-1.6928	0.876	0.0957
-1.7408	0.9144	0.091824
-1.6704	0.868	0.092192
-1.7408	0.9096	0.0918
-1.7296	0.9072	0.086364
-1.6912	0.8848	0.086768
-1.6928	0.8936	0.094492
-1.7248	0.9072	0.084348
-1.7456	0.9136	0.087216
-1.72	0.9072	0.097088
-1.7792	0.9224	0.085652
-1.6672	0.8768	0.0897
-1.7712	0.9136	0.087392
-1.7552	0.9216	0.089136
-1.7344	0.9048	0.090052
-1.7264	0.9064	0.088128
-1.688	0.8792	0.087432
-1.7216	0.9016	0.091456
-1.672	0.884	0.088512
-1.6992	0.8968	0.088184
-1.7872	0.9304	0.088304
-1.776	0.9144	0.090296
-1.6688	0.8472	0.088264
-1.6896	0.884	0.091544
-1.7184	0.8992	0.093028
-1.7088	0.8808	0.09874
-1.72	0.8928	0.087836
-1.752	0.9248	0.090768
-1.6224	0.8592	0.084912
-1.728	0.9144	0.086724
-1.7264	0.8992	0.08974
-1.704	0.9	0.084236
-1.7344	0.892	0.09332
-1.76	0.9184	0.095052
-1.7552	0.9088	0.088984
-1.7808	0.9232	0.083272
-1.7888	0.9296	0.08088
-1.6896	0.8816	0.089128
-1.7712	0.9272	0.091228
-1.688	0.8848	0.086324
-1.7488	0.9136	0.088608
-1.656	0.88	0.090616
-1.7248	0.8832	0.092696
-1.6672	0.8792	0.092684
-1.7648	0.9208	0.093904
-1.7152	0.8928	0.083772
-1.7408	0.912	0.090928
-1.7312	0.8992	0.083744
-1.6544	0.8704	0.09332
-1.6896	0.8976	0.08484
-1.656	0.88	0.08712
-1.7248	0.9008	0.094272
-1.7168	0.8864	0.0936
-1.7552	0.9208	0.09098
-1.6752	0.8744	0.085544
-1.664	0.84	0.0923
-1.672	0.8736	0.094464
-1.7136	0.9096	0.091004
-1.7072	0.8856	0.086672
-1.7296	0.8944	0.092132
-1.6864	0.8896	0.091392
-1.712	0.864	0.087488
-1.6864	0.8928	0.092504
-1.6928	0.888	0.090488
-1.7456	0.92	0.092
-1.7664	0.9256	0.093508
-1.7488	0.924	0.086568
-1.7472	0.9096	0.089536
-1.7472	0.9176	0.094104
-1.7408	0.9192	0.089168
-1.744	0.9064	0.090888
-1.7984	0.9336	0.086104
-1.7536	0.9152	0.09306
-1.7456	0.904	0.088208
-1.6896	0.8736	0.088088
-1.68	0.888	0.089344
-1.7376	0.8992	0.090424
-1.6784	0.8704	0.087776
-1.7488	0.9064	0.088516
-1.7024	0.8712	0.086616
-1.7776	0.932	0.08444
-1.6976	0.8928	0.094412
-1.6976	0.9032	0.083852
-1.768	0.9288	0.087896
-1.6928	0.8792	0.09356
-1.7568	0.9184	0.092748
-1.7648	0.9192	0.085828
-1.752	0.9176	0.094256
-1.7136	0.896	0.089068
-1.7232	0.9	0.088004
-1.7584	0.884	0.09472
-1.704	0.9024	0.090196
-1.6624	0.8792	0.090212
-1.7392	0.9112	0.08824
-1.7136	0.8744	0.09156
-1.7328	0.9176	0.088152
-1.7904	0.9248	0.088748
-1.6736	0.884	0.086212
-1.7104	0.904	0.09026
-1.7296	0.9112	0.089564
-1.7248	0.9096	0.090424
-1.7472	0.916	0.087424
-1.6784	0.8904	0.094536
-1.7344	0.9088	0.09122
-1.7584	0.9088	0.0878
-1.7552	0.9224	0.084708
-1.7328	0.9072	0.08618
-1.6288	0.88	0.0904
-1.7552	0.9176	0.090228
