#time [s]
7.159e-06
7.02e-06
7.014e-06
7.008e-06
7.035e-06
6.996e-06
7.014e-06
7.032e-06
7.002e-06
6.987e-06
7.013e-06
7.006e-06
7.035e-06
7.021e-06
7.014e-06
7.006e-06
7.001e-06
6.988e-06
7.015e-06
7.007e-06
7.001e-06
7.02e-06
6.98e-06
7.007e-06
7.034e-06
6.995e-06
6.981e-06
7.032e-06
7.002e-06
6.995e-06
7.017e-06
7.006e-06
7.001e-06
6.987e-06
7.016e-06
7.026e-06
7.036e-06
6.987e-06
7.014e-06
7.006e-06
7.035e-06
6.985e-06
7.015e-06
6.999e-06
7.035e-06
6.994e-06
7.015e-06
6.999e-06
7.035e-06
6.986e-06
7.015e-06
7.007e-06
7.034e-06
6.985e-06
7.016e-06
7e-06
7.009e-06
6.985e-06
7.016e-06
7.033e-06
7.036e-06
6.985e-06
6.99e-06
7e-06
7.034e-06
7.019e-06
7.016e-06
7.009e-06
7.01e-06
6.984e-06
6.989e-06
7.034e-06
7.034e-06
6.984e-06
6.994e-06
7.001e-06
7.033e-06
7.018e-06
7.017e-06
6.999e-06
7.009e-06
6.985e-06
7.017e-06
7.035e-06
7.032e-06
6.992e-06
6.992e-06
7e-06
7.032e-06
7.018e-06
7.018e-06
7.001e-06
7.032e-06
7.017e-06
7.018e-06
7.001e-06
7e-06
6.992e-06
6.993e-06
7.001e-06
