#time [s]
9.7378e-05
9.7013e-05
9.6979e-05
0.000103299
0.000104498
9.7115e-05
9.7374e-05
9.741e-05
9.699e-05
9.7026e-05
9.7929e-05
9.7344e-05
9.7372e-05
9.7362e-05
9.7397e-05
9.701e-05
9.7342e-05
9.7352e-05
9.7392e-05
9.7338e-05
9.7348e-05
9.7375e-05
9.6983e-05
9.7257e-05
9.6996e-05
0.000105029
9.7154e-05
9.7442e-05
9.7048e-05
9.7018e-05
9.6984e-05
0.000101414
9.7428e-05
9.7314e-05
9.7396e-05
9.7367e-05
9.7031e-05
0.000103383
9.779e-05
9.7435e-05
9.6976e-05
9.6962e-05
9.7049e-05
9.7575e-05
9.7039e-05
9.796e-05
9.7389e-05
9.7024e-05
9.7335e-05
9.7339e-05
9.7292e-05
9.7345e-05
9.7334e-05
9.7389e-05
9.7348e-05
9.7229e-05
9.7012e-05
9.7318e-05
9.7288e-05
9.7358e-05
9.846e-05
9.727e-05
9.724e-05
9.74e-05
9.7333e-05
9.7262e-05
9.7341e-05
9.7322e-05
9.7358e-05
9.7328e-05
9.7285e-05
9.7166e-05
9.7448e-05
9.7415e-05
9.7374e-05
9.7065e-05
9.7926e-05
9.792e-05
9.7835e-05
9.7356e-05
9.692e-05
9.7035e-05
9.7353e-05
9.7884e-05
9.7375e-05
9.6984e-05
9.7374e-05
9.7366e-05
9.7368e-05
9.7412e-05
9.7341e-05
9.7366e-05
9.7872e-05
9.7014e-05
9.7382e-05
9.8463e-05
9.7965e-05
9.7364e-05
9.7892e-05
9.741e-05
