#time [s]
0.000102341
0.00010236
0.000102357
0.000102312
0.000102305
0.000102271
0.000107091
0.000102301
0.000102248
0.000102219
0.000102266
0.00010227
0.000102197
0.000102279
0.000102241
0.000102285
0.000102273
0.000102287
0.000102209
0.000102245
0.000102292
0.000102279
0.000102207
0.000102274
0.000102281
0.000102254
0.000102284
0.000102307
0.000102297
0.000102278
0.000102216
0.000102271
0.000109289
0.000102417
0.000102357
0.00010232
0.000102313
0.000102215
0.000102244
0.000102251
0.000102288
0.000102243
0.000102335
0.00010227
0.00011023
0.000141626
0.000102302
0.000102304
0.000102319
0.000102306
0.000102257
0.00010228
0.000110569
0.000102269
0.000102399
0.000102324
0.000102277
0.000102246
0.000102179
0.000102189
0.000102305
0.000102285
0.000102283
0.000102248
0.000102298
0.000102268
0.000102493
0.000102329
0.000102278
0.000102202
0.000102278
0.000102376
0.000102238
0.00010225
0.000102182
0.000102127
0.000102295
0.000102291
0.000102155
0.000102277
0.000102281
0.000102315
0.000109737
0.000102174
0.000102311
0.000102311
0.000102168
0.000102228
0.000102309
0.000102305
0.0001023
0.000102249
0.000102248
0.000102208
0.000102289
0.000102297
0.000102236
0.000102145
0.000102249
0.000102308
