#time [s]
1.383e-06
1.399e-06
1.414e-06
1.393e-06
1.392e-06
1.381e-06
1.385e-06
1.377e-06
1.381e-06
1.378e-06
1.38e-06
1.38e-06
1.376e-06
1.377e-06
1.377e-06
1.383e-06
1.381e-06
1.381e-06
1.38e-06
1.377e-06
1.374e-06
1.379e-06
1.374e-06
1.373e-06
1.372e-06
1.373e-06
1.373e-06
1.373e-06
1.373e-06
1.376e-06
1.376e-06
1.377e-06
1.377e-06
1.38e-06
1.377e-06
1.378e-06
1.379e-06
1.377e-06
1.375e-06
1.376e-06
1.377e-06
1.371e-06
1.377e-06
1.371e-06
1.376e-06
1.409e-06
1.375e-06
1.379e-06
1.38e-06
1.376e-06
1.383e-06
1.376e-06
1.382e-06
1.379e-06
1.374e-06
1.379e-06
1.377e-06
1.379e-06
1.378e-06
1.372e-06
1.361e-06
1.374e-06
1.376e-06
1.37e-06
1.377e-06
1.375e-06
1.378e-06
1.374e-06
1.379e-06
1.378e-06
1.38e-06
1.377e-06
1.381e-06
1.38e-06
1.377e-06
1.376e-06
1.379e-06
1.372e-06
1.377e-06
1.373e-06
1.376e-06
1.372e-06
1.409e-06
1.378e-06
1.373e-06
1.377e-06
1.377e-06
1.377e-06
1.377e-06
1.381e-06
1.379e-06
1.379e-06
1.378e-06
1.371e-06
1.378e-06
1.375e-06
1.377e-06
1.376e-06
1.374e-06
1.332e-06
