#time [s]
9.8171e-05
9.8124e-05
9.8121e-05
9.8114e-05
9.8176e-05
9.814e-05
9.8131e-05
9.8149e-05
9.8079e-05
9.8114e-05
9.8096e-05
9.8132e-05
9.8175e-05
9.8145e-05
9.801e-05
9.8098e-05
9.812e-05
9.813e-05
9.8109e-05
9.8061e-05
9.8151e-05
9.8071e-05
9.814e-05
9.8124e-05
9.8112e-05
9.8186e-05
9.8171e-05
9.8083e-05
9.8089e-05
0.0001048
9.8306e-05
9.8227e-05
9.8162e-05
9.8131e-05
9.8045e-05
0.00013976
0.000110753
9.8245e-05
9.8168e-05
9.8128e-05
9.8123e-05
9.8118e-05
9.8115e-05
9.8144e-05
9.8109e-05
9.811e-05
9.8113e-05
9.807e-05
9.8137e-05
9.8092e-05
9.8105e-05
9.8102e-05
9.8075e-05
0.000106762
9.8298e-05
9.8169e-05
9.8122e-05
9.8154e-05
9.8085e-05
9.8144e-05
9.8102e-05
9.8115e-05
9.8157e-05
9.8057e-05
9.8114e-05
9.8129e-05
9.808e-05
0.000104333
9.8245e-05
9.8082e-05
9.815e-05
9.8149e-05
9.8099e-05
9.8086e-05
9.8075e-05
9.8104e-05
9.8102e-05
9.8092e-05
9.8104e-05
9.8133e-05
9.8109e-05
9.8078e-05
9.8153e-05
9.8146e-05
9.8089e-05
9.8096e-05
9.8122e-05
9.8192e-05
9.8106e-05
9.8116e-05
9.8101e-05
9.8144e-05
9.8119e-05
9.8139e-05
9.816e-05
0.000103021
9.8136e-05
9.8154e-05
9.815e-05
9.8099e-05
