#time [s]
1.4154e-05
1.4037e-05
1.4027e-05
1.4043e-05
1.4021e-05
1.4059e-05
1.4025e-05
1.4035e-05
1.4025e-05
1.4051e-05
1.404e-05
1.4044e-05
1.4042e-05
1.4041e-05
1.403e-05
1.4024e-05
1.4049e-05
1.4014e-05
1.4068e-05
1.4026e-05
1.4065e-05
1.403e-05
1.4051e-05
1.4018e-05
1.4057e-05
1.4021e-05
1.4068e-05
1.4035e-05
1.4064e-05
1.403e-05
1.4064e-05
1.4017e-05
1.4048e-05
1.4029e-05
1.4043e-05
1.4021e-05
1.4048e-05
1.4028e-05
1.4039e-05
1.4043e-05
1.4039e-05
1.4036e-05
1.402e-05
1.4053e-05
1.4024e-05
1.4048e-05
1.4021e-05
1.4053e-05
1.4016e-05
1.405e-05
1.4004e-05
1.4061e-05
1.4011e-05
1.406e-05
1.4024e-05
1.4054e-05
1.4023e-05
1.4052e-05
1.4025e-05
1.4051e-05
1.4031e-05
1.4043e-05
1.4035e-05
1.4026e-05
1.4043e-05
1.4032e-05
1.4059e-05
1.4031e-05
1.4043e-05
2.0375e-05
1.4179e-05
1.4079e-05
1.4059e-05
1.4023e-05
1.4033e-05
1.4026e-05
1.4055e-05
1.4054e-05
1.4039e-05
1.4061e-05
1.4038e-05
1.4053e-05
1.4029e-05
1.4066e-05
1.4026e-05
1.4055e-05
1.4018e-05
1.4072e-05
1.4029e-05
1.4048e-05
1.4023e-05
1.4054e-05
1.4024e-05
1.4033e-05
1.4036e-05
1.4051e-05
1.4027e-05
1.4055e-05
1.4043e-05
1.4054e-05
