#time [s]
0.002125694
0.002117557
0.002104578
0.002105905
0.002208687
0.00210698
0.002071103
0.0021284
0.002168833
0.002102643
0.002081731
0.002281285
0.00212941
0.002070992
0.002116882
0.002144703
0.002118649
0.002085944
0.002098729
0.00213347
0.002093889
0.00214723
0.002071734
0.002119651
0.002103549
0.002190032
0.002167483
0.00211573
0.002114166
0.002070716
0.002106846
0.002088467
0.002200907
0.002145548
0.002082683
0.002104562
0.002112381
0.002076614
0.002108438
0.002085498
0.002187779
0.00208589
0.002075946
0.002115716
0.002101623
0.002115343
0.002076673
0.002237399
0.00214293
0.002098042
0.002085339
0.002103657
0.002117471
0.002084261
0.002166231
0.002167929
0.002111539
0.002118686
0.00208513
0.002111161
0.00208435
0.002096357
0.002230136
0.002083917
0.002077704
0.002129448
0.002109992
0.002108051
0.002097404
0.002269273
0.002168495
0.002090299
0.002140815
0.00212579
0.002110513
0.002075159
0.002185825
0.00212646
0.002073113
0.002117082
0.002109611
0.002153364
0.002074232
0.002268876
0.002113415
0.002134297
0.00208245
0.002134008
0.002105896
0.002139116
0.00220621
0.002117031
0.002090447
0.002100466
0.002111326
0.002079941
0.002115067
0.002108193
0.002256192
0.002128947
