#time [s]
0.000147407
0.000146971
0.000147321
0.000156862
0.000147285
0.000147367
0.0001479
0.000147372
0.000147329
0.000146999
0.000146853
0.000149314
0.000147182
0.000147039
0.000169126
0.000194097
0.000147128
0.000146981
0.000146957
0.000146948
0.000147329
0.000147494
0.000147321
0.000157406
0.000183621
0.000147317
0.00015743
0.000147252
0.000146879
0.000146986
0.000147003
0.000147907
0.000147301
0.000147261
0.000147297
0.000147404
0.000146996
0.000146967
0.000178178
0.000147254
0.000147383
0.00014743
0.000147313
0.000146966
0.000147372
0.000147696
0.000147374
0.000146972
0.000147331
0.000147308
0.000155227
0.000147222
0.0001472
0.00014738
0.000147397
0.000147394
0.000147085
0.000147876
0.000147317
0.000149315
0.000147331
0.000147843
0.000147321
0.000146922
0.000146708
0.000148238
0.000177801
0.000190939
0.000147169
0.000148441
0.000147385
0.000146957
0.000148672
0.000159018
0.000147577
0.000147422
0.000147306
0.000147354
0.000146982
0.000147012
0.000147347
0.000147326
0.00014733
0.000147382
0.000146986
0.000147359
0.000147364
0.000147302
0.000146944
0.000147299
0.000146953
0.000147289
0.000147327
0.000147
0.000146972
0.00014737
0.000146989
0.000155213
0.000148736
0.000146989
