#time [s]
5.9087e-05
5.9058e-05
6.5142e-05
5.9135e-05
5.9101e-05
5.9067e-05
5.9079e-05
5.9058e-05
5.9005e-05
5.9022e-05
5.9033e-05
5.9061e-05
5.9013e-05
5.9077e-05
5.9034e-05
5.9023e-05
5.9044e-05
5.901e-05
5.899e-05
5.9012e-05
5.9043e-05
5.9012e-05
5.9056e-05
5.9089e-05
5.9038e-05
5.9026e-05
5.9047e-05
5.9003e-05
5.9025e-05
5.9053e-05
5.9012e-05
5.9003e-05
5.9026e-05
5.9008e-05
5.904e-05
5.9051e-05
5.8995e-05
5.9007e-05
5.9029e-05
5.9056e-05
5.9056e-05
5.9059e-05
5.9004e-05
5.9029e-05
5.9019e-05
5.9046e-05
5.9029e-05
5.9019e-05
5.9054e-05
5.902e-05
5.909e-05
5.903e-05
5.9017e-05
5.9021e-05
5.9023e-05
5.9048e-05
5.9048e-05
5.9046e-05
5.9021e-05
5.9051e-05
5.9038e-05
5.9033e-05
5.9019e-05
5.9025e-05
5.9029e-05
5.9016e-05
5.9002e-05
6.8348e-05
5.9146e-05
5.9102e-05
5.9094e-05
5.9073e-05
5.9028e-05
5.9078e-05
5.9047e-05
5.9026e-05
5.9041e-05
5.8983e-05
5.9028e-05
5.9033e-05
5.9046e-05
5.9013e-05
5.9031e-05
5.9062e-05
5.9007e-05
5.9014e-05
5.9016e-05
5.904e-05
5.9054e-05
5.9046e-05
5.9068e-05
5.903e-05
5.8989e-05
5.9015e-05
5.9035e-05
5.9039e-05
5.9048e-05
5.9075e-05
5.9016e-05
5.9052e-05
