#time [s]
0.000642062
0.000650982
0.000634437
0.000634201
0.000635295
0.000702911
0.000634396
0.000634142
0.000633334
0.000635671
0.000671147
0.000666187
0.000736379
0.000634149
0.000634416
0.00066294
0.000634121
0.000634115
0.000642972
0.000636813
0.000635614
0.000633564
0.000635484
0.000633507
0.000633853
0.000650695
0.000636546
0.000648367
0.000638767
0.000657288
0.000696236
0.000643176
0.000634
0.000633605
0.000635156
0.000635928
0.000633788
0.000633181
0.000723046
0.000633826
0.000675606
0.000663826
0.000633485
0.000633594
0.000642214
0.000644924
0.000633298
0.00063368
0.000633323
0.000632819
0.000649648
0.000633895
0.000633484
0.000637447
0.000633795
0.000640214
0.00064343
0.00063488
0.000633677
0.000635797
0.000650528
0.000633729
0.000633133
0.000645527
0.000724173
0.000681266
0.000633516
0.00066212
0.000633285
0.000647464
0.000633554
0.00063473
0.000635915
0.000633599
0.000634873
0.000654017
0.000645907
0.000633638
0.000649684
0.000633306
0.000633153
0.000634353
0.000642563
0.00063503
0.00064097
0.000642591
0.000638493
0.000635176
0.00063601
0.000655548
0.000703462
0.000650775
0.000644081
0.000638717
0.000632807
0.000641432
0.00063445
0.000633271
0.000635181
0.000638992
