#time [s]
2.519e-06
2.467e-06
2.453e-06
2.43e-06
2.42e-06
2.409e-06
2.415e-06
2.415e-06
2.418e-06
2.414e-06
2.414e-06
2.411e-06
2.409e-06
2.408e-06
2.409e-06
2.411e-06
2.414e-06
2.412e-06
2.416e-06
2.411e-06
2.409e-06
2.406e-06
2.407e-06
2.404e-06
2.406e-06
2.407e-06
2.411e-06
2.252e-06
2.418e-06
2.412e-06
2.408e-06
2.409e-06
2.404e-06
2.408e-06
2.406e-06
2.412e-06
2.411e-06
2.417e-06
2.411e-06
2.412e-06
2.413e-06
2.409e-06
2.403e-06
2.405e-06
2.408e-06
2.413e-06
2.412e-06
2.416e-06
2.416e-06
2.409e-06
2.414e-06
2.406e-06
2.406e-06
2.406e-06
2.409e-06
2.412e-06
2.416e-06
2.413e-06
2.414e-06
2.409e-06
2.41e-06
2.405e-06
2.404e-06
2.408e-06
2.411e-06
2.41e-06
2.414e-06
2.414e-06
2.414e-06
2.411e-06
2.41e-06
2.404e-06
2.408e-06
2.412e-06
2.412e-06
2.413e-06
2.417e-06
2.412e-06
2.415e-06
2.407e-06
2.409e-06
2.407e-06
2.408e-06
2.409e-06
2.412e-06
2.414e-06
2.419e-06
2.417e-06
2.411e-06
2.412e-06
2.409e-06
2.405e-06
2.409e-06
2.411e-06
2.41e-06
2.414e-06
2.413e-06
2.415e-06
2.411e-06
2.408e-06
