#time [s]
0.00309401
0.003348869
0.003119962
0.003147891
0.003155572
0.003236001
0.003078916
0.003147471
0.003127732
0.003158755
0.003146011
0.003104235
0.003089412
0.003107927
0.003284392
0.003111281
0.003133627
0.00316337
0.003222093
0.003149354
0.003148742
0.00311637
0.003124697
0.003326248
0.003134504
0.003201292
0.003084826
0.003218549
0.003102164
0.003154751
0.003137642
0.003277852
0.0031539
0.003102492
0.00311993
0.003120028
0.003254243
0.0031628
0.003104098
0.003136959
0.003467584
0.003087847
0.003185273
0.003133515
0.003097731
0.003160723
0.003075965
0.003244631
0.003129777
0.003255558
0.003134451
0.003126485
0.003157809
0.003123184
0.003122678
0.003169071
0.003119026
0.003172608
0.003228144
0.00308025
0.003134649
0.003113742
0.003818815
0.00350667
0.003135955
0.003120948
0.003390015
0.00318263
0.003186708
0.003162376
0.003368527
0.003125456
0.003161678
0.003181643
0.003218765
0.00311466
0.003180012
0.003124069
0.00323633
0.003178698
0.003077368
0.003100291
0.003071599
0.003277364
0.003107583
0.003097592
0.003151316
0.00322482
0.00315389
0.003140822
0.003107843
0.003106447
0.003277393
0.003101557
0.003159445
0.003142751
0.003315237
0.003134128
0.003150148
0.003151743
