#time [s]
3.555e-06
2.981e-06
2.967e-06
2.976e-06
2.97e-06
2.97e-06
2.977e-06
2.976e-06
2.964e-06
2.978e-06
3.016e-06
2.971e-06
2.964e-06
2.964e-06
3.016e-06
3.01e-06
2.966e-06
2.982e-06
3.02e-06
2.975e-06
2.968e-06
3.002e-06
3.011e-06
2.962e-06
3.017e-06
2.966e-06
2.971e-06
2.98e-06
3.021e-06
3.007e-06
3.013e-06
2.969e-06
2.96e-06
2.962e-06
2.971e-06
3.012e-06
3.024e-06
3.011e-06
3.017e-06
2.958e-06
2.958e-06
3.011e-06
3.005e-06
2.97e-06
2.971e-06
3.023e-06
2.981e-06
3.019e-06
2.974e-06
3.012e-06
2.962e-06
3.012e-06
3.006e-06
3.017e-06
2.967e-06
3.024e-06
3.011e-06
3.018e-06
3.005e-06
3.011e-06
2.958e-06
3.014e-06
2.976e-06
2.964e-06
2.974e-06
2.962e-06
2.964e-06
3.016e-06
2.959e-06
2.964e-06
2.972e-06
2.968e-06
2.97e-06
3.02e-06
2.982e-06
3.02e-06
3.053e-06
3.015e-06
2.962e-06
3.011e-06
3.005e-06
3.016e-06
2.966e-06
3.023e-06
2.972e-06
3.019e-06
3.011e-06
2.972e-06
3.011e-06
2.971e-06
2.968e-06
3.043e-06
3.012e-06
3.023e-06
2.966e-06
2.97e-06
2.972e-06
2.963e-06
3.002e-06
3.013e-06
