#time [s]
0.002549929
0.002612947
0.002657389
0.002587181
0.002570749
0.002555787
0.002570729
0.002593928
0.002592982
0.002603371
0.002640064
0.002610578
0.00256943
0.002600873
0.002553949
0.002600546
0.002574715
0.002577344
0.002563738
0.002560267
0.002576873
0.002551043
0.002561624
0.002590476
0.002564673
0.002568218
0.002589774
0.002548591
0.002558629
0.002555135
0.002599169
0.002724474
0.002645984
0.002588277
0.00256986
0.002548742
0.002566354
0.002592272
0.0025638
0.00258369
0.002573865
0.002592412
0.002585323
0.002793293
0.00275894
0.002824871
0.002670474
0.002602503
0.002570626
0.002631836
0.002665715
0.002696443
0.002682157
0.002714521
0.002784693
0.002717781
0.002563449
0.002549019
0.002645298
0.002575082
0.002569122
0.002885856
0.002569294
0.002831365
0.002748639
0.002616172
0.002566287
0.002555338
0.002868796
0.003468194
0.002568677
0.002586803
0.002684903
0.002630811
0.002555469
0.00269323
0.002669879
0.002548431
0.00262436
0.002606373
0.002584589
0.00255461
0.00264677
0.002740449
0.002673873
0.002565089
0.002634605
0.002550863
0.002564063
0.00261049
0.002742817
0.002655067
0.002685196
0.003822072
0.003329294
0.00267631
0.002574859
0.002551515
0.00257619
0.002615431
