#time [s]
0.003012431
0.002344854
0.002311365
0.002272647
0.002457768
0.002324431
0.00226963
0.002313976
0.002310541
0.002258327
0.002363561
0.002241696
0.002275651
0.002315554
0.00228503
0.002450128
0.002299245
0.002308239
0.002337981
0.002292237
0.002415379
0.002314249
0.002344409
0.002293238
0.002294018
0.002383561
0.002276267
0.00230223
0.00224428
0.002319787
0.002320769
0.002299247
0.002277779
0.002350443
0.002267385
0.00226405
0.002657573
0.002304593
0.002238969
0.002288803
0.002295396
0.002392637
0.002468481
0.002288514
0.00230291
0.002361566
0.00227336
0.002463183
0.00238005
0.002335307
0.002313593
0.002364948
0.002447142
0.002322857
0.002318275
0.002314988
0.002363262
0.002451285
0.002324427
0.00226449
0.00234908
0.002348327
0.002332036
0.002508656
0.002315109
0.00233293
0.002291865
0.002335093
0.002353599
0.002247561
0.002273532
0.002338757
0.00229632
0.002451918
0.002315516
0.002324898
0.002284151
0.002326191
0.002479207
0.002350242
0.002282148
0.002319001
0.002369125
0.002282483
0.002335325
0.002292491
0.002310128
0.002329601
0.002339374
0.002467528
0.002259906
0.002321589
0.002305436
0.002296637
0.002355184
0.002333161
0.002244319
0.002350331
0.002307624
0.00225075
