#time [s]
2.236e-06
2.132e-06
2.143e-06
2.138e-06
2.13e-06
2.135e-06
2.139e-06
2.131e-06
2.131e-06
2.127e-06
2.128e-06
2.122e-06
2.128e-06
2.13e-06
2.131e-06
2.134e-06
2.135e-06
2.133e-06
2.13e-06
2.128e-06
2.126e-06
2.124e-06
2.125e-06
2.129e-06
2.13e-06
2.132e-06
2.132e-06
2.135e-06
2.365e-06
2.285e-06
2.276e-06
2.269e-06
2.139e-06
2.188e-06
2.142e-06
2.138e-06
2.139e-06
2.135e-06
2.155e-06
2.133e-06
2.135e-06
2.136e-06
2.136e-06
2.139e-06
2.141e-06
2.142e-06
2.141e-06
2.139e-06
2.137e-06
2.14e-06
2.134e-06
2.135e-06
2.136e-06
2.138e-06
2.136e-06
2.137e-06
2.141e-06
2.141e-06
2.14e-06
2.138e-06
2.13e-06
2.13e-06
2.129e-06
2.138e-06
2.135e-06
2.136e-06
2.139e-06
2.144e-06
2.138e-06
2.141e-06
2.137e-06
2.135e-06
2.128e-06
2.13e-06
2.137e-06
2.134e-06
2.138e-06
2.142e-06
2.14e-06
2.143e-06
2.133e-06
2.137e-06
2.13e-06
2.129e-06
2.13e-06
2.139e-06
2.134e-06
2.135e-06
2.138e-06
2.143e-06
2.139e-06
2.138e-06
2.136e-06
2.13e-06
2.128e-06
2.134e-06
2.132e-06
2.134e-06
2.135e-06
2.143e-06
