#time [s]
0.000258758
0.000251247
0.000251428
0.000251563
0.000285618
0.000251306
0.000253086
0.00025114
0.000251199
0.000252707
0.000250934
0.000250991
0.000252529
0.000251019
0.000250929
0.00025093
0.000250943
0.000250931
0.000251002
0.000265071
0.000251928
0.000319159
0.00029459
0.000251325
0.000251492
0.000251216
0.00025113
0.000251183
0.000277362
0.000251241
0.000251067
0.000278676
0.000271211
0.000259497
0.000251509
0.000251308
0.000251262
0.000267248
0.000250897
0.000268125
0.000250847
0.000250957
0.000250945
0.000250895
0.000252995
0.00025097
0.000250859
0.00025149
0.000267444
0.000251421
0.000251191
0.000253894
0.000251136
0.000250994
0.000252869
0.000250955
0.000250924
0.000250989
0.000252485
0.000250841
0.000251175
0.000252815
0.000250911
0.000261191
0.000281975
0.000251194
0.000251224
0.000251213
0.000251148
0.000250908
0.000272609
0.000250879
0.000250987
0.000250886
0.000250854
0.000250899
0.000251068
0.000251011
0.000261802
0.000308513
0.000251257
0.000251206
0.000251256
0.00025116
0.000250966
0.000250845
0.00030231
0.000251649
0.000251336
0.000251509
0.000251257
0.00025252
0.000250933
0.000251854
0.000253862
0.000251237
0.000258678
0.000274283
0.000251111
0.000251
