#time [s]
1.5086e-05
1.4997e-05
1.4989e-05
1.4999e-05
1.4974e-05
1.4976e-05
1.4926e-05
1.4952e-05
1.4926e-05
1.4929e-05
1.4946e-05
1.4914e-05
1.4952e-05
1.4915e-05
1.4949e-05
1.4929e-05
1.493e-05
1.4961e-05
1.4922e-05
1.4962e-05
1.4927e-05
1.4937e-05
1.4978e-05
1.4923e-05
1.4977e-05
1.492e-05
1.4956e-05
1.4935e-05
1.4938e-05
1.4965e-05
2.4322e-05
1.5016e-05
1.5006e-05
1.4967e-05
1.4986e-05
1.4944e-05
1.4952e-05
1.4928e-05
1.4968e-05
1.4978e-05
1.492e-05
1.4943e-05
1.4925e-05
1.4952e-05
1.4943e-05
1.4927e-05
1.4939e-05
1.494e-05
1.4969e-05
1.4947e-05
1.4937e-05
1.4945e-05
1.4935e-05
1.497e-05
1.4905e-05
1.4945e-05
1.4943e-05
1.4954e-05
1.498e-05
1.4918e-05
1.4939e-05
1.4929e-05
1.4951e-05
1.4927e-05
1.4918e-05
1.496e-05
1.4928e-05
1.4954e-05
1.494e-05
1.4969e-05
1.4957e-05
1.4942e-05
1.4947e-05
1.4921e-05
1.4962e-05
1.4948e-05
1.4946e-05
1.4958e-05
1.493e-05
1.4979e-05
1.4946e-05
1.4958e-05
1.4957e-05
1.4945e-05
1.4947e-05
1.4916e-05
1.4954e-05
1.4924e-05
1.4942e-05
1.4947e-05
1.494e-05
1.4962e-05
1.4924e-05
1.4957e-05
1.4952e-05
1.4949e-05
1.4959e-05
1.4935e-05
1.4953e-05
1.493e-05
