#time [s]
3.254e-06
3.23e-06
3.25e-06
3.248e-06
3.233e-06
3.242e-06
3.253e-06
3.262e-06
3.244e-06
3.239e-06
3.257e-06
3.232e-06
3.244e-06
3.289e-06
3.3e-06
3.295e-06
3.299e-06
3.299e-06
3.298e-06
3.285e-06
3.29e-06
3.292e-06
3.296e-06
3.291e-06
3.298e-06
3.3e-06
3.289e-06
3.288e-06
3.253e-06
3.289e-06
3.253e-06
3.29e-06
3.264e-06
3.304e-06
3.294e-06
3.291e-06
3.246e-06
3.293e-06
3.286e-06
3.287e-06
3.299e-06
3.301e-06
3.263e-06
3.299e-06
3.299e-06
3.285e-06
3.287e-06
3.291e-06
3.251e-06
3.293e-06
3.301e-06
3.301e-06
1.0903e-05
3.334e-06
3.271e-06
3.264e-06
3.603e-06
3.431e-06
3.379e-06
3.363e-06
3.331e-06
3.345e-06
1.4344e-05
3.519e-06
3.329e-06
3.358e-06
3.343e-06
3.333e-06
3.339e-06
3.331e-06
3.324e-06
3.324e-06
3.34e-06
3.322e-06
3.293e-06
3.395e-06
3.289e-06
3.281e-06
3.386e-06
3.388e-06
3.289e-06
3.345e-06
3.29e-06
3.418e-06
3.471e-06
3.33e-06
3.393e-06
3.353e-06
3.486e-06
3.308e-06
3.282e-06
3.236e-06
3.298e-06
3.259e-06
3.241e-06
3.305e-06
3.278e-06
3.238e-06
3.28e-06
3.329e-06
