#time [s]
8.68e-07
8.16e-07
7.87e-07
7.98e-07
7.89e-07
7.68e-07
7.75e-07
7.71e-07
7.35e-07
7.71e-07
7.26e-07
7.27e-07
7.27e-07
7.28e-07
7.29e-07
7.29e-07
7.29e-07
7.3e-07
7.32e-07
7.31e-07
7.3e-07
7.31e-07
7.31e-07
7.29e-07
7.28e-07
7.29e-07
7.3e-07
7.28e-07
7.29e-07
7.29e-07
7.31e-07
7.28e-07
7.29e-07
7.28e-07
7.27e-07
7.25e-07
7.28e-07
7.27e-07
7.27e-07
7.26e-07
7.34e-07
7.29e-07
7.31e-07
7.69e-07
7.3e-07
7.28e-07
7.3e-07
7.3e-07
7.31e-07
7.26e-07
7.34e-07
7.28e-07
7.84e-07
7.29e-07
7.3e-07
7.3e-07
7.3e-07
7.29e-07
7.29e-07
7.29e-07
7.3e-07
7.26e-07
7.3e-07
7.29e-07
7.3e-07
7.26e-07
7.29e-07
7.27e-07
7.28e-07
7.57e-07
7.29e-07
7.29e-07
7.29e-07
7.29e-07
7.29e-07
7.28e-07
7.34e-07
7.27e-07
7.3e-07
7.29e-07
7.32e-07
7.31e-07
7.31e-07
7.3e-07
7.31e-07
7.29e-07
7.28e-07
7.27e-07
7.3e-07
7.28e-07
7.29e-07
7.27e-07
7.25e-07
7.29e-07
7.29e-07
7.28e-07
7.28e-07
7.28e-07
7.3e-07
7.29e-07
