#time [s]
1.118e-06
1.13e-06
1.115e-06
1.109e-06
1.109e-06
1.104e-06
1.1e-06
1.101e-06
1.099e-06
1.101e-06
1.098e-06
1.105e-06
1.1e-06
1.097e-06
1.099e-06
1.1e-06
1.098e-06
1.099e-06
1.097e-06
1.098e-06
1.098e-06
1.099e-06
1.099e-06
1.102e-06
1.103e-06
1.126e-06
1.105e-06
1.11e-06
1.133e-06
1.111e-06
1.112e-06
1.109e-06
1.104e-06
1.108e-06
1.105e-06
1.11e-06
1.104e-06
1.109e-06
1.102e-06
1.101e-06
1.103e-06
1.109e-06
1.103e-06
1.109e-06
1.102e-06
1.11e-06
1.107e-06
1.102e-06
1.106e-06
1.102e-06
1.106e-06
1.11e-06
1.108e-06
1.111e-06
1.106e-06
1.103e-06
1.106e-06
1.107e-06
1.104e-06
1.103e-06
1.103e-06
1.102e-06
1.104e-06
1.104e-06
1.099e-06
1.104e-06
1.1e-06
1.109e-06
1.103e-06
1.11e-06
1.105e-06
1.103e-06
1.101e-06
1.102e-06
1.111e-06
1.102e-06
1.105e-06
1.102e-06
1.111e-06
1.107e-06
1.102e-06
1.105e-06
1.106e-06
1.103e-06
1.104e-06
1.101e-06
1.104e-06
1.101e-06
1.107e-06
1.101e-06
1.102e-06
1.102e-06
1.103e-06
1.103e-06
1.104e-06
1.111e-06
1.105e-06
1.106e-06
1.106e-06
1.102e-06
