#time [s]
1.0257e-05
1.0125e-05
1.0115e-05
1.0094e-05
1.0126e-05
1.0114e-05
1.0092e-05
1.0112e-05
1.0089e-05
1.0122e-05
1.0103e-05
1.0097e-05
1.0124e-05
1.0099e-05
1.0144e-05
1.0096e-05
1.0112e-05
1.0124e-05
1.0108e-05
1.6617e-05
1.0207e-05
1.0195e-05
1.0164e-05
1.0168e-05
1.0105e-05
1.0129e-05
1.0109e-05
1.0107e-05
1.0124e-05
1.0097e-05
1.0121e-05
1.0106e-05
1.011e-05
1.0123e-05
1.0097e-05
1.0124e-05
1.0099e-05
1.0129e-05
1.0118e-05
1.802e-05
1.0217e-05
1.0678e-05
1.0534e-05
1.052e-05
1.0533e-05
1.1765e-05
1.0457e-05
1.0527e-05
1.0499e-05
1.0597e-05
1.0655e-05
1.0091e-05
1.0137e-05
1.0125e-05
1.0122e-05
1.0122e-05
1.0088e-05
1.0143e-05
1.0103e-05
1.0125e-05
1.011e-05
1.0102e-05
1.0133e-05
1.0105e-05
1.0138e-05
1.0103e-05
1.0128e-05
1.0123e-05
1.009e-05
1.0133e-05
1.0103e-05
1.011e-05
1.0107e-05
1.012e-05
1.0126e-05
1.0101e-05
1.0123e-05
1.0107e-05
1.0121e-05
1.013e-05
1.0097e-05
1.0134e-05
1.01e-05
1.0132e-05
1.0105e-05
1.0119e-05
1.0113e-05
1.0104e-05
1.0116e-05
1.0097e-05
1.0135e-05
1.0111e-05
1.0104e-05
1.0124e-05
1.0097e-05
1.0126e-05
1.0109e-05
1.0125e-05
1.0121e-05
1.0093e-05
