#time [s]
3.167e-06
3.18e-06
3.089e-06
3.08e-06
3.078e-06
3.062e-06
3.063e-06
2.987e-06
2.989e-06
3.052e-06
3.046e-06
3.045e-06
3.12e-06
3.054e-06
2.992e-06
3.058e-06
3.055e-06
2.982e-06
3.049e-06
2.98e-06
3.054e-06
3.059e-06
3.055e-06
3.057e-06
3.054e-06
3.048e-06
3.048e-06
3.053e-06
3.053e-06
3.054e-06
3.061e-06
3.054e-06
3.056e-06
3.047e-06
3.049e-06
3.047e-06
3.054e-06
3.055e-06
3.061e-06
3.059e-06
3.054e-06
3.052e-06
3.049e-06
3.055e-06
3.057e-06
3.056e-06
3.06e-06
3.057e-06
3.053e-06
3.051e-06
3.051e-06
3.049e-06
3.057e-06
3.058e-06
3.056e-06
3.051e-06
3.052e-06
3.044e-06
3.051e-06
3.057e-06
3.059e-06
3.057e-06
3.057e-06
3.056e-06
3.051e-06
3.044e-06
3.052e-06
3.059e-06
3.059e-06
3.062e-06
3.054e-06
3.049e-06
3.049e-06
3.046e-06
3.054e-06
3.053e-06
3.06e-06
3.056e-06
3.052e-06
3.054e-06
3.045e-06
3.053e-06
3.054e-06
3.06e-06
3.062e-06
3.054e-06
3.053e-06
3.052e-06
3.049e-06
3.054e-06
3.053e-06
3.062e-06
3.061e-06
3.056e-06
3.053e-06
3.045e-06
3.049e-06
3.054e-06
3.057e-06
3.059e-06
