#time [s]
0.008461834
0.008528015
0.008529213
0.008897806
0.008697118
0.008577991
0.008569932
0.008536487
0.008664032
0.008539733
0.008646334
0.008486341
0.00854226
0.00852609
0.008486098
0.008706394
0.00848434
0.008620301
0.008448753
0.008604548
0.008970179
0.009456081
0.008986015
0.008499225
0.00856715
0.00847249
0.008536465
0.009673034
0.008430678
0.008538897
0.008421745
0.00872972
0.008408491
0.008711532
0.008451067
0.008598349
0.008464098
0.008706264
0.008408637
0.009836828
0.009129074
0.008429655
0.008661549
0.008425691
0.01000099
0.008425283
0.008761732
0.008469164
0.008596136
0.008476793
0.008633444
0.008431963
0.008435127
0.008593685
0.008441608
0.008572688
0.00839774
0.00858526
0.00841873
0.00856845
0.00850227
0.008405376
0.008553607
0.008451984
0.008658961
0.008464983
0.008518018
0.008554069
0.008723254
0.008692287
0.008417541
0.008599527
0.008414284
0.008568483
0.008497639
0.008440094
0.008592034
0.00841548
0.008639873
0.008397565
0.008579724
0.008444201
0.008594748
0.008485111
0.008431922
0.008668825
0.008415595
0.008560849
0.008439179
0.008548899
0.008599598
0.008594529
0.008544696
0.008419793
0.00923706
0.010919904
0.010954997
0.010105165
0.010120259
0.011143301
