#time [s]
4.3454e-05
4.3465e-05
4.3392e-05
4.3388e-05
4.3412e-05
4.2931e-05
4.345e-05
4.343e-05
4.3937e-05
4.3456e-05
4.3452e-05
4.3445e-05
4.3409e-05
4.3403e-05
4.346e-05
4.3432e-05
4.3434e-05
4.3413e-05
4.3427e-05
4.3444e-05
4.3439e-05
4.9178e-05
4.3007e-05
4.3458e-05
4.3993e-05
4.3451e-05
4.2933e-05
4.2918e-05
4.2903e-05
4.3447e-05
4.2927e-05
4.344e-05
4.3425e-05
4.343e-05
4.3432e-05
4.3415e-05
4.3414e-05
4.3415e-05
4.3435e-05
4.3441e-05
4.3435e-05
4.3424e-05
4.344e-05
4.341e-05
4.3427e-05
4.3652e-05
4.2948e-05
4.3403e-05
4.3425e-05
4.2944e-05
4.3448e-05
4.3402e-05
4.3418e-05
4.3448e-05
4.3445e-05
4.343e-05
4.339e-05
4.3416e-05
4.3439e-05
4.3436e-05
4.3438e-05
4.341e-05
4.3417e-05
4.3456e-05
4.343e-05
4.3417e-05
4.3417e-05
4.3447e-05
4.3444e-05
4.3449e-05
4.3435e-05
4.3412e-05
4.3422e-05
4.3491e-05
4.3431e-05
4.3436e-05
4.3412e-05
4.3439e-05
4.7589e-05
4.3447e-05
4.342e-05
4.3395e-05
4.2959e-05
4.3466e-05
4.3422e-05
4.3438e-05
4.3414e-05
4.3417e-05
4.3436e-05
4.3421e-05
4.3402e-05
4.3385e-05
4.3444e-05
4.3443e-05
4.3432e-05
4.3421e-05
4.3385e-05
4.3445e-05
4.3443e-05
4.3435e-05
