#time [s]
8.12e-06
8.034e-06
7.968e-06
7.921e-06
7.912e-06
7.933e-06
7.916e-06
7.916e-06
7.92e-06
7.9e-06
7.907e-06
7.921e-06
7.89e-06
7.896e-06
7.921e-06
7.897e-06
7.899e-06
7.919e-06
7.905e-06
7.898e-06
7.92e-06
7.902e-06
7.896e-06
7.915e-06
7.898e-06
7.897e-06
7.921e-06
7.908e-06
7.889e-06
7.925e-06
7.904e-06
7.899e-06
7.918e-06
7.903e-06
7.894e-06
7.921e-06
7.908e-06
7.895e-06
7.914e-06
7.905e-06
7.896e-06
7.916e-06
7.9e-06
7.895e-06
7.912e-06
7.914e-06
7.894e-06
7.913e-06
7.922e-06
7.899e-06
7.915e-06
7.909e-06
7.895e-06
7.908e-06
7.915e-06
7.887e-06
7.902e-06
7.913e-06
7.888e-06
7.912e-06
7.912e-06
7.895e-06
7.902e-06
7.917e-06
7.888e-06
7.899e-06
7.925e-06
7.889e-06
7.913e-06
7.928e-06
7.893e-06
7.899e-06
7.913e-06
7.891e-06
7.902e-06
7.917e-06
7.894e-06
7.901e-06
7.916e-06
7.891e-06
7.902e-06
7.914e-06
7.895e-06
7.895e-06
7.919e-06
7.898e-06
7.897e-06
7.922e-06
7.901e-06
7.907e-06
7.91e-06
8.257e-06
7.979e-06
7.943e-06
7.926e-06
7.918e-06
7.918e-06
7.9e-06
7.912e-06
7.906e-06
