#time [s]
5.8799e-05
5.8776e-05
5.8735e-05
5.8752e-05
5.8907e-05
5.8715e-05
5.8745e-05
5.8782e-05
5.8754e-05
5.8791e-05
5.8746e-05
5.8763e-05
5.8889e-05
5.8785e-05
5.871e-05
5.8795e-05
5.873e-05
5.9116e-05
5.8753e-05
5.8714e-05
5.8706e-05
5.8753e-05
5.8716e-05
5.8783e-05
5.8709e-05
5.8736e-05
5.8848e-05
5.8858e-05
5.8717e-05
5.8771e-05
5.8985e-05
6.3418e-05
5.886e-05
5.8773e-05
5.9059e-05
5.8786e-05
5.872e-05
5.8718e-05
5.8777e-05
5.8739e-05
5.8787e-05
5.9012e-05
5.8704e-05
5.875e-05
5.875e-05
5.8992e-05
5.8823e-05
5.8794e-05
5.9194e-05
5.8787e-05
5.8701e-05
5.8781e-05
5.8728e-05
5.875e-05
5.9157e-05
5.8752e-05
5.8753e-05
5.8774e-05
5.8763e-05
5.8746e-05
5.8756e-05
5.8774e-05
5.8689e-05
5.876e-05
5.8723e-05
5.8783e-05
5.8733e-05
5.8713e-05
5.8793e-05
5.875e-05
5.8744e-05
5.8762e-05
5.8777e-05
5.8762e-05
5.8747e-05
5.8776e-05
5.8731e-05
5.8815e-05
5.8902e-05
5.8746e-05
5.8733e-05
5.8778e-05
5.8733e-05
5.8776e-05
7.3479e-05
6.1949e-05
6.0425e-05
6.3846e-05
6.0736e-05
6.1987e-05
6.3197e-05
6.2747e-05
5.8766e-05
5.9034e-05
6.2864e-05
5.92e-05
5.8747e-05
5.8727e-05
5.8723e-05
5.876e-05
