#time [s]
9.25e-07
8.42e-07
8.39e-07
8.36e-07
8.37e-07
8.35e-07
8.37e-07
8.37e-07
8.35e-07
8.36e-07
8.37e-07
8.35e-07
8.35e-07
8.37e-07
8.34e-07
8.37e-07
8.35e-07
8.37e-07
8.36e-07
8.38e-07
8.36e-07
8.39e-07
8.36e-07
8.4e-07
8.38e-07
8.38e-07
8.92e-07
8.38e-07
8.38e-07
8.38e-07
8.39e-07
8.37e-07
8.39e-07
8.36e-07
8.37e-07
8.35e-07
8.38e-07
8.35e-07
8.37e-07
8.34e-07
8.36e-07
8.34e-07
8.35e-07
8.89e-07
8.36e-07
8.36e-07
8.36e-07
8.38e-07
8.37e-07
8.4e-07
8.37e-07
8.4e-07
8.37e-07
8.38e-07
8.37e-07
8.4e-07
8.38e-07
8.4e-07
8.37e-07
8.38e-07
8.9e-07
8.38e-07
8.36e-07
8.35e-07
8.38e-07
8.34e-07
8.36e-07
8.34e-07
8.36e-07
8.35e-07
8.38e-07
8.36e-07
8.36e-07
8.36e-07
8.38e-07
8.92e-07
8.37e-07
8.37e-07
8.39e-07
8.38e-07
8.38e-07
8.4e-07
8.36e-07
8.41e-07
8.37e-07
8.39e-07
8.36e-07
8.39e-07
8.35e-07
8.37e-07
8.35e-07
8.36e-07
8.34e-07
8.34e-07
8.34e-07
8.37e-07
8.36e-07
8.36e-07
8.39e-07
8.36e-07
