#time [s]
6.3056e-05
6.2994e-05
6.301e-05
6.3116e-05
6.3097e-05
6.2961e-05
6.2977e-05
6.3028e-05
6.3001e-05
6.3043e-05
7.3404e-05
6.3938e-05
6.2991e-05
6.2985e-05
6.303e-05
6.2989e-05
6.3371e-05
6.2995e-05
6.2949e-05
6.2963e-05
6.2976e-05
6.3009e-05
6.2999e-05
6.2959e-05
6.2932e-05
6.2964e-05
6.2977e-05
6.2968e-05
6.2978e-05
6.2958e-05
6.2972e-05
8.93e-05
6.3232e-05
6.3048e-05
6.3223e-05
6.3054e-05
6.3185e-05
6.3143e-05
6.2981e-05
6.2975e-05
6.3314e-05
6.2954e-05
6.295e-05
6.3238e-05
6.3037e-05
6.2933e-05
6.3028e-05
6.2976e-05
6.3005e-05
6.2977e-05
6.3008e-05
6.3111e-05
6.3837e-05
6.2995e-05
6.2956e-05
6.2953e-05
6.294e-05
6.2963e-05
6.2975e-05
6.2988e-05
6.2933e-05
6.2963e-05
6.2986e-05
6.3363e-05
6.2983e-05
6.2967e-05
6.2949e-05
6.2986e-05
6.3077e-05
6.3032e-05
6.2969e-05
6.2999e-05
6.2961e-05
6.2928e-05
6.3019e-05
6.5547e-05
6.3382e-05
6.2988e-05
6.3056e-05
6.2943e-05
6.2957e-05
6.303e-05
6.2982e-05
6.2964e-05
6.2946e-05
6.3441e-05
6.2993e-05
6.2961e-05
6.2932e-05
6.299e-05
6.2998e-05
6.2995e-05
6.2961e-05
6.3001e-05
6.2942e-05
6.2975e-05
6.2937e-05
6.298e-05
6.2924e-05
6.2969e-05
