#time [s]
3.542e-06
3.415e-06
3.413e-06
3.335e-06
3.412e-06
3.418e-06
3.425e-06
3.421e-06
3.414e-06
3.489e-06
3.408e-06
3.411e-06
3.422e-06
3.423e-06
3.498e-06
3.493e-06
3.494e-06
3.488e-06
3.497e-06
3.499e-06
3.506e-06
3.497e-06
3.495e-06
3.487e-06
3.497e-06
3.495e-06
3.504e-06
3.5e-06
3.5e-06
3.491e-06
3.493e-06
3.491e-06
3.501e-06
3.502e-06
3.504e-06
3.494e-06
3.493e-06
3.487e-06
3.498e-06
3.497e-06
3.506e-06
3.499e-06
3.499e-06
3.488e-06
3.492e-06
3.493e-06
3.502e-06
3.501e-06
3.501e-06
3.493e-06
3.492e-06
3.489e-06
3.498e-06
3.499e-06
3.506e-06
3.496e-06
3.496e-06
3.486e-06
3.494e-06
3.495e-06
3.505e-06
3.5e-06
3.501e-06
3.49e-06
3.493e-06
3.491e-06
3.5e-06
3.501e-06
3.504e-06
3.493e-06
3.494e-06
3.488e-06
3.499e-06
3.498e-06
3.508e-06
3.496e-06
3.499e-06
3.487e-06
3.493e-06
3.493e-06
3.504e-06
3.501e-06
3.5e-06
3.492e-06
3.493e-06
3.49e-06
3.501e-06
3.499e-06
3.506e-06
3.495e-06
3.495e-06
3.486e-06
3.497e-06
3.497e-06
3.506e-06
3.499e-06
3.498e-06
3.489e-06
3.494e-06
3.492e-06
