#time [s]
6.823e-06
5.124e-06
5.134e-06
5.102e-06
5.073e-06
5.111e-06
5.095e-06
5.1e-06
5.09e-06
5.076e-06
5.085e-06
5.086e-06
5.096e-06
5.086e-06
5.085e-06
5.084e-06
5.089e-06
5.094e-06
5.086e-06
5.088e-06
5.08e-06
5.09e-06
5.094e-06
5.097e-06
5.089e-06
5.08e-06
5.076e-06
5.096e-06
5.09e-06
5.092e-06
5.079e-06
5.084e-06
5.092e-06
5.102e-06
5.084e-06
5.086e-06
5.081e-06
5.091e-06
5.095e-06
5.096e-06
5.085e-06
5.08e-06
5.078e-06
5.099e-06
5.089e-06
5.09e-06
5.077e-06
5.087e-06
5.094e-06
5.101e-06
5.082e-06
5.083e-06
5.083e-06
5.093e-06
5.097e-06
5.094e-06
5.084e-06
5.082e-06
5.08e-06
5.1e-06
5.096e-06
5.088e-06
5.077e-06
5.089e-06
5.096e-06
5.099e-06
5.08e-06
5.082e-06
5.087e-06
5.096e-06
5.097e-06
5.087e-06
5.079e-06
5.075e-06
5.088e-06
5.098e-06
5.09e-06
5.084e-06
5.078e-06
5.079e-06
5.096e-06
5.087e-06
5.083e-06
5.08e-06
5.084e-06
5.096e-06
5.095e-06
5.079e-06
5.077e-06
5.076e-06
5.09e-06
5.099e-06
5.087e-06
5.082e-06
5.08e-06
5.085e-06
5.095e-06
5.095e-06
5.081e-06
5.082e-06
