#time [s]
8.4865e-05
8.4819e-05
8.4838e-05
8.4468e-05
8.5955e-05
8.4779e-05
8.4841e-05
8.4862e-05
8.4821e-05
8.4774e-05
8.4803e-05
8.4829e-05
8.48e-05
8.4792e-05
9.0569e-05
9.4191e-05
0.000105262
8.4906e-05
8.485e-05
8.5448e-05
8.479e-05
8.4505e-05
8.5363e-05
8.4811e-05
8.4807e-05
8.4432e-05
8.4703e-05
8.4811e-05
8.4837e-05
8.4712e-05
8.4819e-05
8.4807e-05
9.1193e-05
8.4573e-05
8.4847e-05
8.4843e-05
8.483e-05
8.4814e-05
8.4821e-05
8.487e-05
8.4749e-05
8.5752e-05
8.4788e-05
8.4843e-05
8.4774e-05
8.479e-05
8.4787e-05
8.4806e-05
8.5378e-05
8.4858e-05
8.4726e-05
8.6409e-05
8.4711e-05
8.4784e-05
8.4809e-05
8.4816e-05
8.5373e-05
8.4785e-05
8.4905e-05
8.4818e-05
8.4772e-05
8.6417e-05
8.4794e-05
8.4791e-05
8.4771e-05
8.4789e-05
8.4716e-05
8.4799e-05
8.4813e-05
8.4833e-05
8.4764e-05
8.4801e-05
8.481e-05
8.4745e-05
8.4655e-05
8.4888e-05
8.4886e-05
8.4886e-05
8.4452e-05
8.4843e-05
8.4807e-05
8.4807e-05
8.4797e-05
8.4429e-05
8.4445e-05
8.4827e-05
8.5921e-05
8.471e-05
8.4726e-05
8.4821e-05
8.4827e-05
8.4802e-05
8.4809e-05
8.6408e-05
8.4836e-05
8.4781e-05
8.5344e-05
8.4828e-05
8.4808e-05
8.5757e-05
