#time [s]
0.000143364
0.00014187
0.000142503
0.000141885
0.00014217
0.000196921
0.000192476
0.000157406
0.000141481
0.000141302
0.000141407
0.000141288
0.000141331
0.000163254
0.000142079
0.000141585
0.000141715
0.000141231
0.000141284
0.000141344
0.000141369
0.000141623
0.000141276
0.000148956
0.000142188
0.00014137
0.00014801
0.00014229
0.000162246
0.000141691
0.000141587
0.000141175
0.000141637
0.00014172
0.000141378
0.000141281
0.000141241
0.000141364
0.000141199
0.000141314
0.000141356
0.000141128
0.00014135
0.000141246
0.000141214
0.000141288
0.000141346
0.000141473
0.000153286
0.000142287
0.000141472
0.000141455
0.000141365
0.000141355
0.000141291
0.000141308
0.000141257
0.00014118
0.000141377
0.000141445
0.000141316
0.000141254
0.000141322
0.000141562
0.000141475
0.000141384
0.000141301
0.00014122
0.000141244
0.00014143
0.000141321
0.000141242
0.000141311
0.000149499
0.000141777
0.000141545
0.000141509
0.000141412
0.000141325
0.000141435
0.00014132
0.00014797
0.000141655
0.000142626
0.000160512
0.000141375
0.00014125
0.000141342
0.000141266
0.000141389
0.000160882
0.000141341
0.000146585
0.000141426
0.000141229
0.000141313
0.000141368
0.000141403
0.000142126
0.000156222
