#time [s]
0.000319036
0.00034144
0.000291588
0.00029052
0.000300133
0.000293362
0.000291171
0.000318612
0.000292787
0.000291436
0.000291096
0.000290781
0.000291123
0.000291646
0.000290494
0.000290641
0.000304376
0.000294193
0.000291117
0.000297344
0.000292661
0.000290396
0.000296782
0.000292623
0.000290868
0.000291105
0.000293334
0.000317288
0.000291304
0.00030054
0.00029161
0.000291538
0.000291986
0.000290903
0.000293583
0.000297807
0.000329542
0.000355772
0.000290688
0.000290974
0.000290281
0.000301328
0.000291372
0.00036364
0.000291073
0.000290652
0.000290255
0.000292392
0.000290657
0.000291755
0.000292829
0.00029067
0.000290477
0.000290412
0.000299135
0.000312248
0.000290503
0.000290532
0.000290071
0.000289996
0.000290658
0.000290241
0.000292471
0.000297646
0.000290711
0.000292018
0.000290605
0.000296006
0.000292709
0.000295645
0.000290136
0.000291839
0.000295544
0.000289972
0.000292354
0.000290644
0.000290585
0.000290401
0.000296541
0.000291366
0.000290679
0.000290918
0.000294837
0.000310186
0.000311742
0.000311301
0.00028976
0.000290212
0.000289759
0.000289985
0.000298795
0.000296702
0.000296148
0.000385715
0.000290553
0.000292243
0.000290314
0.000290619
0.000289526
0.000291039
