#time [s]
0.001325073
0.001326554
0.001456557
0.001367274
0.00133216
0.001332824
0.001352122
0.001348958
0.001329987
0.001331645
0.001367754
0.001319001
0.001345182
0.001478546
0.001360162
0.001322707
0.001345032
0.001325428
0.001354057
0.001327504
0.001331011
0.001348534
0.001333029
0.001326081
0.001389364
0.001319958
0.00132001
0.001331214
0.001325739
0.001328313
0.001337915
0.001349976
0.001333168
0.001328006
0.001337801
0.001479785
0.00132005
0.001355369
0.001319355
0.001323306
0.001350521
0.001342474
0.001325565
0.001367914
0.001318895
0.001332974
0.00140059
0.00141701
0.001333427
0.001327089
0.001325988
0.001353683
0.001346182
0.001347013
0.00132984
0.001336894
0.001372624
0.001447177
0.001353315
0.001339298
0.001322456
0.001327387
0.001375414
0.001325122
0.001332434
0.001363983
0.001332541
0.001319218
0.001466637
0.001354109
0.001331994
0.001324772
0.001332612
0.001357823
0.001329207
0.001349141
0.001333239
0.001325418
0.001337058
0.001444635
0.001360282
0.001353158
0.001322304
0.001324733
0.001366946
0.001343511
0.001325129
0.001356159
0.00131926
0.001335582
0.001478817
0.001352231
0.001334615
0.001327728
0.00133731
0.00135632
0.001355254
0.001342477
0.001335077
0.001331871
