#time [s]
3.774e-06
3.744e-06
3.717e-06
3.739e-06
3.75e-06
3.715e-06
3.726e-06
3.746e-06
3.711e-06
3.713e-06
3.696e-06
3.718e-06
3.722e-06
3.713e-06
3.74e-06
3.713e-06
3.753e-06
3.712e-06
3.702e-06
3.713e-06
3.728e-06
3.702e-06
3.729e-06
3.727e-06
3.736e-06
3.706e-06
3.701e-06
3.706e-06
3.712e-06
3.728e-06
3.713e-06
3.722e-06
3.708e-06
3.708e-06
3.702e-06
3.726e-06
3.711e-06
3.741e-06
3.715e-06
3.718e-06
3.704e-06
3.72e-06
3.705e-06
3.729e-06
3.721e-06
3.724e-06
3.717e-06
3.729e-06
3.699e-06
3.713e-06
3.71e-06
3.732e-06
3.731e-06
3.736e-06
3.722e-06
3.725e-06
3.732e-06
3.727e-06
3.712e-06
3.733e-06
3.728e-06
3.733e-06
3.719e-06
3.728e-06
3.736e-06
3.729e-06
3.724e-06
3.726e-06
3.727e-06
3.722e-06
3.701e-06
3.729e-06
3.719e-06
3.728e-06
3.714e-06
3.728e-06
3.706e-06
3.719e-06
3.711e-06
3.711e-06
3.718e-06
3.744e-06
3.724e-06
3.719e-06
3.715e-06
3.706e-06
3.739e-06
3.738e-06
3.72e-06
3.745e-06
3.724e-06
3.717e-06
3.713e-06
3.709e-06
3.743e-06
3.74e-06
3.744e-06
3.712e-06
3.719e-06
3.713e-06
