#time [s]
1.4423e-05
1.435e-05
1.4312e-05
1.4351e-05
1.4341e-05
1.4321e-05
1.4348e-05
1.4306e-05
1.4365e-05
1.4328e-05
1.4344e-05
1.4342e-05
1.4332e-05
1.4366e-05
1.4327e-05
1.4348e-05
1.4343e-05
1.4347e-05
1.436e-05
1.4332e-05
1.4355e-05
1.4328e-05
1.4344e-05
1.4357e-05
1.432e-05
1.435e-05
1.4328e-05
1.4344e-05
1.4329e-05
1.4327e-05
1.4357e-05
1.4316e-05
1.4343e-05
1.4338e-05
1.432e-05
1.4346e-05
1.432e-05
1.4354e-05
1.4325e-05
1.434e-05
1.4341e-05
1.4312e-05
1.4369e-05
1.4315e-05
1.4366e-05
1.4357e-05
1.4327e-05
1.4366e-05
1.4328e-05
1.4343e-05
1.4365e-05
1.4342e-05
1.4354e-05
1.434e-05
1.4353e-05
1.4339e-05
1.4312e-05
1.4363e-05
1.4331e-05
1.4367e-05
1.4347e-05
1.4337e-05
1.4342e-05
1.4314e-05
1.4365e-05
1.4453e-05
1.4328e-05
1.4352e-05
1.4306e-05
1.4357e-05
1.4314e-05
1.4359e-05
1.4331e-05
1.4338e-05
1.436e-05
1.4309e-05
1.4341e-05
1.4326e-05
1.4332e-05
1.4346e-05
1.4339e-05
1.4348e-05
1.4324e-05
1.4313e-05
1.4364e-05
1.432e-05
1.4384e-05
1.4352e-05
1.4337e-05
1.4344e-05
1.4337e-05
1.4349e-05
1.4318e-05
1.4351e-05
1.4345e-05
1.4322e-05
1.4349e-05
1.432e-05
1.4345e-05
1.4328e-05
