#time [s]
1.224e-06
1.209e-06
1.204e-06
1.168e-06
1.208e-06
1.205e-06
1.211e-06
1.204e-06
1.206e-06
1.203e-06
1.204e-06
1.203e-06
1.202e-06
1.204e-06
1.208e-06
1.205e-06
1.205e-06
1.208e-06
1.211e-06
1.208e-06
1.207e-06
1.207e-06
1.213e-06
1.206e-06
1.207e-06
1.206e-06
1.207e-06
1.204e-06
1.207e-06
1.203e-06
1.203e-06
1.203e-06
1.203e-06
1.206e-06
1.205e-06
1.204e-06
1.209e-06
1.205e-06
1.205e-06
1.206e-06
1.21e-06
1.208e-06
1.21e-06
1.207e-06
1.206e-06
1.207e-06
1.209e-06
1.205e-06
1.205e-06
1.207e-06
1.207e-06
1.203e-06
1.203e-06
1.204e-06
1.209e-06
1.202e-06
1.207e-06
1.205e-06
1.208e-06
1.207e-06
1.21e-06
1.208e-06
1.208e-06
1.208e-06
1.205e-06
1.208e-06
1.206e-06
1.205e-06
1.209e-06
1.204e-06
1.204e-06
1.203e-06
1.204e-06
1.202e-06
1.206e-06
1.205e-06
1.204e-06
1.205e-06
1.209e-06
1.206e-06
1.206e-06
1.21e-06
1.211e-06
1.207e-06
1.208e-06
1.207e-06
1.21e-06
1.207e-06
1.207e-06
1.204e-06
1.206e-06
1.204e-06
1.207e-06
1.202e-06
1.202e-06
1.206e-06
1.208e-06
1.203e-06
1.204e-06
1.205e-06
