#time [s]
0.000167216
0.000166913
0.00016683
0.000166761
0.000166851
0.000166848
0.000166891
0.000166833
0.000166745
0.000166805
0.000166775
0.000166793
0.000166838
0.000166826
0.000166744
0.000166823
0.000166823
0.000166804
0.000166851
0.000166881
0.000166831
0.000166885
0.000173724
0.000167127
0.000173659
0.000166873
0.000166856
0.000166683
0.000166758
0.000166752
0.000166827
0.000166805
0.000166718
0.000166793
0.000174904
0.000167874
0.000166853
0.000166816
0.000166862
0.000166831
0.000166959
0.000166804
0.000166734
0.000166797
0.000166833
0.000166823
0.000167013
0.000166886
0.000166841
0.000166879
0.000166771
0.000166807
0.000166804
0.000166849
0.000166835
0.000166738
0.00016681
0.000166783
0.000166868
0.000166792
0.000166845
0.000166806
0.000166858
0.000166812
0.000166845
0.000166779
0.000166761
0.000166816
0.000166737
0.000176536
0.000166919
0.000166916
0.000166897
0.000166909
0.000166823
0.000166841
0.000166795
0.000166831
0.000166799
0.000166784
0.000166804
0.000166849
0.00016683
0.000166743
0.000166651
0.000166857
0.000166708
0.000166705
0.000166834
0.000166885
0.000166868
0.000173684
0.000167148
0.000166888
0.000166777
0.000166838
0.000166822
0.000166772
0.000166819
0.000166806
