#time [s]
0.000832829
0.000837499
0.000816892
0.000817724
0.000869051
0.00090762
0.000890043
0.000823226
0.000814596
0.000827856
0.000813478
0.000812513
0.000828478
0.00084194
0.000817729
0.000845862
0.000846983
0.000831951
0.000813455
0.000828323
0.000863487
0.00083111
0.000930616
0.000813771
0.000876613
0.000839764
0.000811638
0.000819168
0.000813396
0.000816304
0.000824689
0.000821239
0.000827074
0.000816115
0.000829657
0.000876431
0.000822926
0.000814317
0.00081621
0.000812462
0.000822461
0.000812378
0.000828582
0.000825025
0.000880989
0.000812338
0.000811678
0.000828549
0.000826795
0.000824454
0.000847427
0.000832948
0.000830559
0.000821975
0.000906512
0.000839545
0.000814079
0.000814357
0.00081547
0.000817439
0.00084033
0.000838941
0.000836898
0.00085292
0.000825302
0.00081183
0.000813904
0.000815903
0.000833482
0.000914048
0.000816336
0.000812524
0.000820968
0.000814569
0.000811873
0.000823976
0.000834859
0.000827641
0.000823666
0.000815606
0.000823507
0.00084359
0.00085097
0.000811464
0.00083044
0.000878726
0.000821811
0.000898354
0.000812546
0.000833871
0.000830124
0.000818106
0.000817228
0.000826544
0.000814432
0.000815507
0.000820654
0.000834525
0.000824212
0.000817283
