#time [s]
0.003352584
0.002702434
0.002771326
0.002758097
0.002820124
0.002759925
0.002735827
0.002719163
0.002708932
0.003108796
0.002691298
0.002752957
0.002776569
0.002789316
0.002814451
0.002775805
0.002868367
0.002854038
0.002810519
0.002828761
0.00279594
0.002770398
0.002717679
0.00266068
0.002744131
0.002765279
0.003620152
0.0027028
0.00271737
0.002704429
0.002861702
0.00279837
0.00266581
0.002713419
0.002737032
0.002884282
0.002744806
0.002753722
0.002810782
0.002712446
0.002703153
0.002680427
0.002787112
0.002725059
0.002891036
0.002672307
0.002754063
0.002733475
0.002872555
0.002764138
0.002736909
0.002767878
0.002817759
0.002842529
0.002670813
0.002731547
0.002740087
0.002855204
0.00275152
0.002678957
0.002779977
0.002823481
0.002866934
0.002710781
0.002687138
0.002661397
0.002961169
0.002710621
0.00274911
0.002700072
0.002850777
0.002758529
0.002708925
0.002763537
0.002744008
0.002706082
0.002756671
0.002692961
0.00274082
0.002858878
0.002708712
0.002776163
0.002723576
0.002749186
0.002759894
0.002708218
0.002782836
0.002722829
0.002912679
0.002711481
0.002712988
0.00283259
0.002790927
0.002826598
0.002723275
0.002673582
0.002803199
0.002900456
0.00269929
0.002753134
