#time [s]
8.1545e-05
8.1074e-05
8.1028e-05
8.065e-05
8.0604e-05
8.1013e-05
8.153e-05
8.2082e-05
8.1569e-05
8.1006e-05
8.0964e-05
8.1006e-05
8.0981e-05
8.0993e-05
8.101e-05
8.2413e-05
8.0722e-05
8.1547e-05
8.0925e-05
8.0999e-05
8.0976e-05
8.0984e-05
8.1021e-05
8.0992e-05
8.0877e-05
8.1571e-05
8.099e-05
8.099e-05
8.0994e-05
8.1534e-05
8.1498e-05
8.1036e-05
8.0991e-05
8.099e-05
8.1555e-05
8.1019e-05
8.092e-05
8.1026e-05
8.1534e-05
8.0974e-05
8.0709e-05
8.1076e-05
8.2568e-05
8.1015e-05
8.1561e-05
8.1053e-05
8.064e-05
8.063e-05
8.0615e-05
8.0568e-05
8.0684e-05
8.1045e-05
8.0658e-05
8.0675e-05
8.1036e-05
8.1007e-05
8.0899e-05
8.107e-05
8.0975e-05
8.1018e-05
8.1041e-05
8.1538e-05
8.0954e-05
8.103e-05
8.0945e-05
8.0991e-05
8.0972e-05
8.0984e-05
8.2501e-05
8.2494e-05
8.1527e-05
8.0987e-05
8.0965e-05
8.3208e-05
8.0994e-05
8.0984e-05
8.1001e-05
8.1036e-05
8.0946e-05
8.0984e-05
8.1032e-05
8.1564e-05
8.155e-05
8.7262e-05
8.0727e-05
8.1066e-05
8.1572e-05
8.1571e-05
8.0996e-05
8.0935e-05
8.7254e-05
8.1041e-05
8.1542e-05
8.1573e-05
8.1563e-05
8.0999e-05
8.1029e-05
8.0988e-05
8.1526e-05
8.1016e-05
