#time [s]
0.000511636
0.0005023
0.000502237
0.000502257
0.000502279
0.000503955
0.000511087
0.00050378
0.000502197
0.00050934
0.000507735
0.000507325
0.000503092
0.000502139
0.000533477
0.000563662
0.000502233
0.000502101
0.000502144
0.000522609
0.000502227
0.000502213
0.000502048
0.000502513
0.000502165
0.000502046
0.000502111
0.000502159
0.000509108
0.000502206
0.000502065
0.000516709
0.000502335
0.000505919
0.000502231
0.000502171
0.000504995
0.000507521
0.000509465
0.000510261
0.000502447
0.00050207
0.00050423
0.000502063
0.000502091
0.000502332
0.000508828
0.000502118
0.000557794
0.000548542
0.000502332
0.000502254
0.000518874
0.000502439
0.000502119
0.000502003
0.000509317
0.000507411
0.000502275
0.000504095
0.000502108
0.000502102
0.000502112
0.000502083
0.00051487
0.000510485
0.000502204
0.000503738
0.000506756
0.000502132
0.000502196
0.000501806
0.000502025
0.000515214
0.000502352
0.000506829
0.000511956
0.000502243
0.000502167
0.000501966
0.000502157
0.000533578
0.000504116
0.000531821
0.00054686
0.00054022
0.000524123
0.000532241
0.000502782
0.000509713
0.000504036
0.000502074
0.000503892
0.000502164
0.000504533
0.000502233
0.000503862
0.000502021
0.000507006
0.00050429
