#time [s]
5.966e-06
5.65e-06
5.651e-06
5.647e-06
5.635e-06
5.627e-06
5.646e-06
5.647e-06
5.636e-06
5.626e-06
5.655e-06
5.651e-06
5.654e-06
5.631e-06
5.636e-06
5.645e-06
5.636e-06
5.629e-06
5.653e-06
5.642e-06
5.647e-06
5.631e-06
5.633e-06
5.64e-06
5.646e-06
5.632e-06
5.65e-06
5.638e-06
5.652e-06
5.635e-06
5.631e-06
5.637e-06
5.646e-06
5.634e-06
5.63e-06
5.629e-06
5.647e-06
5.637e-06
5.631e-06
5.634e-06
5.646e-06
5.65e-06
5.652e-06
5.629e-06
5.661e-06
5.648e-06
5.648e-06
5.627e-06
5.656e-06
5.647e-06
5.639e-06
5.63e-06
5.655e-06
5.647e-06
5.658e-06
5.627e-06
5.638e-06
5.646e-06
5.657e-06
5.63e-06
5.647e-06
5.641e-06
5.647e-06
5.634e-06
5.643e-06
5.639e-06
5.65e-06
5.635e-06
5.642e-06
5.636e-06
5.651e-06
5.637e-06
5.641e-06
5.634e-06
5.651e-06
5.64e-06
5.633e-06
5.633e-06
5.658e-06
5.641e-06
5.633e-06
5.628e-06
5.645e-06
5.648e-06
5.65e-06
5.629e-06
5.656e-06
5.649e-06
5.658e-06
5.627e-06
5.639e-06
5.649e-06
5.642e-06
5.63e-06
5.636e-06
5.646e-06
5.641e-06
5.646e-06
5.63e-06
5.66e-06
