#time [s]
0.004910747
0.004439023
0.00438119
0.004520634
0.004393726
0.004488794
0.004396696
0.004510592
0.004399301
0.004477125
0.004350508
0.004474591
0.004415932
0.004381527
0.004418244
0.004495286
0.004402948
0.0043943
0.004420079
0.004461224
0.004437411
0.004411502
0.004419677
0.004442391
0.004380272
0.004364052
0.004544496
0.004408249
0.004427764
0.004384176
0.004540921
0.004374936
0.004384406
0.004512281
0.00443224
0.004390863
0.004391933
0.004488831
0.004474726
0.004487628
0.004363972
0.004674625
0.004425644
0.004446683
0.004446913
0.004500853
0.004366206
0.004387143
0.004447838
0.004459768
0.004358136
0.004447668
0.004519788
0.004349296
0.004408882
0.004370431
0.00449775
0.004351444
0.004394256
0.004363482
0.00453805
0.004367701
0.004443188
0.004440468
0.00441559
0.004363534
0.004401019
0.004423411
0.004390876
0.004407321
0.004387456
0.004462419
0.004384976
0.004409417
0.004379832
0.004499182
0.004363942
0.004448136
0.004356416
0.004522182
0.004356657
0.004389268
0.004415643
0.004414796
0.004415769
0.004453832
0.004555339
0.004466677
0.004399725
0.004502359
0.004440484
0.004395873
0.004452634
0.004585108
0.004416712
0.004360013
0.004393749
0.004481797
0.004361817
0.004403733
