#time [s]
0.000122557
0.000122553
0.000132599
0.000122605
0.000122561
0.000122525
0.000122677
0.000122538
0.000122538
0.000122479
0.000122557
0.000122544
0.000122541
0.000122545
0.000122546
0.000122556
0.000122539
0.000122565
0.000122536
0.000122467
0.000122534
0.000122564
0.000122555
0.000122543
0.000122451
0.000122575
0.000129027
0.000122683
0.000122651
0.000122604
0.000122548
0.000122543
0.000122514
0.000122526
0.000122511
0.000122569
0.000122613
0.000122451
0.000122597
0.000122556
0.000122606
0.00012253
0.000122601
0.000122527
0.000122608
0.00012253
0.000122612
0.000122531
0.000122597
0.000129153
0.000122525
0.000122604
0.000122498
0.000122609
0.000122581
0.000122622
0.000122513
0.000132459
0.000122593
0.000122618
0.000122594
0.000122519
0.000122552
0.000122519
0.000122528
0.000122512
0.000122527
0.000122492
0.000122508
0.000122502
0.000122508
0.00012246
0.000122553
0.000122499
0.00012249
0.000122516
0.000122498
0.000122492
0.000122497
0.000122558
0.000122569
0.000122508
0.000122573
0.00012252
0.000122539
0.000122504
0.000122531
0.000122523
0.00012906
0.000122593
0.000122646
0.00012262
0.000122615
0.000122437
0.000122511
0.000122582
0.000122594
0.000122538
0.000122613
0.000122484
