#time [s]
0.000205516
0.000207945
0.000205936
0.000205409
0.000205363
0.00020539
0.000205313
0.000205462
0.00020535
0.000205422
0.000205326
0.000205356
0.000205412
0.00020537
0.000205392
0.000205362
0.000214318
0.000206155
0.000205383
0.000212203
0.000205311
0.000205297
0.000205287
0.000205326
0.00020535
0.000205385
0.000205277
0.000205401
0.00020532
0.000205316
0.000207962
0.000205349
0.000205323
0.000205383
0.000216131
0.000318518
0.00020556
0.000205403
0.000205435
0.000205454
0.000205255
0.000205291
0.000205356
0.000205437
0.00020536
0.000224423
0.000205552
0.000205288
0.000205226
0.000205329
0.000205379
0.000205364
0.000205301
0.000212603
0.000205528
0.000205435
0.000207612
0.000205358
0.00020536
0.000205322
0.000205258
0.000215197
0.000210627
0.000205486
0.000205387
0.000205423
0.000205184
0.000205353
0.000205334
0.000205384
0.000205399
0.000205299
0.0002188
0.000207365
0.000205353
0.000205401
0.000205388
0.000205342
0.00020529
0.000205329
0.000205348
0.000205823
0.00020514
0.00020534
0.000206246
0.000205382
0.000205339
0.000205359
0.000205283
0.000205652
0.000207031
0.000214292
0.00020556
0.000205368
0.000205331
0.000205323
0.000205376
0.000205381
0.000205285
0.000209328
