#time [s]
3.513e-06
3.455e-06
3.433e-06
3.426e-06
3.416e-06
3.404e-06
3.408e-06
3.401e-06
3.401e-06
3.401e-06
3.396e-06
3.403e-06
3.403e-06
3.408e-06
3.412e-06
3.428e-06
3.402e-06
3.389e-06
3.401e-06
3.396e-06
3.41e-06
3.404e-06
3.408e-06
3.394e-06
3.398e-06
3.417e-06
3.398e-06
3.4e-06
3.407e-06
3.401e-06
3.401e-06
3.393e-06
3.393e-06
3.396e-06
3.401e-06
3.429e-06
3.408e-06
3.403e-06
3.402e-06
3.395e-06
3.395e-06
3.398e-06
3.407e-06
3.406e-06
3.405e-06
3.425e-06
3.4e-06
3.392e-06
3.397e-06
3.401e-06
3.408e-06
3.406e-06
3.403e-06
3.4e-06
3.394e-06
3.395e-06
3.398e-06
3.405e-06
3.407e-06
3.404e-06
3.4e-06
3.4e-06
3.394e-06
3.397e-06
3.425e-06
3.414e-06
3.41e-06
3.404e-06
3.404e-06
3.412e-06
3.406e-06
3.404e-06
3.399e-06
3.396e-06
3.394e-06
3.398e-06
3.4e-06
3.408e-06
3.398e-06
3.402e-06
3.41e-06
3.387e-06
3.4e-06
3.402e-06
3.408e-06
3.398e-06
3.398e-06
3.392e-06
3.394e-06
3.395e-06
3.398e-06
3.399e-06
3.409e-06
3.397e-06
3.398e-06
3.395e-06
3.393e-06
3.393e-06
3.404e-06
3.404e-06
