#time [s]
4.765e-06
4.759e-06
4.758e-06
4.756e-06
4.757e-06
4.742e-06
4.745e-06
4.757e-06
4.76e-06
4.747e-06
4.742e-06
4.738e-06
4.746e-06
4.753e-06
4.755e-06
4.749e-06
4.738e-06
4.74e-06
4.75e-06
4.754e-06
4.752e-06
4.742e-06
4.739e-06
4.746e-06
4.753e-06
4.754e-06
4.749e-06
4.739e-06
4.741e-06
4.746e-06
4.755e-06
4.751e-06
4.747e-06
4.737e-06
4.763e-06
4.752e-06
4.761e-06
4.759e-06
4.744e-06
4.747e-06
4.745e-06
4.754e-06
4.756e-06
4.754e-06
4.745e-06
4.742e-06
4.77e-06
4.758e-06
4.759e-06
4.745e-06
4.739e-06
4.745e-06
4.754e-06
4.757e-06
4.751e-06
4.742e-06
4.74e-06
4.748e-06
4.756e-06
4.755e-06
4.747e-06
4.739e-06
4.743e-06
4.751e-06
4.767e-06
4.758e-06
4.744e-06
4.739e-06
4.747e-06
4.754e-06
4.755e-06
4.749e-06
4.738e-06
4.739e-06
4.747e-06
4.754e-06
4.751e-06
4.746e-06
4.765e-06
4.744e-06
4.751e-06
4.757e-06
4.749e-06
4.741e-06
4.738e-06
4.748e-06
4.752e-06
4.753e-06
4.745e-06
4.737e-06
4.739e-06
4.749e-06
4.758e-06
4.746e-06
4.746e-06
4.733e-06
4.746e-06
4.747e-06
4.758e-06
4.747e-06
