#time [s]
0.000301017
0.000300978
0.000300924
0.000300922
0.000300973
0.000300958
0.000300975
0.000300935
0.00030092
0.000300925
0.000300961
0.000310942
0.000301082
0.00030099
0.00030566
0.000300937
0.000300914
0.000300968
0.000300782
0.000300936
0.000301004
0.000300906
0.000300941
0.000307753
0.000301002
0.000300982
0.000300843
0.000300927
0.00030094
0.000300944
0.000300947
0.000300954
0.000300869
0.000300918
0.00030083
0.000300911
0.000307171
0.000301098
0.000393486
0.000301084
0.000300959
0.000300914
0.000300968
0.000300953
0.000307931
0.000309205
0.00030102
0.000300965
0.00030089
0.000306998
0.000301082
0.000300941
0.000300955
0.000301027
0.0003009
0.000301031
0.000300938
0.000300917
0.000300973
0.000300924
0.000300945
0.000312106
0.000301054
0.000300947
0.00030096
0.000300847
0.000300921
0.000300953
0.000300933
0.000300946
0.000300902
0.000300817
0.000300931
0.000300973
0.000305549
0.000307515
0.000301057
0.000301019
0.000300958
0.000300968
0.000300939
0.000300912
0.00030095
0.00030091
0.000300956
0.000300967
0.000300912
0.000300944
0.000307519
0.000301009
0.000300981
0.000300939
0.000310649
0.00035444
0.000323612
0.000301056
0.000301101
0.000300926
0.000300924
0.000300974
