#time [s]
0.004383775
0.002959681
0.00302153
0.002897401
0.003125113
0.002852251
0.002920688
0.002943365
0.002991001
0.002916406
0.002881508
0.003049638
0.002939323
0.002888718
0.002894368
0.002862098
0.002993132
0.00310013
0.002880257
0.002893319
0.002943069
0.003110207
0.002867828
0.002913714
0.002889048
0.002953571
0.002901048
0.002868494
0.002914083
0.002957214
0.00305954
0.002827476
0.003010304
0.002940531
0.003099298
0.002915291
0.002970975
0.00300823
0.002976069
0.002938375
0.002929523
0.002871408
0.003088381
0.002920306
0.002959505
0.002897989
0.002954934
0.002970948
0.002870312
0.0029424
0.00289951
0.002927657
0.002881195
0.002962238
0.002893956
0.003095438
0.002885618
0.002892537
0.00291082
0.003027875
0.002861454
0.00297664
0.002958656
0.003179487
0.002870408
0.002940951
0.002903611
0.003111719
0.00302297
0.002830631
0.002978984
0.002839483
0.002937254
0.002862696
0.002910387
0.003032695
0.003152894
0.002982386
0.002889034
0.00292984
0.003072328
0.00290373
0.002997335
0.002867736
0.003167737
0.002852421
0.00287989
0.002902559
0.002964693
0.002901279
0.002880843
0.002982281
0.003088897
0.002878794
0.002960632
0.002880192
0.003139131
0.002906126
0.002953824
0.002966796
