#time [s]
0.000137482
0.000137472
0.000137314
0.000137275
0.000137279
0.000137293
0.000137404
0.000137326
0.000137299
0.000137275
0.000137234
0.000137274
0.000137296
0.000137299
0.000137307
0.000137307
0.000137283
0.00013736
0.000137263
0.000137303
0.000137295
0.000137293
0.000147081
0.000137412
0.000137313
0.000183886
0.000137425
0.000137483
0.00013726
0.000137284
0.000137264
0.000137273
0.000137294
0.000137306
0.000137396
0.000137274
0.00013738
0.000137248
0.000137285
0.000137311
0.000137297
0.000137281
0.000137364
0.000137472
0.000137357
0.000137285
0.000137291
0.000137294
0.00013728
0.000137263
0.000144313
0.000137332
0.000137328
0.000137307
0.000137299
0.000137292
0.000137349
0.000137313
0.00013725
0.000137266
0.00013724
0.000137389
0.000137294
0.000137304
0.000137269
0.00013726
0.000137244
0.000137232
0.000137289
0.00013732
0.000137279
0.000137282
0.000137282
0.000137366
0.000137296
0.000137284
0.000137313
0.000137306
0.000137256
0.000144089
0.000137367
0.000137264
0.000137265
0.000137276
0.000137298
0.000137336
0.000137366
0.000145018
0.000170375
0.000397883
0.000289053
0.000237958
0.000201016
0.000192769
0.00027717
0.000138602
0.000137332
0.000137297
0.000137476
0.000137277
