#time [s]
0.000308039
0.000307941
0.000307933
0.00031837
0.000308034
0.000307978
0.000307989
0.000307958
0.000307981
0.000307927
0.000307952
0.000307944
0.000307933
0.000307843
0.000307944
0.000307964
0.000307973
0.000314342
0.000308039
0.000307918
0.000307964
0.000307966
0.000307934
0.000307941
0.000307973
0.000307945
0.000307981
0.000313097
0.000307963
0.000307951
0.000307983
0.000316083
0.000308116
0.000307982
0.000307952
0.000307947
0.000332646
0.000308108
0.000315921
0.000315525
0.000308015
0.000307898
0.000307923
0.000308017
0.000314541
0.000308056
0.00030806
0.000308134
0.000307958
0.000307939
0.000307943
0.00030793
0.000307896
0.000308067
0.000307984
0.000307991
0.000314203
0.000307944
0.000319007
0.000308066
0.000307839
0.000307966
0.000307899
0.000307936
0.000307968
0.000308037
0.000307864
0.000307982
0.000307954
0.000307944
0.000307971
0.000314426
0.000308072
0.000307978
0.000307952
0.000307941
0.000307939
0.000307826
0.000307942
0.000307973
0.000307964
0.000307831
0.000307802
0.000307945
0.000307955
0.000322708
0.000318019
0.000308046
0.000307854
0.000307971
0.00030795
0.000316459
0.000308016
0.000307953
0.000308013
0.000307937
0.000307831
0.000307973
0.000314324
0.000308052
