#time [s]
0.00076715
0.000742271
0.000744348
0.000745096
0.000857144
0.000752137
0.000742501
0.000744495
0.000767711
0.000742233
0.000752304
0.000743389
0.000894971
0.00078978
0.000785676
0.000742772
0.000742456
0.000743975
0.000748185
0.000785019
0.000744363
0.000744108
0.000773438
0.000824854
0.000753215
0.000744327
0.00074583
0.000751106
0.000744236
0.00075107
0.000747705
0.000774492
0.000820741
0.000743766
0.000742247
0.000752713
0.000743326
0.000749802
0.000746221
0.00074353
0.000757598
0.000770365
0.000797018
0.000742387
0.000742419
0.000753524
0.000751885
0.000744282
0.000748511
0.00074323
0.00074378
0.000788196
0.000743304
0.000776519
0.000764969
0.000742497
0.000751014
0.000751094
0.000745181
0.000749587
0.000769474
0.000755085
0.000742688
0.000744392
0.00074523
0.000747433
0.000778813
0.000743275
0.000743278
0.000752206
0.000746117
0.000904069
0.000743424
0.00074227
0.000776162
0.000742608
0.000751248
0.000769763
0.000742733
0.000765257
0.000748951
0.000742842
0.000744567
0.000745078
0.00074406
0.00074621
0.000760551
0.00074416
0.000747687
0.000770586
0.000742541
0.000751826
0.000876136
0.000764798
0.000774666
0.000742591
0.000742714
0.000743341
0.000745316
0.000742518
