#time [s]
0.000309196
0.000309221
0.000309252
0.000309169
0.000349097
0.000311056
0.000318865
0.000309305
0.000309301
0.000309212
0.0003172
0.000309298
0.000314403
0.000309115
0.000309101
0.000309179
0.00030906
0.000315478
0.00030938
0.00030924
0.000309367
0.000309178
0.000309203
0.000309231
0.00030922
0.000309068
0.000309216
0.00031676
0.000309188
0.000309172
0.000309226
0.000346381
0.000309317
0.000309164
0.00030919
0.00030934
0.000309116
0.000309201
0.000309174
0.000309172
0.000309064
0.000309232
0.000309191
0.000309062
0.00030933
0.000315791
0.000309173
0.000309255
0.000309234
0.000309184
0.000309301
0.000309078
0.000309111
0.000309165
0.000309235
0.000309146
0.000309269
0.000313497
0.000322634
0.000312967
0.000309196
0.000309288
0.000309027
0.000309186
0.00030907
0.000309177
0.000317385
0.000309393
0.000309254
0.000309179
0.000309219
0.000309185
0.000315202
0.000309296
0.000309152
0.000309114
0.000309219
0.000309309
0.00030927
0.000309144
0.00030913
0.000309203
0.000309171
0.000309144
0.000309121
0.000309111
0.000318707
0.000315982
0.000309159
0.000309243
0.000309143
0.000309268
0.000309108
0.000309122
0.000309058
0.000309148
0.000309197
0.00030917
0.000309183
0.000309179
