#time [s]
1.528e-05
1.5121e-05
1.5059e-05
1.5067e-05
1.5039e-05
1.5067e-05
1.5059e-05
1.5062e-05
1.5042e-05
1.5071e-05
1.5044e-05
1.5055e-05
1.5068e-05
1.5044e-05
1.5067e-05
1.5019e-05
1.5083e-05
1.5045e-05
1.5059e-05
1.5045e-05
1.5062e-05
1.5055e-05
1.5049e-05
1.5076e-05
1.5022e-05
1.5074e-05
1.505e-05
1.5056e-05
1.5049e-05
1.505e-05
1.507e-05
1.5034e-05
1.5076e-05
1.5026e-05
1.5071e-05
1.5058e-05
1.5069e-05
1.5056e-05
1.5044e-05
1.5066e-05
1.5038e-05
1.5067e-05
1.503e-05
1.5047e-05
1.5045e-05
1.5068e-05
1.5057e-05
1.5034e-05
1.5071e-05
1.5035e-05
1.5078e-05
1.5022e-05
1.5067e-05
1.5025e-05
1.5065e-05
1.5044e-05
1.5038e-05
1.5054e-05
1.5028e-05
1.5088e-05
1.5018e-05
1.5066e-05
1.503e-05
1.5056e-05
1.5047e-05
1.5042e-05
1.5064e-05
1.5034e-05
1.5084e-05
1.5039e-05
1.5068e-05
1.5029e-05
1.5055e-05
1.505e-05
1.5032e-05
1.5049e-05
1.5058e-05
1.5065e-05
1.504e-05
1.5071e-05
1.5032e-05
1.5057e-05
1.5067e-05
1.5045e-05
1.5077e-05
1.5019e-05
1.5074e-05
1.5039e-05
1.5068e-05
1.5046e-05
1.505e-05
1.5071e-05
1.5039e-05
1.5056e-05
1.5046e-05
1.5084e-05
1.5026e-05
1.5069e-05
1.5031e-05
1.5057e-05
