#time [s]
0.001645453
0.001607412
0.001630682
0.001607083
0.001606655
0.001640831
0.001646738
0.001650816
0.001603797
0.001630342
0.001610552
0.001631559
0.001633018
0.001612388
0.00171327
0.001645598
0.001615837
0.001606895
0.001662873
0.001605221
0.001609581
0.001621652
0.001602586
0.001652885
0.001770857
0.001617777
0.001605207
0.001612903
0.001615688
0.001621006
0.001627788
0.001610305
0.001638343
0.001679522
0.001624265
0.001629174
0.001618642
0.001640839
0.001623144
0.001722164
0.001632888
0.001606542
0.00171222
0.001639956
0.001639291
0.001614014
0.001612245
0.001632325
0.001615895
0.001633603
0.001654973
0.001622348
0.001606347
0.00164945
0.001619639
0.001661763
0.001640623
0.001630388
0.001608037
0.001631858
0.001632228
0.001728761
0.001603156
0.001616408
0.001613406
0.001609459
0.001681325
0.001611156
0.001647278
0.001617859
0.001618167
0.001754023
0.00164274
0.001617382
0.001611967
0.001642903
0.001631605
0.001623585
0.001621189
0.001610957
0.001716674
0.001669439
0.001643582
0.00160428
0.001609573
0.00163854
0.001608703
0.001646085
0.001631854
0.001624244
0.001751032
0.001652816
0.001619952
0.001635511
0.001608134
0.001612285
0.001631204
0.001616639
0.001659464
0.001723036
