#time [s]
0.00115812
0.001176961
0.001157989
0.001177654
0.001146805
0.001150025
0.001169872
0.001165151
0.001182311
0.001169683
0.001150812
0.001180084
0.00114674
0.001148656
0.001164471
0.001178241
0.00123588
0.001203246
0.001148905
0.001175009
0.001149938
0.00117257
0.001273196
0.001147835
0.001182825
0.00115763
0.00115013
0.001160419
0.001183379
0.001159812
0.001177943
0.001149815
0.001155889
0.001157562
0.00115932
0.001315943
0.001182933
0.001191324
0.001159966
0.00116002
0.001157553
0.001173138
0.001163751
0.001156197
0.001195126
0.001155439
0.001154971
0.001157602
0.001199319
0.001198807
0.00114769
0.001185753
0.001149357
0.00114845
0.001169302
0.001154595
0.001167452
0.001171421
0.001146544
0.001147582
0.001169554
0.001195921
0.00118767
0.001160509
0.001151786
0.001155698
0.001181067
0.001173431
0.001153691
0.001156208
0.001172146
0.001153201
0.001162901
0.001280128
0.001150242
0.001180841
0.001156284
0.001160758
0.001152156
0.001178646
0.001183514
0.001152031
0.001167155
0.001158475
0.001168998
0.001163565
0.001277845
0.001181467
0.001157874
0.001148328
0.001153298
0.001164368
0.001158629
0.001155814
0.001146585
0.001157506
0.00114877
0.001153069
0.001166145
0.001298872
