#time [s]
0.00063251
0.000631366
0.000768516
0.000639779
0.00068988
0.000616096
0.000643172
0.000655522
0.00070814
0.000877312
0.000848847
0.000894375
0.000915882
0.000704428
0.000615442
0.000639783
0.000641296
0.000617754
0.000666617
0.000620775
0.000615526
0.000628751
0.000691733
0.00067877
0.000643771
0.000620552
0.000627095
0.000615358
0.000619054
0.000619623
0.00062277
0.000633899
0.000631098
0.000625475
0.000626405
0.000633749
0.000634599
0.000632327
0.000623644
0.000634462
0.000618645
0.000622493
0.00071098
0.000641018
0.000615617
0.000639449
0.000616232
0.000615731
0.000627718
0.000622827
0.000615906
0.000630593
0.000618101
0.000615755
0.000628544
0.00061773
0.000615356
0.000617848
0.000633523
0.000626516
0.000617708
0.000628286
0.000615378
0.000618543
0.000621103
0.000647775
0.000621156
0.000646374
0.000620809
0.000620641
0.000627826
0.000625916
0.00062238
0.000629569
0.000622075
0.000619535
0.000633145
0.000622399
0.000623501
0.000622041
0.000634232
0.000626518
0.000622036
0.000626032
0.000615514
0.000632143
0.000620899
0.000641868
0.000616952
0.000616823
0.000636122
0.000616629
0.000630012
0.000646412
0.000619739
0.000618217
0.000622567
0.000643981
0.000645545
0.000615512
