#time [s]
0.000732362
0.000745969
0.000705571
0.000710621
0.000727247
0.000738289
0.000712908
0.000671909
0.000742279
0.000740891
0.000742093
0.000700178
0.000696359
0.000668406
0.000732519
0.000708853
0.000714849
0.000721462
0.000752179
0.000726461
0.000718957
0.000712645
0.000698701
0.000712152
0.000696624
0.000669577
0.000723533
0.000769209
0.000686454
0.000699952
0.000684591
0.000690148
0.000703176
0.000741344
0.000714395
0.000697805
0.000703952
0.000673608
0.000722191
0.000744366
0.000705012
0.000650904
0.000659429
0.000666729
0.000654144
0.000671111
0.000654527
0.000628167
0.000670846
0.000664027
0.000663779
0.000658006
0.00063407
0.000637164
0.000646079
0.000632558
0.000611643
0.00066837
0.000714661
0.000722092
0.000709607
0.000677373
0.000716022
0.000717889
0.000754422
0.000730964
0.00073808
0.000669528
0.000704991
0.000728921
0.000720582
0.00068548
0.000706682
0.00069274
0.000746283
0.000702605
0.000699836
0.000673183
0.000705454
0.000677161
0.000713049
0.000730318
0.000694268
0.000695884
0.000730883
0.000666893
0.000761374
0.000734823
0.000745166
0.000726144
0.000718013
0.000731792
0.000714973
0.000707309
0.000727223
0.000706127
0.000695152
0.000710393
0.000704822
0.000720871
