#time [s]
4.3565e-05
4.3407e-05
4.3349e-05
4.3353e-05
4.3369e-05
4.339e-05
4.3321e-05
4.3334e-05
4.3418e-05
4.3342e-05
4.3414e-05
4.3364e-05
4.3431e-05
4.3351e-05
4.34e-05
4.3342e-05
4.3369e-05
4.3377e-05
4.3397e-05
4.3364e-05
4.3366e-05
4.3365e-05
4.3355e-05
4.3424e-05
4.3346e-05
4.3334e-05
4.3325e-05
4.3378e-05
4.9595e-05
4.3486e-05
4.3388e-05
4.3324e-05
4.3404e-05
4.338e-05
4.3359e-05
4.3369e-05
4.3364e-05
4.3358e-05
4.3398e-05
4.338e-05
4.3344e-05
4.3356e-05
4.3341e-05
4.3365e-05
4.3335e-05
4.3415e-05
4.338e-05
4.3351e-05
4.3356e-05
4.3308e-05
4.339e-05
4.3379e-05
4.3333e-05
4.3398e-05
4.337e-05
4.3357e-05
4.3356e-05
4.336e-05
4.3368e-05
4.3329e-05
4.336e-05
4.3343e-05
4.3406e-05
4.3337e-05
4.3391e-05
4.3322e-05
4.3364e-05
4.3316e-05
4.3418e-05
4.3358e-05
4.3418e-05
4.3364e-05
4.3363e-05
4.7932e-05
4.3398e-05
4.3385e-05
4.3369e-05
4.3343e-05
4.3387e-05
4.3395e-05
4.3392e-05
4.3336e-05
4.328e-05
4.3341e-05
4.3335e-05
4.3355e-05
4.3361e-05
4.3379e-05
4.3391e-05
4.3357e-05
4.3346e-05
4.3376e-05
4.3375e-05
4.3368e-05
4.3358e-05
4.3369e-05
4.3356e-05
4.3372e-05
4.3384e-05
4.339e-05
