#time [s]
1.642e-06
1.471e-06
1.463e-06
1.46e-06
1.441e-06
1.45e-06
1.452e-06
1.438e-06
1.463e-06
1.461e-06
1.448e-06
1.428e-06
1.449e-06
1.43e-06
1.427e-06
1.427e-06
1.435e-06
1.434e-06
1.436e-06
1.428e-06
1.432e-06
1.438e-06
1.452e-06
1.437e-06
1.433e-06
1.433e-06
1.439e-06
1.437e-06
1.438e-06
1.431e-06
1.441e-06
1.436e-06
1.436e-06
1.449e-06
1.439e-06
1.432e-06
1.44e-06
1.435e-06
1.433e-06
1.432e-06
1.434e-06
1.431e-06
1.439e-06
1.436e-06
1.442e-06
1.436e-06
1.435e-06
1.439e-06
1.438e-06
1.433e-06
1.437e-06
1.432e-06
1.435e-06
1.43e-06
1.428e-06
1.43e-06
1.431e-06
1.427e-06
1.437e-06
1.433e-06
1.438e-06
1.433e-06
1.434e-06
1.44e-06
1.441e-06
1.434e-06
1.439e-06
1.433e-06
1.438e-06
1.431e-06
1.432e-06
1.431e-06
1.43e-06
1.43e-06
1.435e-06
1.43e-06
1.436e-06
1.431e-06
1.432e-06
1.438e-06
1.448e-06
1.434e-06
1.434e-06
1.436e-06
1.434e-06
1.435e-06
1.44e-06
1.433e-06
1.429e-06
1.45e-06
1.436e-06
1.437e-06
1.439e-06
1.429e-06
1.43e-06
1.431e-06
1.436e-06
1.433e-06
1.432e-06
1.432e-06
