#time [s]
6.366e-06
6.032e-06
6.015e-06
5.987e-06
5.978e-06
5.969e-06
6e-06
5.979e-06
5.959e-06
5.962e-06
5.975e-06
5.985e-06
5.967e-06
5.966e-06
5.975e-06
5.981e-06
5.977e-06
5.965e-06
5.961e-06
5.973e-06
5.981e-06
5.973e-06
5.963e-06
5.966e-06
5.978e-06
5.98e-06
5.969e-06
5.96e-06
5.969e-06
5.981e-06
5.976e-06
5.965e-06
5.988e-06
5.981e-06
6.007e-06
5.981e-06
5.985e-06
5.991e-06
6.003e-06
6.005e-06
5.993e-06
5.987e-06
5.982e-06
6.003e-06
5.998e-06
5.992e-06
5.984e-06
5.996e-06
6.005e-06
5.995e-06
5.983e-06
5.967e-06
6e-06
6.003e-06
5.991e-06
5.982e-06
5.991e-06
6.188e-06
5.979e-06
5.985e-06
5.985e-06
5.998e-06
6.004e-06
5.972e-06
5.971e-06
5.971e-06
6.003e-06
6.001e-06
5.976e-06
5.968e-06
5.996e-06
5.99e-06
5.987e-06
5.976e-06
5.986e-06
5.998e-06
6.003e-06
5.979e-06
5.972e-06
5.99e-06
6.003e-06
5.988e-06
6.003e-06
5.973e-06
5.983e-06
5.992e-06
5.983e-06
5.991e-06
5.968e-06
5.98e-06
5.981e-06
5.98e-06
5.984e-06
5.97e-06
6.001e-06
6.001e-06
5.979e-06
5.965e-06
5.984e-06
6.007e-06
