#time [s]
2.8705e-05
2.8706e-05
2.8761e-05
2.8722e-05
2.8712e-05
2.8754e-05
2.8743e-05
2.8743e-05
2.8732e-05
2.8723e-05
2.873e-05
2.8733e-05
2.8717e-05
3.5807e-05
2.8869e-05
2.8796e-05
2.8776e-05
2.8749e-05
2.8743e-05
2.8721e-05
2.8729e-05
2.8743e-05
2.8702e-05
2.8732e-05
2.8702e-05
2.8709e-05
2.8738e-05
3.7523e-05
3.0638e-05
3.0395e-05
3.0391e-05
3.8943e-05
4.5386e-05
2.9119e-05
2.9057e-05
2.9285e-05
8.4422e-05
2.9368e-05
2.8932e-05
2.9091e-05
2.9746e-05
2.9009e-05
2.956e-05
2.9212e-05
2.912e-05
2.9466e-05
2.9333e-05
2.9157e-05
2.9002e-05
2.9109e-05
2.902e-05
2.9116e-05
2.9009e-05
2.9095e-05
2.9114e-05
2.9161e-05
2.8964e-05
2.9136e-05
2.9025e-05
2.9055e-05
2.9114e-05
2.8987e-05
2.8922e-05
2.9046e-05
2.9015e-05
2.902e-05
2.8906e-05
2.8995e-05
3.2025e-05
2.8949e-05
2.9028e-05
2.9001e-05
2.8977e-05
2.9566e-05
2.9111e-05
2.9036e-05
3.7582e-05
2.9115e-05
2.9807e-05
4.845e-05
2.9076e-05
2.9126e-05
2.9272e-05
2.9123e-05
2.9067e-05
2.9023e-05
2.9051e-05
2.9032e-05
2.916e-05
2.9214e-05
2.9429e-05
2.9111e-05
2.9202e-05
2.9412e-05
2.9071e-05
2.9182e-05
2.9847e-05
2.894e-05
2.9337e-05
2.9543e-05
