#time [s]
3.573e-06
3.584e-06
3.556e-06
3.572e-06
3.54e-06
3.555e-06
3.55e-06
3.554e-06
3.559e-06
3.554e-06
3.573e-06
3.566e-06
3.545e-06
3.546e-06
3.548e-06
3.55e-06
3.563e-06
3.557e-06
3.553e-06
3.565e-06
3.539e-06
3.566e-06
3.55e-06
3.563e-06
3.581e-06
3.548e-06
3.542e-06
3.553e-06
3.547e-06
3.542e-06
3.546e-06
3.552e-06
3.553e-06
3.556e-06
3.55e-06
3.54e-06
3.538e-06
3.547e-06
3.548e-06
3.565e-06
3.551e-06
3.555e-06
3.551e-06
3.551e-06
3.548e-06
3.549e-06
3.549e-06
3.567e-06
3.578e-06
3.553e-06
3.551e-06
3.549e-06
3.556e-06
3.559e-06
3.559e-06
3.56e-06
3.552e-06
3.553e-06
3.563e-06
3.549e-06
3.551e-06
3.55e-06
3.553e-06
3.557e-06
3.574e-06
3.543e-06
3.559e-06
3.558e-06
3.554e-06
3.547e-06
3.552e-06
3.556e-06
3.549e-06
3.543e-06
3.552e-06
3.539e-06
3.555e-06
3.556e-06
3.557e-06
3.587e-06
3.564e-06
3.557e-06
3.536e-06
3.58e-06
3.568e-06
3.569e-06
3.58e-06
3.555e-06
3.543e-06
3.582e-06
3.536e-06
3.58e-06
3.549e-06
3.553e-06
3.577e-06
3.553e-06
3.543e-06
3.58e-06
3.565e-06
3.549e-06
