#time [s]
7.713e-06
7.691e-06
7.692e-06
7.677e-06
7.691e-06
7.666e-06
7.681e-06
7.686e-06
7.669e-06
7.66e-06
7.669e-06
7.684e-06
7.659e-06
7.672e-06
7.685e-06
7.672e-06
7.658e-06
7.677e-06
7.676e-06
7.655e-06
7.667e-06
7.675e-06
7.673e-06
7.684e-06
7.672e-06
7.681e-06
7.675e-06
7.662e-06
7.695e-06
7.68e-06
7.66e-06
7.682e-06
7.701e-06
7.662e-06
7.673e-06
7.69e-06
7.671e-06
7.668e-06
7.684e-06
7.702e-06
7.671e-06
7.673e-06
7.691e-06
7.682e-06
7.666e-06
7.683e-06
7.691e-06
7.669e-06
7.674e-06
7.692e-06
7.682e-06
7.667e-06
7.681e-06
7.692e-06
7.67e-06
7.677e-06
7.685e-06
7.674e-06
7.662e-06
7.667e-06
7.7e-06
7.665e-06
7.664e-06
7.687e-06
7.677e-06
7.659e-06
7.677e-06
7.686e-06
7.666e-06
7.676e-06
7.681e-06
7.676e-06
7.653e-06
7.67e-06
7.699e-06
7.659e-06
7.666e-06
7.679e-06
7.67e-06
7.665e-06
7.672e-06
7.683e-06
7.659e-06
7.661e-06
7.68e-06
7.663e-06
7.656e-06
7.677e-06
7.683e-06
7.671e-06
7.691e-06
7.692e-06
7.676e-06
7.67e-06
7.664e-06
7.681e-06
7.676e-06
7.669e-06
7.678e-06
7.673e-06
