#time [s]
1.8134e-05
1.8052e-05
1.8079e-05
1.8033e-05
1.8013e-05
1.8025e-05
1.8001e-05
1.7954e-05
1.8012e-05
1.7992e-05
1.7988e-05
1.8008e-05
1.8011e-05
1.797e-05
1.7996e-05
1.8e-05
1.7995e-05
1.7971e-05
1.8016e-05
1.7998e-05
1.7984e-05
1.8006e-05
1.7997e-05
1.8001e-05
1.8012e-05
1.8008e-05
1.7987e-05
1.7992e-05
1.8029e-05
1.8006e-05
1.7988e-05
1.802e-05
1.7995e-05
1.7991e-05
1.8007e-05
1.803e-05
1.799e-05
1.8018e-05
1.8013e-05
1.8008e-05
1.7988e-05
1.802e-05
1.7991e-05
1.7974e-05
1.8016e-05
1.801e-05
1.7982e-05
1.8023e-05
1.8011e-05
1.7989e-05
1.7992e-05
1.8007e-05
1.7989e-05
1.8007e-05
1.8e-05
1.7997e-05
1.7981e-05
1.8011e-05
1.8017e-05
1.7988e-05
1.8e-05
1.8017e-05
1.7993e-05
1.7982e-05
1.7999e-05
1.7992e-05
1.798e-05
1.8023e-05
1.8001e-05
1.7998e-05
1.8029e-05
1.8029e-05
1.7956e-05
1.7995e-05
1.8016e-05
1.7992e-05
1.7985e-05
1.8004e-05
1.8001e-05
1.7968e-05
1.8014e-05
1.8002e-05
1.798e-05
1.7996e-05
1.8014e-05
1.7981e-05
1.8005e-05
1.8019e-05
1.7992e-05
1.7997e-05
1.8018e-05
1.801e-05
1.7983e-05
1.8015e-05
1.8009e-05
1.7995e-05
1.7994e-05
1.8028e-05
1.798e-05
1.7994e-05
