#time [s]
0.000150965
0.000206064
0.00018992
0.000155495
0.000153829
0.00015077
0.000150854
0.000150838
0.000150841
0.000150892
0.000150792
0.000150748
0.00015082
0.000150916
0.000150797
0.000150812
0.0001508
0.000150819
0.00015083
0.000150802
0.000150908
0.000150798
0.000150918
0.000179778
0.000150891
0.000150798
0.000150777
0.000150915
0.000150848
0.000150843
0.000150897
0.000150812
0.000150915
0.000150793
0.000150803
0.000150837
0.000150821
0.000150832
0.000150788
0.000150886
0.000163471
0.000151057
0.000150829
0.000150858
0.000150896
0.000150855
0.000150793
0.00015958
0.000150973
0.000150826
0.000150866
0.000150962
0.000161829
0.00015095
0.000150874
0.000210092
0.000150911
0.000150826
0.000150842
0.000150925
0.000150864
0.000150809
0.000150854
0.000150667
0.000150857
0.000150781
0.000150817
0.000150831
0.000150826
0.000150887
0.000150753
0.00015078
0.000151049
0.000150775
0.000150906
0.000150892
0.000150794
0.000150791
0.000150894
0.000150867
0.000150994
0.000150798
0.000150767
0.000150847
0.000150968
0.000150715
0.000160214
0.000194264
0.000174751
0.000150944
0.000151023
0.000150844
0.000150969
0.000150782
0.000150796
0.000150939
0.000166141
0.000160055
0.000150925
0.000150867
