#time [s]
0.006074176
0.00614357
0.00617512
0.006104793
0.006126299
0.006268948
0.006050524
0.006264524
0.006092116
0.006112548
0.006298906
0.006067401
0.00610762
0.006212229
0.006114977
0.006094567
0.006197127
0.006151078
0.006240539
0.006102745
0.006142311
0.006213862
0.006065122
0.006072975
0.006399074
0.0062459
0.006186472
0.006079854
0.00611251
0.006341592
0.006137399
0.006175543
0.006147272
0.006268211
0.006415863
0.006121257
0.006123803
0.006776323
0.006184532
0.006284134
0.006132586
0.006244545
0.006236851
0.006047353
0.006159859
0.007851809
0.007653782
0.007830342
0.007745866
0.007090988
0.007686933
0.007744329
0.007840069
0.007752076
0.007740956
0.007759799
0.007720824
0.008336668
0.00774211
0.007870847
0.007512606
0.006214823
0.006171631
0.006181421
0.006167307
0.006127489
0.006207726
0.006075015
0.006174932
0.006255004
0.006060299
0.006138281
0.00626785
0.006068107
0.006198339
0.00614441
0.006047555
0.006219662
0.006083896
0.006100676
0.006205619
0.006064803
0.006187939
0.006072493
0.006110896
0.006244554
0.006055052
0.006063282
0.00622069
0.006028906
0.006195936
0.006129777
0.006174245
0.006260468
0.006117049
0.006073924
0.006374463
0.00606751
0.00620475
0.006105709
