#time [s]
7.35e-07
6.86e-07
6.87e-07
7.1e-07
6.82e-07
6.83e-07
6.85e-07
6.84e-07
6.85e-07
6.84e-07
6.87e-07
6.86e-07
6.87e-07
6.86e-07
6.86e-07
6.86e-07
6.87e-07
6.86e-07
6.89e-07
6.85e-07
6.88e-07
6.88e-07
6.87e-07
6.86e-07
6.87e-07
6.86e-07
6.86e-07
6.86e-07
6.86e-07
6.85e-07
6.85e-07
6.86e-07
6.84e-07
6.85e-07
6.85e-07
6.83e-07
6.83e-07
7.2e-06
7.84e-07
7.53e-07
7.41e-07
7.36e-07
6.93e-07
7.27e-07
6.95e-07
6.92e-07
7.11e-07
6.91e-07
6.89e-07
6.88e-07
6.86e-07
7.12e-07
6.86e-07
7.24e-07
7.24e-07
6.86e-07
6.85e-07
6.83e-07
6.83e-07
6.83e-07
6.85e-07
6.85e-07
6.85e-07
6.84e-07
6.85e-07
8.649e-06
7.98e-07
7.71e-07
7.5e-07
7.52e-07
6.88e-07
6.88e-07
6.89e-07
7.27e-07
6.94e-07
6.88e-07
6.88e-07
7.26e-07
6.87e-07
6.87e-07
7.65e-07
8.53e-07
7.63e-07
7.66e-07
7.77e-07
7.7e-07
7.3e-07
7.57e-07
7.37e-07
7.43e-07
7.15e-07
7.45e-07
7.59e-07
7.44e-07
1.1706e-05
8.71e-07
8.41e-07
8.42e-07
8.01e-07
7.78e-07
