#time [s]
0.000362094
0.000361856
0.000361978
0.000385116
0.000362189
0.000367433
0.000361951
0.000361854
0.00036208
0.000362046
0.000362045
0.000361811
0.000362083
0.00036197
0.000371853
0.000362101
0.000362002
0.000361953
0.000398748
0.000362196
0.000362014
0.000362004
0.000361969
0.000362058
0.000388593
0.000362907
0.000362285
0.000362069
0.00036198
0.000361993
0.000362068
0.000362059
0.000421176
0.000403035
0.000395342
0.000469887
0.000410551
0.000409033
0.000422646
0.000397083
0.000385797
0.000408332
0.000362241
0.000361987
0.000369941
0.000362215
0.000369822
0.000371357
0.000362082
0.000369996
0.000370155
0.000390588
0.000369611
0.000362225
0.00036923
0.000371098
0.000362088
0.000370112
0.000362758
0.000362
0.00036196
0.000370156
0.000362277
0.000362066
0.000377753
0.000392783
0.000382935
0.000380532
0.000366102
0.00040177
0.000476927
0.000434232
0.00042343
0.000439568
0.000397167
0.000416706
0.000386372
0.000410869
0.000387672
0.000406402
0.000399089
0.000408492
0.000411302
0.000405606
0.000423247
0.000415508
0.000395712
0.00042167
0.000363529
0.000371812
0.000372892
0.000365527
0.000376663
0.000361867
0.000404444
0.000362177
0.000361951
0.000361966
0.000361987
0.000361979
