#time [s]
4.454e-06
4.289e-06
4.397e-06
4.398e-06
4.385e-06
4.302e-06
4.282e-06
4.383e-06
4.312e-06
4.389e-06
4.381e-06
4.375e-06
4.379e-06
4.388e-06
4.391e-06
4.385e-06
4.378e-06
4.377e-06
4.383e-06
4.391e-06
4.39e-06
4.381e-06
4.297e-06
4.382e-06
4.389e-06
4.391e-06
4.383e-06
4.377e-06
4.377e-06
4.386e-06
4.391e-06
4.289e-06
4.318e-06
4.399e-06
4.4e-06
4.404e-06
4.395e-06
4.288e-06
4.382e-06
4.289e-06
4.393e-06
4.388e-06
4.298e-06
4.377e-06
4.381e-06
4.391e-06
4.393e-06
4.386e-06
4.378e-06
4.381e-06
4.385e-06
4.394e-06
4.389e-06
4.381e-06
4.376e-06
4.384e-06
4.389e-06
4.293e-06
4.382e-06
4.378e-06
4.38e-06
4.389e-06
4.392e-06
4.387e-06
4.378e-06
4.378e-06
4.384e-06
4.393e-06
4.388e-06
4.382e-06
4.375e-06
4.383e-06
4.389e-06
4.393e-06
4.385e-06
4.38e-06
4.377e-06
4.386e-06
4.393e-06
4.391e-06
4.382e-06
4.377e-06
4.381e-06
4.391e-06
4.392e-06
4.386e-06
4.376e-06
4.379e-06
4.385e-06
4.394e-06
4.387e-06
4.381e-06
4.377e-06
4.381e-06
4.394e-06
4.392e-06
4.382e-06
4.377e-06
4.381e-06
4.389e-06
