#time [s]
2.6995e-05
2.8025e-05
2.6397e-05
2.6349e-05
2.6309e-05
2.6335e-05
2.6307e-05
2.6308e-05
2.6316e-05
2.6291e-05
2.6283e-05
2.6281e-05
2.6347e-05
2.6296e-05
2.6469e-05
2.6245e-05
2.6282e-05
2.6284e-05
2.6269e-05
2.6273e-05
2.628e-05
2.6261e-05
2.6269e-05
2.6275e-05
2.6288e-05
2.6251e-05
2.6288e-05
2.6302e-05
2.6281e-05
3.1616e-05
2.6299e-05
2.6296e-05
2.6298e-05
2.6271e-05
2.6284e-05
2.6272e-05
2.63e-05
2.6268e-05
2.6276e-05
2.6306e-05
2.6306e-05
2.6289e-05
2.6306e-05
2.629e-05
2.6291e-05
2.628e-05
2.6289e-05
2.6287e-05
2.6279e-05
2.6306e-05
2.6278e-05
2.6295e-05
2.6284e-05
2.6269e-05
2.6272e-05
2.6268e-05
2.6304e-05
2.6269e-05
2.6252e-05
2.6262e-05
2.6276e-05
2.6287e-05
2.6278e-05
2.628e-05
2.6273e-05
2.628e-05
2.6275e-05
2.6273e-05
2.6262e-05
2.6271e-05
2.6265e-05
2.6276e-05
2.6292e-05
2.6308e-05
2.6306e-05
2.6309e-05
2.6288e-05
3.313e-05
2.6391e-05
2.6356e-05
2.6324e-05
2.6311e-05
2.6289e-05
2.6275e-05
2.6333e-05
2.6292e-05
2.6288e-05
2.6299e-05
2.6293e-05
2.6276e-05
2.6289e-05
2.6284e-05
2.6311e-05
2.6248e-05
2.6285e-05
2.6275e-05
2.6258e-05
2.6281e-05
2.6287e-05
2.629e-05
