#time [s]
0.000703472
0.000701254
0.000707721
0.000703958
0.000740941
0.000775148
0.000699633
0.00073443
0.000699489
0.000708467
0.000706605
0.000703606
0.000704628
0.000715356
0.000710113
0.000707494
0.000721948
0.000699386
0.000699352
0.000701203
0.000702595
0.000704735
0.00070705
0.000704724
0.001283357
0.000988478
0.000701642
0.00069984
0.000701922
0.000709763
0.000705587
0.000711265
0.00070868
0.000756825
0.000715158
0.000701308
0.000699322
0.000703696
0.000710187
0.000703622
0.00071106
0.00070864
0.000919144
0.000826891
0.000792331
0.000701171
0.000700621
0.000725585
0.000699352
0.000701087
0.00072945
0.000699199
0.000699814
0.000700862
0.000702637
0.000741802
0.000699571
0.00070001
0.000723347
0.000699098
0.000699288
0.000793561
0.000699973
0.000699394
0.000733735
0.000699603
0.000709081
0.000706926
0.000725852
0.000727487
0.000713625
0.000701895
0.000700811
0.000710686
0.000704641
0.000717503
0.000709587
0.000720766
0.000699203
0.000701147
0.00072236
0.00074912
0.00070099
0.000737017
0.000714809
0.000699402
0.000731429
0.00070134
0.000708644
0.000722778
0.000702845
0.000729675
0.000699379
0.000699189
0.000713247
0.000703072
0.000704574
0.00070702
0.000709362
0.000718697
