#time [s]
0.000937696
0.00080008
0.00079874
0.000799942
0.00079876
0.00080142
0.000802481
0.000814221
0.000823579
0.000851557
0.000821654
0.000809474
0.000806583
0.000825854
0.0008085
0.000814224
0.000817059
0.000835734
0.000916389
0.000865478
0.00080103
0.000807558
0.000805379
0.000802564
0.000805044
0.00083514
0.000830312
0.000806406
0.000838614
0.000820765
0.000799027
0.000800496
0.000802537
0.000808248
0.000917305
0.000806437
0.000841627
0.000799506
0.000822523
0.00079874
0.000800473
0.000808906
0.000804771
0.000807178
0.000825434
0.000811651
0.000799183
0.000801009
0.000799804
0.000798964
0.000816772
0.000941232
0.000800593
0.000818281
0.00080967
0.000802563
0.000803424
0.000829381
0.000813612
0.00079913
0.000814021
0.000802682
0.000815477
0.000826122
0.000825542
0.000809926
0.000809738
0.000893244
0.000799485
0.000833326
0.000799399
0.00080964
0.000818984
0.000842729
0.000798958
0.000816179
0.000829329
0.000798803
0.000799272
0.000811898
0.00080302
0.000819571
0.000853468
0.000803322
0.000908956
0.000825431
0.000824023
0.000813513
0.000811203
0.000812604
0.000805071
0.000821501
0.000827476
0.000811463
0.000808081
0.000807171
0.00079924
0.000800193
0.000800908
0.000802572
