#time [s]
7.7251e-05
6.8798e-05
6.871e-05
6.8717e-05
6.871e-05
6.8697e-05
6.866e-05
6.8688e-05
6.8673e-05
6.8687e-05
6.8686e-05
6.8674e-05
6.8704e-05
6.8689e-05
6.8676e-05
6.8667e-05
6.8673e-05
6.8704e-05
6.8668e-05
6.8691e-05
6.8679e-05
6.8698e-05
6.8679e-05
6.8697e-05
7.491e-05
6.8794e-05
6.8723e-05
6.8714e-05
6.871e-05
6.8672e-05
6.8698e-05
6.8664e-05
6.87e-05
6.8698e-05
6.8705e-05
6.8695e-05
6.8695e-05
6.8704e-05
6.866e-05
6.8692e-05
6.8663e-05
6.8676e-05
6.8679e-05
6.8669e-05
6.8689e-05
6.8665e-05
6.8701e-05
6.8696e-05
6.8712e-05
6.8677e-05
6.8656e-05
6.8679e-05
6.8694e-05
6.8675e-05
6.8668e-05
6.8677e-05
6.8685e-05
6.8678e-05
6.869e-05
6.8665e-05
6.8694e-05
6.8689e-05
6.8706e-05
6.8697e-05
6.8675e-05
6.8689e-05
6.8683e-05
6.87e-05
6.8676e-05
6.8689e-05
6.8677e-05
6.8683e-05
6.8699e-05
6.8674e-05
6.8716e-05
6.8659e-05
6.8678e-05
6.8686e-05
6.8668e-05
6.8672e-05
6.8671e-05
6.8696e-05
6.8658e-05
7.8159e-05
6.8781e-05
6.8743e-05
6.8735e-05
7.3032e-05
6.8699e-05
6.8714e-05
6.8705e-05
6.8718e-05
6.8703e-05
6.8693e-05
6.8703e-05
6.8699e-05
6.8711e-05
6.8698e-05
6.8678e-05
6.8711e-05
