#time [s]
0.004164115
0.00412481
0.004084724
0.004205103
0.004190791
0.004138186
0.004133391
0.00420536
0.004074536
0.00412946
0.004112001
0.004275843
0.004186679
0.004120558
0.00414183
0.004251294
0.004094918
0.004105452
0.004109026
0.004284609
0.004074451
0.004097339
0.00414733
0.004211444
0.004056084
0.004103396
0.004071531
0.00426316
0.004085655
0.004109204
0.004125316
0.00419303
0.004120664
0.004062966
0.004100385
0.004226604
0.004074114
0.004077874
0.004087829
0.004210088
0.004054251
0.004108967
0.00408146
0.004197496
0.004077448
0.004097625
0.004093502
0.0041424
0.004127735
0.004073551
0.004091387
0.004181687
0.004100398
0.004102367
0.004076057
0.004268414
0.004265307
0.004201208
0.004077413
0.004188487
0.004082213
0.004074307
0.004095232
0.004271512
0.004123084
0.00407231
0.004181615
0.004166642
0.004085619
0.004089747
0.004067082
0.004223493
0.004088666
0.004110438
0.004066877
0.004231279
0.004075499
0.004080521
0.004093356
0.004129478
0.004123219
0.004068991
0.004128338
0.004177512
0.004102885
0.00410353
0.004071961
0.0041127
0.004090085
0.004084481
0.004049394
0.00410679
0.00416912
0.004082011
0.004139227
0.004069799
0.004228687
0.004059465
0.004106144
0.004077507
