#time [s]
5.7737e-05
5.7695e-05
5.7718e-05
5.7669e-05
5.7656e-05
5.7697e-05
5.7689e-05
5.7727e-05
5.7718e-05
5.7703e-05
5.7689e-05
5.7687e-05
5.7636e-05
5.7706e-05
5.7716e-05
5.7691e-05
5.7694e-05
5.7689e-05
5.7678e-05
5.7671e-05
5.7689e-05
5.7666e-05
5.77e-05
5.7695e-05
5.7682e-05
5.7718e-05
5.7706e-05
5.7664e-05
5.7666e-05
5.7678e-05
5.7693e-05
6.4234e-05
5.7815e-05
5.7757e-05
5.7757e-05
5.775e-05
5.768e-05
5.7707e-05
5.7656e-05
6.1865e-05
5.7738e-05
5.7672e-05
5.7681e-05
5.7697e-05
5.7654e-05
5.773e-05
5.7684e-05
5.7692e-05
5.7667e-05
5.7668e-05
5.7674e-05
5.7696e-05
5.7683e-05
5.7715e-05
5.7695e-05
5.7673e-05
5.768e-05
5.7672e-05
5.7696e-05
5.7686e-05
5.7683e-05
5.7719e-05
5.7665e-05
5.7698e-05
5.7667e-05
5.7671e-05
5.7702e-05
5.7657e-05
5.7664e-05
5.769e-05
5.7647e-05
5.7701e-05
5.7682e-05
5.7658e-05
5.7704e-05
5.7714e-05
5.7661e-05
5.7711e-05
5.7693e-05
5.7692e-05
5.7697e-05
5.768e-05
5.7678e-05
5.7681e-05
5.7703e-05
5.8369e-05
5.7707e-05
5.7659e-05
5.7666e-05
5.7697e-05
5.7683e-05
5.7712e-05
5.7709e-05
5.7655e-05
5.7696e-05
5.7697e-05
5.7692e-05
5.768e-05
6.4171e-05
5.7804e-05
