#time [s]
4.7669e-05
4.7564e-05
4.7562e-05
4.7535e-05
4.7519e-05
4.7539e-05
4.7545e-05
4.7576e-05
4.7534e-05
4.7502e-05
4.7513e-05
4.7554e-05
4.7576e-05
4.808e-05
5.4808e-05
4.7682e-05
5.486e-05
4.7654e-05
4.7589e-05
4.7609e-05
4.7604e-05
4.7577e-05
4.754e-05
4.7535e-05
4.7529e-05
4.7529e-05
4.7543e-05
4.7589e-05
4.7562e-05
4.7527e-05
4.7535e-05
4.7545e-05
4.7545e-05
4.7552e-05
4.7588e-05
4.7518e-05
4.751e-05
4.7508e-05
4.7555e-05
4.7575e-05
4.7574e-05
4.7526e-05
4.7525e-05
4.757e-05
4.7569e-05
4.7587e-05
4.7538e-05
4.7551e-05
4.7518e-05
4.755e-05
4.7554e-05
4.7575e-05
4.7519e-05
4.7535e-05
4.7497e-05
4.7573e-05
4.7568e-05
4.7577e-05
4.7532e-05
4.751e-05
4.7536e-05
4.7537e-05
4.7554e-05
4.7571e-05
4.7527e-05
4.7504e-05
4.7568e-05
4.7546e-05
4.7575e-05
4.755e-05
4.753e-05
4.756e-05
4.7544e-05
4.7577e-05
4.7556e-05
4.7539e-05
4.7528e-05
4.7538e-05
4.7576e-05
4.76e-05
4.7543e-05
4.7521e-05
4.7532e-05
4.7588e-05
4.7581e-05
4.7551e-05
4.7534e-05
4.7543e-05
4.756e-05
4.7538e-05
4.7559e-05
4.7554e-05
4.7544e-05
4.7494e-05
4.7549e-05
5.4008e-05
4.7653e-05
4.76e-05
4.7606e-05
4.7604e-05
