#time [s]
2.561e-05
2.5499e-05
2.5469e-05
2.5459e-05
2.5456e-05
2.5432e-05
2.5434e-05
2.545e-05
2.547e-05
2.5484e-05
2.546e-05
2.5451e-05
2.5455e-05
2.5464e-05
2.5447e-05
2.5433e-05
2.5458e-05
2.5463e-05
2.5447e-05
2.5479e-05
2.5431e-05
2.5415e-05
2.5397e-05
2.5432e-05
2.543e-05
2.5462e-05
2.5438e-05
2.5422e-05
2.5427e-05
2.5447e-05
2.5426e-05
2.5461e-05
2.5462e-05
2.545e-05
2.5444e-05
2.5456e-05
2.5447e-05
2.5437e-05
2.5438e-05
2.5429e-05
2.5473e-05
2.5448e-05
2.5433e-05
2.5456e-05
2.5436e-05
2.5448e-05
2.544e-05
2.5444e-05
2.5471e-05
2.5456e-05
2.5466e-05
2.5411e-05
2.5446e-05
2.5465e-05
2.5444e-05
2.5447e-05
2.5478e-05
2.5434e-05
2.5426e-05
2.5432e-05
2.542e-05
2.543e-05
2.5427e-05
3.3473e-05
2.611e-05
3.5411e-05
2.645e-05
2.6467e-05
2.9677e-05
2.6489e-05
2.601e-05
2.5481e-05
2.5459e-05
2.5457e-05
3.8419e-05
2.5593e-05
2.5483e-05
2.547e-05
2.5442e-05
2.546e-05
2.546e-05
2.5421e-05
2.5461e-05
2.545e-05
2.5438e-05
2.5415e-05
2.5439e-05
2.5426e-05
2.5446e-05
2.5433e-05
2.5445e-05
2.5443e-05
2.5457e-05
2.5461e-05
2.5418e-05
2.5427e-05
2.543e-05
2.5467e-05
2.5432e-05
2.5476e-05
