#time [s]
0.000717732
0.000736414
0.000729896
0.000723508
0.000727274
0.000727815
0.000730322
0.000720285
0.000753621
0.000716365
0.000715872
0.000733212
0.00080234
0.00071611
0.00071819
0.00072733
0.00071791
0.000725674
0.000727821
0.000759247
0.000731316
0.000717793
0.000717205
0.000718886
0.000721076
0.000734787
0.000726216
0.000729321
0.000730035
0.000729495
0.000852431
0.000716309
0.000730079
0.000718065
0.000717281
0.000721685
0.000725901
0.000734967
0.000721185
0.000740633
0.00073644
0.000720076
0.000720118
0.000722338
0.000736223
0.0007257
0.000720029
0.000728758
0.000730283
0.000814513
0.00077194
0.000755156
0.000717949
0.000717473
0.000723651
0.000727788
0.000726542
0.000729153
0.000723853
0.000727803
0.000728252
0.00073116
0.0007462
0.000736122
0.000728463
0.000722623
0.000730595
0.000728116
0.000836906
0.000718437
0.00071557
0.000718063
0.000731461
0.00074111
0.000715798
0.000717896
0.000717291
0.000741845
0.000721587
0.000723527
0.000726172
0.000725845
0.000722725
0.000717548
0.000745186
0.000715496
0.000728649
0.000763876
0.00071723
0.000751508
0.000716928
0.000726144
0.000717997
0.000729068
0.000722034
0.000730781
0.000716851
0.000718713
0.00072557
0.000731424
