#time [s]
2.667e-06
2.628e-06
2.55e-06
2.545e-06
2.542e-06
2.547e-06
2.552e-06
2.55e-06
2.581e-06
2.548e-06
2.546e-06
2.602e-06
2.602e-06
2.6e-06
2.607e-06
2.608e-06
2.609e-06
2.611e-06
2.606e-06
2.604e-06
2.602e-06
2.598e-06
2.597e-06
2.606e-06
2.603e-06
2.609e-06
2.611e-06
2.61e-06
2.605e-06
2.603e-06
2.602e-06
2.6e-06
2.606e-06
2.607e-06
2.612e-06
2.61e-06
2.61e-06
2.603e-06
2.605e-06
2.603e-06
2.604e-06
2.604e-06
2.609e-06
2.608e-06
2.614e-06
2.606e-06
2.609e-06
2.602e-06
2.597e-06
2.6e-06
2.607e-06
2.608e-06
2.612e-06
2.612e-06
2.608e-06
2.607e-06
2.605e-06
2.598e-06
2.604e-06
2.602e-06
2.608e-06
2.609e-06
2.614e-06
2.61e-06
2.608e-06
2.606e-06
2.602e-06
2.603e-06
2.606e-06
2.606e-06
2.611e-06
2.61e-06
2.606e-06
2.605e-06
2.599e-06
2.599e-06
2.603e-06
2.602e-06
2.609e-06
2.612e-06
2.609e-06
2.606e-06
2.604e-06
2.602e-06
2.599e-06
2.6e-06
2.601e-06
2.605e-06
2.612e-06
2.609e-06
2.612e-06
2.607e-06
2.603e-06
2.6e-06
2.599e-06
2.602e-06
2.606e-06
2.607e-06
2.605e-06
2.607e-06
