#time [s]
0.001395166
0.001400364
0.001417979
0.001439088
0.001403559
0.001559245
0.00143244
0.00140658
0.001400185
0.001409921
0.001392707
0.00139516
0.001416238
0.001400899
0.001396967
0.001430184
0.001522371
0.001435289
0.00140385
0.001398816
0.001405447
0.00141274
0.001445399
0.001404192
0.001397546
0.001401367
0.001510002
0.001402761
0.001416071
0.001400903
0.001397737
0.00139995
0.001425112
0.001411966
0.001404296
0.001392423
0.001398006
0.001518814
0.001392421
0.001439973
0.001404116
0.001418938
0.001393146
0.001433085
0.001399861
0.001409419
0.001401606
0.001424977
0.001503063
0.001480292
0.001398259
0.001451856
0.001394968
0.001434295
0.001393058
0.001400606
0.001418228
0.00144443
0.00140178
0.001515352
0.001394795
0.001404445
0.001395376
0.001440354
0.001408804
0.001419
0.001406009
0.001396229
0.001399616
0.00143326
0.001499631
0.00147648
0.001394479
0.001418683
0.00142773
0.001429172
0.001449728
0.001423011
0.00142678
0.001418407
0.001502936
0.001438056
0.001411868
0.001412312
0.001406251
0.001432465
0.001413802
0.001464148
0.001392985
0.001395428
0.001419136
0.001571058
0.001491145
0.001444028
0.001403922
0.001437242
0.001426168
0.001399929
0.001413542
0.001420364
