#time [s]
1.6433e-05
1.6335e-05
1.6294e-05
1.631e-05
1.6294e-05
1.6651e-05
1.6329e-05
1.6305e-05
1.6254e-05
1.6292e-05
1.6304e-05
1.6279e-05
1.6303e-05
1.6675e-05
1.6278e-05
1.628e-05
1.6294e-05
1.6262e-05
1.6294e-05
1.6301e-05
1.626e-05
1.6286e-05
1.631e-05
1.6286e-05
1.6271e-05
1.6301e-05
1.6278e-05
1.6282e-05
1.6301e-05
1.6269e-05
1.628e-05
1.6662e-05
1.6314e-05
1.6285e-05
1.6294e-05
1.6299e-05
1.6278e-05
1.6301e-05
1.6301e-05
1.6266e-05
1.6311e-05
1.6285e-05
1.6273e-05
1.6314e-05
1.6292e-05
1.6271e-05
1.6291e-05
1.6298e-05
1.6268e-05
1.6277e-05
1.629e-05
1.6282e-05
1.6277e-05
1.631e-05
1.6645e-05
1.6265e-05
1.6299e-05
1.6275e-05
1.6267e-05
1.6285e-05
1.6269e-05
1.6273e-05
1.6285e-05
1.6283e-05
1.628e-05
1.63e-05
1.6281e-05
1.6265e-05
1.63e-05
1.6274e-05
1.6257e-05
1.6283e-05
1.6282e-05
1.6267e-05
1.6291e-05
1.6287e-05
1.6257e-05
2.5659e-05
1.6404e-05
1.6714e-05
1.7015e-05
2.8135e-05
1.6388e-05
1.6555e-05
1.6312e-05
1.6271e-05
1.64e-05
1.6662e-05
1.6637e-05
1.6685e-05
1.6672e-05
1.6266e-05
1.6276e-05
1.6287e-05
1.6274e-05
1.6287e-05
1.6279e-05
1.6249e-05
1.6272e-05
1.6293e-05
