#time [s]
6.4135e-05
6.407e-05
6.4094e-05
6.4092e-05
6.4076e-05
6.4103e-05
6.4082e-05
6.4099e-05
6.4085e-05
6.4096e-05
6.4073e-05
6.4095e-05
6.4074e-05
6.4083e-05
6.4086e-05
6.4099e-05
7.4575e-05
6.4195e-05
6.4124e-05
6.4084e-05
6.4107e-05
6.4093e-05
6.4076e-05
6.4085e-05
6.4089e-05
6.4072e-05
6.4091e-05
6.4101e-05
6.4274e-05
6.4274e-05
6.4071e-05
6.4074e-05
6.4098e-05
6.41e-05
6.4118e-05
6.4103e-05
6.4084e-05
6.4071e-05
6.4083e-05
6.409e-05
6.4088e-05
6.4096e-05
6.4077e-05
6.4079e-05
6.4099e-05
6.4076e-05
6.409e-05
6.4122e-05
6.4065e-05
6.4078e-05
6.4087e-05
6.4089e-05
6.408e-05
6.4081e-05
6.4113e-05
6.4091e-05
6.409e-05
8.0674e-05
6.42e-05
6.4136e-05
6.4094e-05
6.4087e-05
6.4088e-05
6.411e-05
6.4108e-05
6.4095e-05
6.4093e-05
6.4096e-05
6.4093e-05
6.4092e-05
6.4089e-05
6.4091e-05
6.4103e-05
6.4078e-05
6.411e-05
7.0566e-05
6.4191e-05
6.4135e-05
6.4121e-05
6.4091e-05
6.4102e-05
6.4084e-05
6.4098e-05
6.4085e-05
6.4063e-05
6.409e-05
6.4105e-05
6.406e-05
6.4085e-05
6.4083e-05
6.4074e-05
6.4068e-05
6.4075e-05
6.4085e-05
6.4088e-05
6.409e-05
6.4111e-05
6.4077e-05
6.4069e-05
6.4073e-05
