#time [s]
7.045e-06
6.86e-06
6.86e-06
6.859e-06
6.847e-06
6.851e-06
6.867e-06
6.851e-06
6.849e-06
6.865e-06
6.87e-06
6.851e-06
6.859e-06
6.865e-06
6.861e-06
6.849e-06
6.863e-06
6.864e-06
6.846e-06
6.853e-06
6.869e-06
6.855e-06
6.843e-06
6.86e-06
6.87e-06
6.844e-06
6.85e-06
6.869e-06
6.851e-06
6.839e-06
6.861e-06
6.869e-06
6.849e-06
6.852e-06
6.865e-06
6.854e-06
6.84e-06
6.861e-06
6.864e-06
6.849e-06
6.849e-06
6.876e-06
6.851e-06
6.851e-06
6.867e-06
6.863e-06
6.85e-06
6.854e-06
6.867e-06
6.855e-06
1.2083e-05
6.997e-06
6.866e-06
6.857e-06
6.874e-06
6.872e-06
6.855e-06
6.858e-06
6.871e-06
6.852e-06
6.856e-06
6.876e-06
6.873e-06
6.854e-06
6.866e-06
6.88e-06
6.869e-06
6.856e-06
6.874e-06
6.875e-06
6.857e-06
6.867e-06
6.874e-06
6.862e-06
6.852e-06
6.874e-06
6.867e-06
6.851e-06
6.862e-06
6.876e-06
6.858e-06
6.857e-06
6.87e-06
6.867e-06
6.854e-06
6.87e-06
6.877e-06
6.859e-06
1.4515e-05
7.021e-06
6.926e-06
7.328e-06
3.0665e-05
7.619e-06
7.164e-06
7.521e-06
7.311e-06
7.262e-06
1.2558e-05
6.981e-06
