#time [s]
5.0403e-05
4.8842e-05
4.8748e-05
4.877e-05
4.8756e-05
4.8756e-05
4.8699e-05
4.8716e-05
4.8722e-05
4.8748e-05
4.8719e-05
4.8735e-05
4.873e-05
4.8695e-05
4.8689e-05
4.8775e-05
4.8688e-05
4.8845e-05
4.8712e-05
4.8811e-05
4.8725e-05
4.8843e-05
4.8692e-05
4.8693e-05
4.8708e-05
4.8736e-05
4.8712e-05
4.8747e-05
4.8685e-05
4.8708e-05
4.8733e-05
4.8717e-05
4.8686e-05
4.8735e-05
4.8663e-05
4.869e-05
4.8703e-05
4.8708e-05
4.874e-05
4.8692e-05
4.871e-05
4.8701e-05
4.8744e-05
4.871e-05
4.8648e-05
4.865e-05
4.8715e-05
4.871e-05
4.8722e-05
4.875e-05
4.8728e-05
4.8684e-05
4.8742e-05
4.871e-05
4.8646e-05
4.871e-05
4.8726e-05
4.8663e-05
4.8716e-05
4.8701e-05
4.8711e-05
4.8696e-05
4.8734e-05
4.8703e-05
4.8709e-05
4.8684e-05
4.8664e-05
4.8709e-05
4.8706e-05
4.8689e-05
4.8716e-05
4.8765e-05
4.8658e-05
6.4167e-05
5.9836e-05
6.2955e-05
4.8752e-05
4.8676e-05
4.8825e-05
4.8721e-05
4.8682e-05
4.8743e-05
4.8617e-05
4.8732e-05
4.8723e-05
4.8689e-05
4.8699e-05
4.8724e-05
4.8693e-05
4.8722e-05
4.8697e-05
4.8657e-05
4.8688e-05
4.8705e-05
4.8739e-05
4.8744e-05
4.8707e-05
4.8696e-05
4.8717e-05
4.8723e-05
