#time [s]
5.96e-07
5.47e-07
5.42e-07
5.22e-07
5.2e-07
5.22e-07
5.39e-07
5.24e-07
5.2e-07
5.23e-07
5.2e-07
5.22e-07
5.21e-07
5.23e-07
5.21e-07
5.23e-07
5.21e-07
5.23e-07
5.21e-07
5.21e-07
5.21e-07
5.18e-07
5.13e-07
5.16e-07
5.1e-07
5.16e-07
5.12e-07
5.11e-07
5.18e-07
5.12e-07
5.13e-07
5.12e-07
5.11e-07
5.12e-07
5.13e-07
5.13e-07
5.13e-07
5.13e-07
5.12e-07
5.14e-07
5.14e-07
5.13e-07
5.14e-07
5.13e-07
5.14e-07
5.14e-07
5.13e-07
5.17e-07
5.15e-07
5.16e-07
5.15e-07
5.18e-07
5.13e-07
5.14e-07
5.16e-07
5.14e-07
5.16e-07
5.14e-07
5.16e-07
5.14e-07
5.16e-07
5.13e-07
5.16e-07
5.17e-07
5.16e-07
5.13e-07
5.16e-07
5.13e-07
5.15e-07
5.13e-07
5.15e-07
5.12e-07
5.15e-07
5.12e-07
5.14e-07
5.12e-07
5.14e-07
5.13e-07
5.14e-07
5.15e-07
5.15e-07
5.15e-07
5.15e-07
5.15e-07
5.14e-07
5.13e-07
5.14e-07
5.13e-07
5.15e-07
5.14e-07
5.14e-07
5.15e-07
5.14e-07
5.13e-07
5.14e-07
5.15e-07
5.15e-07
5.14e-07
5.15e-07
5.14e-07
