#time [s]
0.00015238
0.000151655
0.000151496
0.000156817
0.000151453
0.000151409
0.000151381
0.000151364
0.000152191
0.00015142
0.000152116
0.000156084
0.000151446
0.000165623
0.000151499
0.000151455
0.000151317
0.000159169
0.000173199
0.000151388
0.000151423
0.000151429
0.000151287
0.000151418
0.000151378
0.000151346
0.000151418
0.000151315
0.00015142
0.000151331
0.000151401
0.000160099
0.000151945
0.000151379
0.000151506
0.000195173
0.000152459
0.000151444
0.000151401
0.000151432
0.000151507
0.0001514
0.000151427
0.000151423
0.000205363
0.000169962
0.000151508
0.000151497
0.000151489
0.000151428
0.000151428
0.000151485
0.000158801
0.000151768
0.000151481
0.000151541
0.000151994
0.000151327
0.000153195
0.000151433
0.000151389
0.000151348
0.000151422
0.000151643
0.000151265
0.00015146
0.000151486
0.000151499
0.000173417
0.000151491
0.000151457
0.000151402
0.000151324
0.000163604
0.000154331
0.000151499
0.000151509
0.000151499
0.000151439
0.000151378
0.000151396
0.000153424
0.000151411
0.000151358
0.000152704
0.000151509
0.000154536
0.000151415
0.000151326
0.000151427
0.000151445
0.00015142
0.000151374
0.000151362
0.000151409
0.000159727
0.00015163
0.000153764
0.000151463
0.000151469
