#time [s]
9.36e-07
8.96e-07
8.86e-07
8.81e-07
8.63e-07
8.49e-07
8.47e-07
8.53e-07
8.46e-07
8.48e-07
8.48e-07
8.58e-07
8.49e-07
8.51e-07
8.49e-07
8.48e-07
8.5e-07
8.49e-07
8.48e-07
8.48e-07
8.48e-07
8.48e-07
8.49e-07
8.46e-07
8.49e-07
8.48e-07
8.47e-07
8.46e-07
8.48e-07
8.46e-07
8.5e-07
8.47e-07
8.48e-07
8.49e-07
8.49e-07
8.49e-07
8.5e-07
8.52e-07
8.51e-07
8.5e-07
8.5e-07
8.48e-07
8.51e-07
8.48e-07
8.5e-07
8.43e-07
8.51e-07
8.44e-07
8.48e-07
8.43e-07
8.48e-07
8.48e-07
8.46e-07
8.46e-07
8.5e-07
8.48e-07
8.46e-07
8.49e-07
8.53e-07
8.51e-07
8.47e-07
8.49e-07
8.45e-07
8.52e-07
8.45e-07
8.52e-07
8.45e-07
8.51e-07
8.5e-07
8.5e-07
8.5e-07
8.48e-07
8.49e-07
8.48e-07
8.5e-07
8.53e-07
8.49e-07
8.46e-07
8.5e-07
8.43e-07
8.48e-07
8.43e-07
8.49e-07
8.42e-07
8.47e-07
8.48e-07
8.48e-07
8.46e-07
8.47e-07
8.48e-07
8.47e-07
8.5e-07
8.52e-07
8.48e-07
8.51e-07
8.48e-07
8.51e-07
8.47e-07
8.52e-07
8.48e-07
