#time [s]
8.686e-06
8.556e-06
8.533e-06
8.519e-06
8.513e-06
8.495e-06
8.482e-06
8.474e-06
8.494e-06
8.485e-06
8.465e-06
8.5e-06
8.486e-06
8.467e-06
8.489e-06
8.501e-06
8.459e-06
8.499e-06
8.473e-06
8.476e-06
8.482e-06
8.489e-06
8.463e-06
8.489e-06
8.482e-06
8.462e-06
8.493e-06
8.492e-06
8.465e-06
8.485e-06
8.49e-06
8.47e-06
8.493e-06
8.487e-06
8.464e-06
8.487e-06
8.493e-06
8.467e-06
8.485e-06
8.488e-06
8.468e-06
8.486e-06
8.586e-06
8.484e-06
8.488e-06
8.491e-06
8.46e-06
1.8578e-05
8.605e-06
8.532e-06
8.549e-06
8.513e-06
8.501e-06
8.507e-06
8.492e-06
8.497e-06
8.499e-06
8.469e-06
8.492e-06
8.517e-06
8.474e-06
8.491e-06
8.5e-06
8.465e-06
8.484e-06
8.499e-06
8.463e-06
8.485e-06
8.496e-06
8.474e-06
8.482e-06
8.502e-06
8.477e-06
8.474e-06
8.509e-06
8.479e-06
8.493e-06
8.504e-06
8.487e-06
8.486e-06
8.504e-06
8.484e-06
8.485e-06
8.507e-06
8.482e-06
8.486e-06
8.503e-06
8.481e-06
8.481e-06
8.501e-06
8.481e-06
8.475e-06
8.501e-06
8.479e-06
8.485e-06
8.504e-06
8.482e-06
8.481e-06
8.503e-06
8.487e-06
