#time [s]
7.737e-06
7.594e-06
7.573e-06
7.523e-06
7.539e-06
7.553e-06
7.522e-06
7.525e-06
7.543e-06
7.532e-06
7.528e-06
7.542e-06
7.538e-06
7.524e-06
7.539e-06
7.534e-06
7.517e-06
7.536e-06
7.538e-06
7.518e-06
7.531e-06
7.539e-06
7.521e-06
7.527e-06
7.549e-06
7.52e-06
7.525e-06
7.544e-06
7.531e-06
7.521e-06
7.542e-06
7.54e-06
7.521e-06
7.538e-06
7.54e-06
7.528e-06
7.534e-06
7.542e-06
7.522e-06
7.531e-06
7.545e-06
7.522e-06
7.522e-06
7.547e-06
7.536e-06
7.519e-06
7.545e-06
7.537e-06
7.526e-06
7.546e-06
7.533e-06
7.526e-06
7.543e-06
7.547e-06
7.528e-06
7.531e-06
7.544e-06
7.524e-06
7.528e-06
7.546e-06
7.529e-06
7.524e-06
7.545e-06
7.533e-06
7.517e-06
7.542e-06
7.532e-06
7.523e-06
7.538e-06
7.538e-06
7.522e-06
7.532e-06
7.543e-06
7.522e-06
7.527e-06
7.544e-06
7.527e-06
7.524e-06
7.54e-06
7.537e-06
7.535e-06
7.541e-06
7.538e-06
7.517e-06
7.537e-06
7.538e-06
7.518e-06
7.534e-06
7.542e-06
7.52e-06
7.53e-06
7.544e-06
7.526e-06
7.524e-06
7.543e-06
7.529e-06
7.524e-06
7.541e-06
7.532e-06
7.52e-06
