#time [s]
0.000872702
0.000850503
0.000890126
0.000832374
0.000803334
0.000805707
0.000878317
0.000862655
0.000804994
0.000790659
0.000835639
0.000849909
0.000779011
0.000828761
0.000803715
0.000851048
0.000846466
0.000780886
0.000833054
0.000805526
0.000831732
0.000855193
0.00080884
0.00085974
0.000646479
0.000646316
0.000646342
0.000662328
0.000672964
0.000646423
0.00064631
0.000648064
0.000649646
0.000718422
0.000646599
0.000646363
0.000648294
0.000654323
0.000657508
0.000648157
0.000649042
0.000673889
0.000648911
0.000648967
0.000714275
0.000648582
0.000669364
0.000672563
0.000679387
0.000647971
0.000648659
0.000648183
0.000652794
0.000657411
0.000674899
0.000659438
0.000646499
0.000648062
0.000653704
0.000672418
0.000703539
0.000656737
0.000647273
0.000649082
0.000649746
0.000648902
0.00066141
0.000654382
0.000668537
0.000789259
0.000648584
0.000680998
0.00067725
0.000674323
0.000648406
0.00064611
0.000648418
0.000663598
0.00064789
0.000655012
0.000659957
0.000673762
0.00064635
0.000655782
0.000648496
0.000646957
0.000717295
0.00065568
0.000653937
0.000660767
0.000654112
0.000748629
0.000696737
0.00064838
0.000691338
0.000656717
0.000646276
0.000648602
0.000670952
0.000695966
