#time [s]
0.002412978
0.002389001
0.002420395
0.002408295
0.00241098
0.002404745
0.002444547
0.002406164
0.002394348
0.0023862
0.002401494
0.002386234
0.002510104
0.002481906
0.002422169
0.002398955
0.002408492
0.002414036
0.00250338
0.002404526
0.002390581
0.002406118
0.00241858
0.002401798
0.002381933
0.002650363
0.002679187
0.002703778
0.002706644
0.002764252
0.002656424
0.003608387
0.002606226
0.002677704
0.002673973
0.002747026
0.002724343
0.002916024
0.002973002
0.00287988
0.002988996
0.002984746
0.00295271
0.003008249
0.002997268
0.002837247
0.002928921
0.002920188
0.00253768
0.003029344
0.003042567
0.002914831
0.00301491
0.003068412
0.002929638
0.002911358
0.003026434
0.002964151
0.002845249
0.002955578
0.0028714
0.002524237
0.002397794
0.002571366
0.002403481
0.002416188
0.002483469
0.002392577
0.002401274
0.002395455
0.002526737
0.00240655
0.002396227
0.002411717
0.002463444
0.002398506
0.002388714
0.002507394
0.002443102
0.002391242
0.002419188
0.002466111
0.002386105
0.002386054
0.002560096
0.002485912
0.002382957
0.002409409
0.002402282
0.002467321
0.002461023
0.002408274
0.002454936
0.002406337
0.00239172
0.002403305
0.00244657
0.002503053
0.002415214
0.002400854
