#time [s]
0.00149236
0.001616829
0.001531586
0.00149449
0.001483679
0.001510304
0.001506616
0.001486239
0.001524038
0.001503316
0.001522599
0.001627564
0.001569991
0.001507443
0.001497695
0.00148811
0.00154091
0.001485451
0.001507887
0.001500698
0.001485787
0.001572372
0.001518243
0.001493649
0.001501815
0.001522854
0.001506845
0.001511526
0.001485639
0.001496279
0.001528547
0.001623981
0.001524857
0.001482076
0.001508785
0.00150257
0.001494259
0.001492216
0.00151687
0.001496751
0.00155769
0.001538059
0.001485798
0.001495933
0.001541546
0.00149807
0.001528005
0.001514413
0.001484406
0.001576843
0.001522216
0.001492942
0.00148813
0.001517157
0.001494409
0.001513089
0.001500467
0.001502199
0.001524496
0.001590609
0.001539652
0.001493558
0.001484469
0.001518775
0.001500423
0.001487627
0.00152817
0.001498569
0.001514886
0.001482981
0.001481475
0.001496919
0.001481228
0.001521916
0.001487164
0.001502583
0.001502517
0.001523818
0.001599058
0.001494168
0.001481192
0.001495409
0.00148823
0.001528472
0.001497209
0.001494201
0.001506966
0.001495286
0.001619515
0.001500377
0.001504224
0.001498167
0.001486081
0.001525275
0.001544438
0.001500239
0.001509625
0.001489905
0.00169865
0.001556426
