#time [s]
0.000477859
0.000478811
0.000480416
0.000479313
0.000482288
0.000480414
0.000482259
0.000481672
0.000479272
0.000582081
0.000477725
0.000488328
0.000477732
0.000477758
0.000477621
0.00047763
0.000477547
0.000477431
0.000479373
0.000509278
0.000490062
0.000477702
0.000477682
0.000509814
0.00047763
0.000477816
0.000477732
0.000479638
0.000478527
0.000481104
0.000486673
0.000504198
0.000483819
0.000481932
0.000498427
0.000483312
0.000524476
0.00047773
0.000477544
0.000477692
0.000479344
0.000478418
0.000490289
0.000479426
0.00048119
0.000480273
0.000482138
0.000489626
0.0005128
0.000485329
0.000601303
0.000477815
0.000477721
0.000477642
0.00051812
0.000477711
0.000477561
0.000485894
0.000479298
0.000478339
0.000481201
0.000479079
0.000480977
0.000480165
0.00050496
0.000517372
0.000477688
0.000477666
0.000477698
0.000477638
0.000479492
0.000603799
0.000515463
0.000477813
0.000477095
0.000477106
0.000478791
0.000477784
0.00047961
0.000478588
0.000490375
0.000479666
0.00048091
0.000478616
0.000478646
0.00049773
0.000489125
0.000480348
0.000479544
0.000480955
0.000481298
0.000483534
0.000478683
0.000478597
0.000480546
0.000481607
0.000480996
0.000478628
0.000480133
0.000492481
