#time [s]
0.000716191
0.000720374
0.000776318
0.00071458
0.000715044
0.000730204
0.000712264
0.000712333
0.000723247
0.000715285
0.000720258
0.000713457
0.000718749
0.000719407
0.000825701
0.000751071
0.000741893
0.000729306
0.000712588
0.000721915
0.000745546
0.000712636
0.000712149
0.000714418
0.000736803
0.000714398
0.000714384
0.000721742
0.000718381
0.000717541
0.000743196
0.000713285
0.000712609
0.000716274
0.000713473
0.00072226
0.000797873
0.000716254
0.000714798
0.000748255
0.000713411
0.000713471
0.000713244
0.000733025
0.000712725
0.000711602
0.000726084
0.000716364
0.000720934
0.000713607
0.000718256
0.000726197
0.000727517
0.000720226
0.00071223
0.000727063
0.000711604
0.000721983
0.000756496
0.000745613
0.000804763
0.000741169
0.000723319
0.000713309
0.000721709
0.000714946
0.000713301
0.000713825
0.000747775
0.00071355
0.000714028
0.000713298
0.000717197
0.000728887
0.000719152
0.0007193
0.000713173
0.000720247
0.000719546
0.000728873
0.000720585
0.000854128
0.000742973
0.000716848
0.000722459
0.000713962
0.000720406
0.000719169
0.000712834
0.000728359
0.000732631
0.000715295
0.000713647
0.000732285
0.00071192
0.000713021
0.000723015
0.000717131
0.000713272
0.000714314
