#time [s]
3.316e-06
3.299e-06
3.15e-06
3.16e-06
3.171e-06
3.209e-06
3.211e-06
3.227e-06
3.236e-06
3.228e-06
3.218e-06
3.221e-06
3.218e-06
3.228e-06
3.211e-06
3.216e-06
3.223e-06
3.23e-06
3.22e-06
3.228e-06
3.221e-06
3.213e-06
3.209e-06
3.218e-06
3.215e-06
3.221e-06
3.235e-06
3.233e-06
3.229e-06
3.226e-06
3.212e-06
3.222e-06
3.223e-06
3.219e-06
3.233e-06
3.231e-06
3.221e-06
3.225e-06
3.199e-06
3.211e-06
3.198e-06
3.202e-06
3.221e-06
3.209e-06
3.23e-06
3.219e-06
3.201e-06
3.22e-06
3.211e-06
3.234e-06
3.216e-06
3.236e-06
3.228e-06
3.228e-06
3.225e-06
3.221e-06
3.219e-06
3.219e-06
3.223e-06
3.226e-06
3.23e-06
3.222e-06
3.21e-06
3.221e-06
3.215e-06
3.204e-06
3.23e-06
3.22e-06
3.209e-06
3.215e-06
3.239e-06
3.219e-06
3.234e-06
3.212e-06
3.206e-06
3.216e-06
3.23e-06
3.222e-06
3.221e-06
3.231e-06
3.216e-06
3.211e-06
3.221e-06
3.207e-06
3.219e-06
3.232e-06
3.235e-06
3.227e-06
3.23e-06
3.228e-06
3.222e-06
3.213e-06
3.217e-06
3.233e-06
3.225e-06
3.226e-06
3.224e-06
3.226e-06
3.217e-06
3.213e-06
