#time [s]
0.000944649
0.000950331
0.000952076
0.000958826
0.000997818
0.000982123
0.000968375
0.000968221
0.000943627
0.000944622
0.000945427
0.000961907
0.000949598
0.000951336
0.000947727
0.000958462
0.000943589
0.000970556
0.000943458
0.000954487
0.000945594
0.000996436
0.000970661
0.000952083
0.000952679
0.000945626
0.00096406
0.000956188
0.000943476
0.000945296
0.000946073
0.000947747
0.000961588
0.000957867
0.000952732
0.000945552
0.000978349
0.001000882
0.000970825
0.000943533
0.000951584
0.000944591
0.000945391
0.000953545
0.000949938
0.000972328
0.000944612
0.00094326
0.000944669
0.000956137
0.000946944
0.000947532
0.000945098
0.00103464
0.0009435
0.000969271
0.000943539
0.000952791
0.000945847
0.000946406
0.000947445
0.000964703
0.00096108
0.000945633
0.000945663
0.000958173
0.000943515
0.000944634
0.000945342
0.000946686
0.001161798
0.001203435
0.001003876
0.000952015
0.000996435
0.000943533
0.000945683
0.000959306
0.000946984
0.000951506
0.000958509
0.000946378
0.000948298
0.00097421
0.000951938
0.000945724
0.000947424
0.001083505
0.001060921
0.000970949
0.000967641
0.000943725
0.000944647
0.000963932
0.000949245
0.000958803
0.000943638
0.000953409
0.000946508
0.000956123
