#time [s]
1.768e-06
1.722e-06
1.728e-06
1.717e-06
1.712e-06
1.695e-06
1.693e-06
1.691e-06
1.683e-06
1.693e-06
1.686e-06
1.692e-06
1.699e-06
1.7e-06
1.69e-06
1.696e-06
1.69e-06
1.687e-06
1.692e-06
1.689e-06
1.687e-06
1.697e-06
1.683e-06
1.694e-06
1.692e-06
1.693e-06
1.698e-06
1.694e-06
1.7e-06
1.694e-06
1.693e-06
1.692e-06
1.69e-06
1.689e-06
1.688e-06
1.687e-06
1.692e-06
1.691e-06
1.69e-06
1.696e-06
1.691e-06
1.694e-06
1.698e-06
1.695e-06
1.701e-06
1.693e-06
1.692e-06
1.692e-06
1.69e-06
1.688e-06
1.689e-06
1.687e-06
1.692e-06
1.691e-06
1.689e-06
1.696e-06
1.692e-06
1.693e-06
1.698e-06
1.696e-06
1.693e-06
1.693e-06
1.692e-06
1.69e-06
1.691e-06
1.69e-06
1.688e-06
1.688e-06
1.692e-06
1.689e-06
1.69e-06
1.696e-06
1.692e-06
1.694e-06
1.698e-06
1.694e-06
1.7e-06
1.693e-06
1.692e-06
1.691e-06
1.69e-06
1.689e-06
1.688e-06
1.688e-06
1.692e-06
1.691e-06
1.69e-06
1.695e-06
1.693e-06
1.694e-06
1.697e-06
1.696e-06
1.693e-06
1.694e-06
1.691e-06
1.69e-06
1.69e-06
1.69e-06
1.686e-06
1.688e-06
