#time [s]
0.002240937
0.002177504
0.002240148
0.00217667
0.002227999
0.00221859
0.00220885
0.002185909
0.002167881
0.002239415
0.002180011
0.002202339
0.00219769
0.0022728
0.002187056
0.002234646
0.002197068
0.002203837
0.002208659
0.002269271
0.002241365
0.002226829
0.002189357
0.002260832
0.002179566
0.002222905
0.002357064
0.002339763
0.002242261
0.002217461
0.002188027
0.002227991
0.002215452
0.002303081
0.002229673
0.002212606
0.002265468
0.002186928
0.002226181
0.002236342
0.002310738
0.002195177
0.002176749
0.002222558
0.00220032
0.002180348
0.00220103
0.002318713
0.002194183
0.002181266
0.00221226
0.00220032
0.002177484
0.002283664
0.002198265
0.002197221
0.002178616
0.002188083
0.002211703
0.002214179
0.002287418
0.002247965
0.002186934
0.002217491
0.002182212
0.002208206
0.00220265
0.002352967
0.002213188
0.002190021
0.002242287
0.002210332
0.002219745
0.002182131
0.002481462
0.002958562
0.002959214
0.002841678
0.002970023
0.002856134
0.002777937
0.002693009
0.002597434
0.002628397
0.002551851
0.002684935
0.002921424
0.003159303
0.002994609
0.002876094
0.002632312
0.002519426
0.00301419
0.002882009
0.002784868
0.002995744
0.00291046
0.002876904
0.00301865
0.002877308
