#time [s]
2.297e-06
2.251e-06
2.254e-06
2.255e-06
2.259e-06
2.257e-06
2.256e-06
2.253e-06
2.252e-06
2.249e-06
2.25e-06
2.253e-06
2.254e-06
2.256e-06
2.256e-06
2.26e-06
2.259e-06
2.254e-06
2.252e-06
2.252e-06
2.248e-06
2.251e-06
2.251e-06
2.256e-06
2.255e-06
2.259e-06
2.257e-06
2.257e-06
2.255e-06
2.252e-06
2.248e-06
2.251e-06
2.252e-06
2.254e-06
2.255e-06
2.258e-06
2.257e-06
2.258e-06
2.253e-06
2.253e-06
2.249e-06
2.249e-06
2.253e-06
2.254e-06
2.254e-06
2.257e-06
2.261e-06
2.258e-06
2.255e-06
2.253e-06
2.254e-06
2.25e-06
2.248e-06
2.252e-06
2.253e-06
2.257e-06
2.257e-06
2.259e-06
2.255e-06
2.254e-06
2.251e-06
2.251e-06
2.248e-06
2.251e-06
2.253e-06
2.255e-06
2.259e-06
2.26e-06
2.256e-06
2.256e-06
2.252e-06
2.252e-06
2.247e-06
2.251e-06
2.251e-06
2.254e-06
2.259e-06
2.259e-06
2.257e-06
2.256e-06
2.256e-06
2.252e-06
2.248e-06
2.251e-06
2.25e-06
2.254e-06
2.254e-06
2.258e-06
2.257e-06
2.258e-06
2.254e-06
2.253e-06
2.25e-06
2.248e-06
2.247e-06
2.254e-06
2.251e-06
2.253e-06
2.263e-06
2.257e-06
