#time [s]
1.826e-06
1.801e-06
1.777e-06
1.801e-06
1.799e-06
1.79e-06
1.78e-06
1.775e-06
1.772e-06
1.773e-06
1.801e-06
1.771e-06
1.771e-06
1.77e-06
1.772e-06
1.793e-06
1.77e-06
1.777e-06
1.775e-06
1.777e-06
1.797e-06
1.775e-06
1.775e-06
1.772e-06
1.774e-06
1.793e-06
1.769e-06
1.771e-06
1.772e-06
1.775e-06
1.797e-06
1.775e-06
1.777e-06
1.777e-06
1.778e-06
1.796e-06
1.774e-06
1.774e-06
1.771e-06
1.772e-06
1.79e-06
1.769e-06
1.773e-06
1.773e-06
1.774e-06
1.797e-06
1.776e-06
1.778e-06
1.777e-06
1.776e-06
1.795e-06
1.775e-06
1.772e-06
1.772e-06
1.771e-06
1.792e-06
1.772e-06
1.773e-06
1.775e-06
1.775e-06
1.798e-06
1.777e-06
1.777e-06
1.777e-06
1.776e-06
1.795e-06
1.771e-06
1.771e-06
1.771e-06
1.77e-06
1.794e-06
1.771e-06
1.774e-06
1.773e-06
1.776e-06
1.799e-06
1.777e-06
1.777e-06
1.772e-06
1.774e-06
1.795e-06
1.77e-06
1.771e-06
1.771e-06
1.772e-06
1.794e-06
1.773e-06
1.776e-06
1.778e-06
1.779e-06
1.798e-06
1.774e-06
1.776e-06
1.769e-06
1.772e-06
1.771e-06
1.769e-06
1.772e-06
1.793e-06
1.772e-06
