#time [s]
5.073e-06
5.106e-06
5.101e-06
5.021e-06
5.076e-06
5.085e-06
5.099e-06
5.09e-06
5.093e-06
5.081e-06
5.072e-06
5.084e-06
5.104e-06
5.099e-06
5.08e-06
5.088e-06
5.091e-06
5.076e-06
5.092e-06
5.084e-06
5.091e-06
5.089e-06
5.079e-06
5.079e-06
5.105e-06
5.074e-06
5.074e-06
5.072e-06
5.096e-06
5.081e-06
5.089e-06
5.072e-06
5.086e-06
5.095e-06
5.084e-06
5.084e-06
5.101e-06
5.095e-06
5.07e-06
5.089e-06
5.101e-06
5.101e-06
5.097e-06
5.068e-06
5.073e-06
5.099e-06
5.106e-06
5.081e-06
5.081e-06
5.076e-06
5.083e-06
5.076e-06
5.092e-06
5.103e-06
5.092e-06
5.065e-06
5.083e-06
5.09e-06
5.106e-06
5.077e-06
5.074e-06
5.075e-06
5.096e-06
1.4294e-05
5.073e-06
5.023e-06
5.136e-06
5.131e-06
5.028e-06
5.013e-06
5.006e-06
5.023e-06
5.018e-06
5.028e-06
5.007e-06
5.004e-06
4.991e-06
5.004e-06
5.009e-06
5.023e-06
5.007e-06
5.008e-06
4.996e-06
5.013e-06
5.012e-06
5.022e-06
5.004e-06
5.006e-06
4.997e-06
5.014e-06
5.012e-06
5.02e-06
5.004e-06
5.005e-06
5e-06
5.016e-06
5.015e-06
5.018e-06
5e-06
5.004e-06
