#time [s]
3.5343e-05
3.5233e-05
3.5238e-05
3.5229e-05
3.5236e-05
3.5222e-05
3.5238e-05
3.5251e-05
3.5248e-05
3.5186e-05
3.5259e-05
3.5207e-05
3.5256e-05
3.5228e-05
3.5205e-05
3.5191e-05
3.5194e-05
3.5236e-05
3.5194e-05
3.5211e-05
3.518e-05
3.5228e-05
3.5214e-05
3.5256e-05
3.5243e-05
3.5227e-05
3.5215e-05
3.5223e-05
3.5208e-05
3.5192e-05
3.5224e-05
3.5245e-05
3.5246e-05
3.5207e-05
3.5188e-05
3.5235e-05
3.5219e-05
3.5163e-05
3.5223e-05
3.5289e-05
3.5237e-05
3.5276e-05
3.524e-05
3.5235e-05
3.5241e-05
3.5244e-05
3.5188e-05
3.5231e-05
3.5224e-05
3.5228e-05
3.5217e-05
3.5239e-05
3.525e-05
3.5252e-05
3.524e-05
3.5232e-05
3.5232e-05
3.5239e-05
3.5186e-05
3.5205e-05
3.5209e-05
3.5166e-05
3.5192e-05
3.5238e-05
3.5199e-05
3.5246e-05
3.5228e-05
3.5222e-05
3.5252e-05
3.5223e-05
3.5202e-05
3.5214e-05
3.5265e-05
4.5548e-05
3.5366e-05
3.5268e-05
3.5249e-05
3.5202e-05
3.5251e-05
3.521e-05
3.5222e-05
3.5251e-05
3.5191e-05
3.5218e-05
3.5215e-05
3.5275e-05
3.5208e-05
3.5205e-05
3.5227e-05
3.5229e-05
3.5204e-05
3.5226e-05
3.5254e-05
3.5211e-05
3.5247e-05
3.5257e-05
3.5213e-05
3.5282e-05
3.519e-05
3.5276e-05
