#time [s]
0.000302145
0.000302281
0.000302164
0.000302165
0.000302159
0.000302202
0.000302194
0.00030207
0.000302208
0.000302244
0.000302087
0.000302082
0.000309723
0.000328387
0.000302312
0.000302156
0.000302122
0.000307107
0.000302233
0.00030207
0.000302066
0.000310305
0.000302064
0.000302221
0.000302211
0.000308376
0.000302249
0.000302083
0.000302072
0.000302123
0.000302221
0.000302061
0.000302058
0.000302135
0.000302135
0.000302137
0.000302142
0.000302199
0.000311479
0.000302189
0.000302245
0.000302243
0.000302033
0.000302195
0.000302061
0.000302089
0.000302214
0.000302078
0.000307359
0.000302116
0.000302122
0.000308777
0.000302292
0.000302173
0.000302212
0.000302249
0.000302178
0.000302174
0.000302249
0.000302129
0.000302236
0.000302069
0.000302127
0.000301996
0.000308699
0.000302121
0.000302154
0.000302129
0.000302275
0.000302149
0.000314387
0.000302269
0.000302206
0.000302074
0.000302166
0.000310758
0.000302308
0.000302445
0.000302109
0.000307367
0.000302105
0.000302117
0.000302174
0.000302029
0.000302193
0.000302165
0.000302114
0.000302145
0.000302028
0.000311764
0.000302235
0.00030228
0.000302219
0.000302237
0.000302026
0.000302249
0.000302051
0.000302028
0.000302149
0.000302042
