#time [s]
5.3173e-05
5.948e-05
5.2919e-05
5.3206e-05
5.3181e-05
7.1407e-05
5.2986e-05
5.3018e-05
5.3145e-05
5.3127e-05
5.3128e-05
5.3126e-05
5.3088e-05
5.3133e-05
5.3162e-05
5.3096e-05
5.3096e-05
5.3111e-05
5.3117e-05
5.3109e-05
5.3132e-05
5.3137e-05
5.3114e-05
5.3139e-05
5.3144e-05
5.3162e-05
5.8443e-05
5.3133e-05
5.3148e-05
5.3167e-05
5.3143e-05
5.3129e-05
5.3131e-05
5.3111e-05
5.3133e-05
6.1335e-05
5.2931e-05
5.3163e-05
5.3164e-05
5.3142e-05
5.2843e-05
5.2843e-05
5.2853e-05
5.2865e-05
5.2799e-05
5.2885e-05
5.2844e-05
5.2845e-05
5.2863e-05
5.2824e-05
5.2842e-05
5.2845e-05
5.2829e-05
5.2848e-05
5.2845e-05
5.2878e-05
5.2835e-05
5.2842e-05
5.3147e-05
5.287e-05
5.2873e-05
5.2868e-05
5.2839e-05
5.2839e-05
5.2849e-05
5.2866e-05
5.8751e-05
5.288e-05
5.3185e-05
5.3161e-05
5.3143e-05
5.2828e-05
5.2861e-05
5.2863e-05
5.2871e-05
5.2846e-05
5.2819e-05
5.2783e-05
5.2799e-05
5.2866e-05
5.2867e-05
5.2831e-05
5.2848e-05
5.2823e-05
5.2901e-05
5.2865e-05
5.2873e-05
5.2838e-05
5.3139e-05
5.2892e-05
5.2847e-05
5.2865e-05
5.3121e-05
5.3114e-05
5.3139e-05
5.3159e-05
5.3138e-05
5.2844e-05
5.3113e-05
5.3126e-05
