#time [s]
7.5518e-05
7.5472e-05
7.5484e-05
7.5462e-05
7.5481e-05
7.5494e-05
7.5526e-05
7.5501e-05
7.5455e-05
7.5485e-05
7.5498e-05
7.5458e-05
7.5461e-05
7.5456e-05
7.5462e-05
7.5454e-05
7.5473e-05
7.5461e-05
7.5477e-05
7.5485e-05
7.5506e-05
7.5445e-05
7.5423e-05
7.5451e-05
7.5476e-05
7.5497e-05
7.5498e-05
7.5477e-05
7.5518e-05
7.549e-05
7.5476e-05
7.548e-05
7.548e-05
7.546e-05
7.5478e-05
7.5456e-05
7.5503e-05
7.5466e-05
7.5469e-05
7.545e-05
8.611e-05
7.5579e-05
7.5497e-05
7.5507e-05
7.5508e-05
7.5463e-05
7.5442e-05
7.5438e-05
7.5421e-05
7.5516e-05
7.5526e-05
7.5511e-05
7.5507e-05
7.5513e-05
7.549e-05
7.546e-05
7.5455e-05
7.5433e-05
7.5464e-05
7.5513e-05
7.5486e-05
7.5468e-05
7.5495e-05
7.5469e-05
7.5473e-05
7.5463e-05
7.546e-05
7.5443e-05
7.5436e-05
7.551e-05
7.5461e-05
7.5495e-05
7.5474e-05
7.5479e-05
7.5491e-05
7.5448e-05
7.5462e-05
7.5423e-05
7.5479e-05
7.5451e-05
7.5476e-05
7.5489e-05
7.5523e-05
7.5453e-05
7.5489e-05
7.5421e-05
7.5446e-05
7.5443e-05
7.5422e-05
8.2079e-05
7.5542e-05
7.5519e-05
7.5484e-05
7.551e-05
7.5451e-05
7.5466e-05
7.548e-05
7.5476e-05
7.5421e-05
7.545e-05
