#time [s]
0.000702227
0.000826144
0.000698245
0.000697506
0.000698873
0.000711094
0.000695454
0.000703362
0.000695961
0.00069664
0.000697065
0.000697358
0.000717039
0.00070521
0.000705795
0.00070455
0.000696691
0.000696382
0.000734551
0.000696512
0.00069545
0.000698098
0.000697701
0.000696829
0.000849044
0.000698273
0.000705366
0.000724485
0.000697348
0.000696744
0.000705606
0.000714335
0.000695607
0.000695274
0.000695273
0.000709139
0.000704677
0.000697359
0.000696156
0.000729947
0.000704564
0.000706162
0.000697613
0.000701862
0.000720931
0.000697479
0.000701418
0.000762527
0.000699065
0.000700383
0.000709741
0.000699622
0.000713308
0.000701338
0.00069899
0.000699832
0.000703971
0.000710033
0.000699126
0.000696299
0.000700366
0.000704097
0.000696044
0.000711553
0.000703819
0.000731901
0.000704412
0.000722104
0.000706034
0.000697514
0.000777389
0.000745447
0.000724053
0.000698346
0.000706378
0.000697942
0.000696224
0.000710795
0.00070065
0.000697808
0.000699238
0.000698503
0.00069502
0.000709167
0.000694831
0.00070587
0.000698277
0.000699344
0.000697311
0.000703367
0.00070845
0.000709475
0.000775258
0.000698472
0.000758246
0.000697391
0.000720635
0.000697453
0.000695279
0.000696877
