#time [s]
6.042e-06
5.943e-06
5.901e-06
5.91e-06
5.919e-06
5.885e-06
5.867e-06
5.871e-06
5.894e-06
5.896e-06
5.869e-06
5.882e-06
5.888e-06
5.892e-06
5.882e-06
5.875e-06
5.882e-06
5.888e-06
5.886e-06
5.868e-06
5.877e-06
5.895e-06
5.891e-06
5.872e-06
5.874e-06
5.881e-06
5.895e-06
5.886e-06
5.872e-06
5.876e-06
5.894e-06
5.881e-06
5.875e-06
5.88e-06
5.89e-06
5.885e-06
5.879e-06
5.866e-06
5.886e-06
5.899e-06
5.884e-06
5.864e-06
5.882e-06
5.888e-06
5.979e-06
5.875e-06
5.871e-06
5.89e-06
5.905e-06
5.871e-06
5.867e-06
5.886e-06
5.898e-06
5.885e-06
5.878e-06
5.881e-06
5.906e-06
5.886e-06
5.879e-06
5.877e-06
5.882e-06
5.883e-06
5.893e-06
5.866e-06
5.88e-06
5.896e-06
5.88e-06
5.873e-06
5.875e-06
5.892e-06
5.885e-06
5.865e-06
5.879e-06
5.886e-06
5.898e-06
5.889e-06
5.869e-06
5.884e-06
5.891e-06
5.888e-06
5.878e-06
5.879e-06
5.888e-06
5.893e-06
5.876e-06
5.876e-06
5.89e-06
5.901e-06
5.88e-06
5.873e-06
5.879e-06
5.889e-06
5.885e-06
5.882e-06
5.881e-06
5.891e-06
5.888e-06
5.886e-06
5.871e-06
5.892e-06
