#time [s]
1.254e-06
1.204e-06
1.207e-06
1.205e-06
1.206e-06
1.202e-06
1.204e-06
1.202e-06
1.204e-06
1.204e-06
1.204e-06
1.2e-06
1.202e-06
1.199e-06
1.199e-06
1.2e-06
1.2e-06
1.196e-06
1.201e-06
1.198e-06
1.267e-06
1.2e-06
1.203e-06
1.204e-06
1.204e-06
1.202e-06
1.205e-06
1.201e-06
1.203e-06
1.203e-06
1.203e-06
1.199e-06
1.201e-06
1.197e-06
1.201e-06
1.201e-06
1.201e-06
1.198e-06
1.202e-06
1.199e-06
1.202e-06
1.205e-06
1.204e-06
1.203e-06
1.205e-06
1.202e-06
1.269e-06
1.2e-06
1.203e-06
1.202e-06
1.201e-06
1.197e-06
1.2e-06
1.197e-06
1.201e-06
1.201e-06
1.201e-06
1.199e-06
1.203e-06
1.201e-06
1.202e-06
1.204e-06
1.204e-06
1.202e-06
1.203e-06
1.2e-06
1.203e-06
1.203e-06
1.202e-06
1.198e-06
1.201e-06
1.197e-06
1.198e-06
1.199e-06
1.2e-06
1.197e-06
1.202e-06
1.2e-06
1.203e-06
1.204e-06
1.204e-06
1.205e-06
1.204e-06
1.201e-06
1.203e-06
1.2e-06
1.202e-06
1.201e-06
1.2e-06
1.198e-06
1.2e-06
1.196e-06
1.201e-06
1.201e-06
1.202e-06
1.202e-06
1.2e-06
1.204e-06
1.202e-06
1.204e-06
