#time [s]
8.9163e-05
8.9144e-05
8.909e-05
8.9072e-05
8.9052e-05
8.9047e-05
8.9089e-05
8.9022e-05
9.8641e-05
0.000106171
8.9135e-05
8.9071e-05
8.9037e-05
8.9084e-05
8.898e-05
8.9028e-05
8.9056e-05
8.9055e-05
8.9026e-05
8.897e-05
8.8921e-05
8.9043e-05
8.907e-05
8.9039e-05
8.907e-05
8.9004e-05
8.8976e-05
8.9058e-05
8.9021e-05
8.9088e-05
8.9076e-05
8.9152e-05
8.914e-05
8.9084e-05
8.9108e-05
8.9053e-05
8.9094e-05
8.903e-05
8.908e-05
8.9064e-05
8.9002e-05
8.9083e-05
8.9061e-05
8.9051e-05
8.9053e-05
8.9037e-05
9.4476e-05
9.515e-05
8.9195e-05
8.9085e-05
8.9082e-05
8.9077e-05
8.9072e-05
8.8941e-05
8.8957e-05
8.901e-05
8.9054e-05
8.906e-05
8.906e-05
8.9023e-05
8.9043e-05
8.9054e-05
8.9014e-05
8.9041e-05
8.9007e-05
8.9091e-05
8.9044e-05
8.9008e-05
8.9046e-05
8.9026e-05
8.9028e-05
8.9066e-05
8.9021e-05
8.8958e-05
8.9064e-05
8.8957e-05
8.9062e-05
8.9065e-05
8.9032e-05
8.9e-05
8.9048e-05
8.9035e-05
8.9092e-05
8.9083e-05
8.9057e-05
8.9031e-05
8.9027e-05
8.9257e-05
8.9083e-05
8.9061e-05
8.8941e-05
8.905e-05
8.9062e-05
8.9034e-05
8.9043e-05
8.9066e-05
8.8995e-05
8.9031e-05
8.9027e-05
8.9005e-05
