#time [s]
2.2243e-05
2.1986e-05
2.2004e-05
2.196e-05
2.1971e-05
2.1994e-05
2.1986e-05
2.1969e-05
2.1959e-05
2.1976e-05
2.198e-05
2.1968e-05
2.1958e-05
2.1969e-05
2.1984e-05
2.1978e-05
2.197e-05
2.1962e-05
2.1983e-05
2.199e-05
2.197e-05
2.195e-05
2.1967e-05
2.1981e-05
2.1976e-05
2.1964e-05
2.1958e-05
2.1972e-05
2.1981e-05
2.1975e-05
2.1954e-05
2.1971e-05
2.1989e-05
2.1987e-05
2.1992e-05
2.1967e-05
2.1979e-05
2.199e-05
2.1979e-05
2.1959e-05
2.1961e-05
2.1983e-05
2.1985e-05
2.1958e-05
2.1954e-05
2.1974e-05
2.1991e-05
2.1968e-05
2.1962e-05
2.1967e-05
2.1985e-05
2.1993e-05
2.1964e-05
2.1961e-05
2.1976e-05
2.1983e-05
2.1983e-05
2.1963e-05
3.0268e-05
2.2136e-05
2.2041e-05
2.2012e-05
2.2008e-05
2.1976e-05
2.198e-05
2.2008e-05
2.2001e-05
2.1983e-05
2.1979e-05
2.1983e-05
2.2005e-05
2.1992e-05
2.1979e-05
2.1977e-05
2.2e-05
2.2006e-05
2.1983e-05
2.198e-05
2.1988e-05
2.1992e-05
2.2001e-05
2.1979e-05
2.1982e-05
2.1996e-05
2.1996e-05
2.1989e-05
2.1968e-05
2.1984e-05
2.1996e-05
2.199e-05
2.1988e-05
2.197e-05
2.199e-05
2.8262e-05
2.2171e-05
2.2045e-05
2.201e-05
2.2006e-05
2.1995e-05
2.1996e-05
