#time [s]
1.2683e-05
1.2711e-05
1.2673e-05
1.2701e-05
1.2662e-05
1.269e-05
1.267e-05
1.2676e-05
1.2695e-05
1.2663e-05
1.2704e-05
1.2659e-05
1.2708e-05
1.2656e-05
1.2704e-05
1.2677e-05
1.2705e-05
1.2675e-05
1.2693e-05
1.2686e-05
1.2683e-05
1.2692e-05
1.268e-05
1.2693e-05
1.2681e-05
1.2702e-05
1.2683e-05
1.2751e-05
1.2663e-05
1.2681e-05
1.2706e-05
1.2675e-05
1.2697e-05
1.2671e-05
1.2894e-05
1.2673e-05
1.2692e-05
1.2677e-05
1.268e-05
1.2695e-05
1.267e-05
1.2702e-05
1.267e-05
1.2707e-05
1.2684e-05
1.27e-05
1.2687e-05
1.2687e-05
1.2678e-05
1.2675e-05
1.2687e-05
1.2678e-05
1.2707e-05
1.2673e-05
1.2705e-05
1.2668e-05
1.27e-05
1.2659e-05
1.2692e-05
1.2672e-05
1.2681e-05
1.2688e-05
1.2685e-05
1.2692e-05
1.2657e-05
1.2691e-05
1.2661e-05
1.2687e-05
1.2668e-05
1.2677e-05
1.2681e-05
1.268e-05
1.2702e-05
1.2659e-05
1.2704e-05
1.2658e-05
1.2703e-05
1.2683e-05
1.2683e-05
1.2693e-05
1.2687e-05
1.2681e-05
1.2675e-05
1.2692e-05
1.2689e-05
1.2708e-05
1.2661e-05
1.2705e-05
1.2675e-05
1.2694e-05
1.2685e-05
1.2683e-05
1.2689e-05
1.2666e-05
1.2692e-05
1.2679e-05
1.2707e-05
1.2681e-05
1.2702e-05
1.269e-05
