#time [s]
5.9418e-05
5.9403e-05
5.9382e-05
5.9351e-05
5.9351e-05
5.9283e-05
5.9312e-05
5.9309e-05
5.9305e-05
5.9326e-05
5.9358e-05
5.9322e-05
5.9287e-05
5.938e-05
5.9303e-05
5.9457e-05
5.9312e-05
5.9332e-05
6.5909e-05
5.9436e-05
6.7449e-05
6.0367e-05
5.9554e-05
5.9308e-05
5.9431e-05
5.935e-05
5.9452e-05
5.9297e-05
5.9285e-05
5.9306e-05
6.0414e-05
5.9309e-05
5.9337e-05
5.9344e-05
5.9308e-05
5.9305e-05
5.9294e-05
5.9288e-05
6.0443e-05
5.9312e-05
5.9311e-05
5.9346e-05
5.9311e-05
5.9356e-05
5.9315e-05
5.9429e-05
5.9318e-05
6.7345e-05
5.9462e-05
5.9507e-05
5.9468e-05
5.9465e-05
5.9428e-05
5.9328e-05
5.9413e-05
5.9315e-05
5.9311e-05
5.9296e-05
5.9286e-05
5.9261e-05
5.9306e-05
5.9305e-05
5.9309e-05
5.9448e-05
5.931e-05
5.9322e-05
5.925e-05
5.9338e-05
5.9306e-05
5.931e-05
5.933e-05
5.9309e-05
5.9294e-05
5.9312e-05
5.9318e-05
5.9297e-05
6.5176e-05
5.945e-05
5.9508e-05
5.9483e-05
5.9444e-05
5.9293e-05
5.9415e-05
5.9457e-05
6.0481e-05
5.9441e-05
5.9312e-05
5.9461e-05
5.9325e-05
5.9364e-05
5.9511e-05
5.9445e-05
5.9307e-05
5.938e-05
5.9292e-05
6.0459e-05
5.9297e-05
6.0459e-05
5.9335e-05
5.9377e-05
