#time [s]
9.547e-05
9.5467e-05
9.5418e-05
9.5315e-05
9.5453e-05
9.5418e-05
9.5455e-05
9.5315e-05
9.5444e-05
9.5431e-05
0.000102268
0.000104641
0.000101334
9.5475e-05
9.9827e-05
9.5507e-05
9.5412e-05
9.5369e-05
9.5453e-05
9.5461e-05
9.545e-05
9.5467e-05
9.5416e-05
9.5399e-05
9.5345e-05
9.5466e-05
9.5469e-05
9.5312e-05
9.5762e-05
9.5617e-05
9.548e-05
9.5418e-05
9.5417e-05
9.5458e-05
9.5465e-05
9.5426e-05
9.5437e-05
9.5443e-05
9.5441e-05
9.5422e-05
9.5449e-05
9.545e-05
9.5443e-05
9.5419e-05
9.5416e-05
9.5481e-05
9.5443e-05
0.00010148
9.5554e-05
9.5474e-05
9.5518e-05
9.5482e-05
9.5451e-05
9.5429e-05
9.5372e-05
9.5465e-05
9.5439e-05
9.5434e-05
9.5431e-05
9.5403e-05
9.5414e-05
9.5441e-05
9.5454e-05
9.5423e-05
9.5394e-05
9.5505e-05
9.5298e-05
9.5364e-05
9.5432e-05
9.5435e-05
9.5364e-05
9.5442e-05
9.5444e-05
9.5447e-05
9.5435e-05
9.5386e-05
9.5355e-05
9.5418e-05
9.5429e-05
9.5337e-05
9.5407e-05
9.5418e-05
9.5457e-05
9.538e-05
0.000105772
9.5534e-05
9.5439e-05
9.5504e-05
9.5456e-05
9.5393e-05
9.5397e-05
9.5482e-05
9.5413e-05
9.539e-05
9.5321e-05
9.5454e-05
9.5414e-05
9.5469e-05
9.5405e-05
9.5401e-05
