#time [s]
0.001507941
0.001499096
0.001525641
0.001504696
0.001506341
0.001512504
0.001515307
0.00150829
0.001613092
0.001524895
0.001498203
0.001508194
0.001500552
0.001528535
0.001530474
0.001498922
0.001510481
0.001507334
0.001515025
0.001581161
0.001548672
0.001505025
0.001499815
0.001500432
0.001523715
0.001506826
0.001539425
0.001507701
0.001505404
0.001501726
0.001562727
0.001510318
0.001516267
0.001503006
0.001509512
0.001524851
0.001504866
0.001506689
0.001533751
0.001496619
0.001549021
0.00151853
0.001592012
0.001519879
0.001543839
0.001503373
0.001504325
0.001536896
0.001510746
0.001503489
0.001520963
0.001562542
0.001640661
0.001635086
0.001614477
0.001637553
0.001669031
0.001624667
0.001649535
0.00160357
0.00161079
0.001715923
0.001620466
0.00166834
0.001627185
0.001593791
0.001660493
0.001497031
0.001517174
0.00150055
0.001511029
0.001548647
0.001649227
0.001632503
0.001682826
0.00163784
0.001693474
0.001664984
0.001627616
0.001680091
0.001658333
0.001756007
0.001675194
0.001589525
0.001501817
0.001499282
0.001514171
0.001502798
0.001498693
0.001641211
0.001656286
0.001651876
0.001572209
0.001510781
0.001551703
0.001505994
0.001513644
0.001503309
0.001513516
0.001518333
