#time [s]
0.000311581
0.000308319
0.000305099
0.000305403
0.000314727
0.000397515
0.000304471
0.000304404
0.00032484
0.00030416
0.000358913
0.000325685
0.000304251
0.000304296
0.000304209
0.000304131
0.000312385
0.00030612
0.000304273
0.000312254
0.000328036
0.000304091
0.000303979
0.000304135
0.000304007
0.00030399
0.000305756
0.000304334
0.000304283
0.000307329
0.000304801
0.000304667
0.000306413
0.000304854
0.000304618
0.000329874
0.000304429
0.000304347
0.000304363
0.000307228
0.000315043
0.00030835
0.000306256
0.000304868
0.000307904
0.000306608
0.000312238
0.00031022
0.000305493
0.00030509
0.000304865
0.000305068
0.000317898
0.000378252
0.000305538
0.000311439
0.000306333
0.00033965
0.000362498
0.000335769
0.000319085
0.00030666
0.000312819
0.000304487
0.000304187
0.000304122
0.00030578
0.000326427
0.000304072
0.000306505
0.000304052
0.000304174
0.000303935
0.000306376
0.000318638
0.00030948
0.000310516
0.000304658
0.000309182
0.000306282
0.000306921
0.000311652
0.000313625
0.000304211
0.000304081
0.000313722
0.000304351
0.000305911
0.000304274
0.000304386
0.000307091
0.000310822
0.000304451
0.00030617
0.000304585
0.000304727
0.000305002
0.000335895
0.00030427
0.000312207
