#time [s]
0.000338112
0.000337801
0.000337771
0.000337765
0.000338185
0.000337619
0.000337737
0.000337855
0.000344058
0.000337829
0.000337747
0.000337754
0.000337765
0.000337781
0.000337762
0.000337745
0.000368132
0.000338182
0.000337772
0.000337742
0.000348556
0.000337852
0.000337797
0.000337766
0.00033777
0.000337757
0.000337761
0.000337772
0.000337866
0.000337771
0.000337716
0.000345072
0.000337833
0.000337747
0.00033773
0.000337718
0.000337738
0.000337746
0.000337629
0.000337737
0.00033776
0.00033777
0.000344783
0.00037005
0.000337864
0.000346437
0.000439478
0.000339978
0.000337772
0.000337798
0.000337756
0.000346291
0.000337864
0.000337774
0.000344519
0.000337753
0.000337776
0.000337767
0.000337752
0.000337862
0.000337856
0.000337758
0.00033777
0.000337741
0.000337768
0.000348062
0.000337863
0.00033768
0.000337767
0.000344827
0.000337771
0.000337759
0.000337758
0.000337745
0.000337778
0.000337739
0.000337759
0.000345016
0.000338677
0.000337789
0.000337761
0.000337755
0.000337766
0.000337799
0.000337761
0.000337796
0.000337728
0.000337794
0.000337733
0.00034458
0.000337791
0.000337633
0.000337774
0.000365018
0.000349545
0.00034469
0.00034074
0.000349738
0.000337855
0.000337837
