#time [s]
4.65e-07
4.65e-07
4.84e-07
4.67e-07
4.38e-07
4.33e-07
4.7e-07
4.34e-07
4.34e-07
4.36e-07
4.35e-07
4.37e-07
4.34e-07
4.32e-07
4.34e-07
4.34e-07
4.33e-07
4.31e-07
4.32e-07
4.32e-07
4.32e-07
4.32e-07
4.31e-07
4.33e-07
4.32e-07
4.32e-07
4.32e-07
4.3e-07
4.3e-07
4.31e-07
4.32e-07
4.8e-07
4.3e-07
4.33e-07
4.32e-07
4.32e-07
4.33e-07
4.28e-07
4.33e-07
4.31e-07
4.34e-07
4.29e-07
4.32e-07
4.32e-07
4.33e-07
4.33e-07
4.33e-07
4.31e-07
4.33e-07
4.32e-07
4.31e-07
4.33e-07
4.33e-07
4.68e-07
4.34e-07
4.31e-07
4.33e-07
4.32e-07
4.33e-07
4.34e-07
4.33e-07
4.35e-07
4.32e-07
4.32e-07
4.33e-07
4.27e-07
4.67e-07
4.29e-07
4.33e-07
4.33e-07
4.34e-07
4.29e-07
4.33e-07
4.32e-07
4.31e-07
4.33e-07
4.31e-07
4.32e-07
4.32e-07
4.33e-07
4.67e-07
4.67e-07
4.29e-07
4.66e-07
4.28e-07
4.66e-07
4.32e-07
4.32e-07
4.27e-07
4.33e-07
4.31e-07
4.31e-07
4.31e-07
4.31e-07
4.32e-07
4.33e-07
4.31e-07
4.32e-07
4.33e-07
4.34e-07
