#time [s]
7.481e-06
7.413e-06
7.404e-06
7.372e-06
7.422e-06
2.8787e-05
7.382e-06
7.268e-06
7.296e-06
7.304e-06
7.256e-06
7.246e-06
7.299e-06
7.25e-06
7.263e-06
7.258e-06
7.242e-06
7.261e-06
7.258e-06
7.287e-06
7.255e-06
7.258e-06
7.256e-06
7.246e-06
7.296e-06
7.274e-06
7.267e-06
7.251e-06
7.215e-06
7.281e-06
2.204e-05
7.237e-06
7.229e-06
7.267e-06
7.291e-06
7.24e-06
7.251e-06
7.242e-06
7.244e-06
7.235e-06
7.279e-06
7.277e-06
7.266e-06
2.8081e-05
7.235e-06
7.468e-06
7.277e-06
7.234e-06
7.196e-06
8.669e-06
7.292e-06
7.28e-06
7.319e-06
7.256e-06
7.321e-06
7.281e-06
7.255e-06
7.248e-06
7.229e-06
2.2174e-05
7.244e-06
7.258e-06
7.255e-06
7.249e-06
7.255e-06
7.227e-06
7.239e-06
2.1033e-05
7.235e-06
7.294e-06
7.249e-06
1.6774e-05
7.274e-06
9.323e-06
7.221e-06
7.285e-06
7.233e-06
7.232e-06
7.271e-06
7.255e-06
7.242e-06
7.372e-06
9.239e-06
7.216e-06
7.211e-06
7.253e-06
7.291e-06
7.286e-06
7.269e-06
7.31e-06
7.251e-06
7.219e-06
7.23e-06
7.252e-06
7.224e-06
7.248e-06
7.277e-06
7.246e-06
7.236e-06
7.24e-06
