#time [s]
3.808e-06
3.79e-06
3.82e-06
3.804e-06
3.806e-06
3.816e-06
3.798e-06
3.807e-06
3.788e-06
3.814e-06
3.8e-06
3.821e-06
3.8e-06
3.802e-06
3.79e-06
3.789e-06
3.792e-06
3.816e-06
3.802e-06
3.822e-06
3.803e-06
3.812e-06
3.794e-06
3.809e-06
3.793e-06
3.792e-06
3.802e-06
3.82e-06
3.794e-06
3.809e-06
3.786e-06
3.812e-06
3.797e-06
3.82e-06
3.803e-06
3.805e-06
3.793e-06
3.808e-06
3.79e-06
3.814e-06
3.799e-06
3.823e-06
3.807e-06
3.814e-06
3.797e-06
3.798e-06
3.791e-06
3.789e-06
3.806e-06
3.822e-06
3.797e-06
3.813e-06
3.789e-06
3.809e-06
3.794e-06
3.817e-06
3.802e-06
3.8e-06
3.796e-06
3.81e-06
3.788e-06
3.81e-06
3.797e-06
3.82e-06
3.809e-06
3.818e-06
3.81e-06
3.8e-06
3.788e-06
3.813e-06
3.802e-06
3.822e-06
3.798e-06
3.816e-06
3.792e-06
3.806e-06
3.792e-06
3.802e-06
3.8e-06
3.804e-06
3.798e-06
3.814e-06
3.79e-06
3.808e-06
3.799e-06
3.818e-06
3.809e-06
3.82e-06
3.795e-06
3.785e-06
3.788e-06
3.81e-06
3.793e-06
3.819e-06
3.801e-06
3.819e-06
3.795e-06
3.81e-06
3.788e-06
3.799e-06
