#time [s]
7.982e-06
7.914e-06
7.936e-06
7.915e-06
7.905e-06
7.948e-06
7.924e-06
7.901e-06
7.952e-06
7.932e-06
7.909e-06
7.911e-06
7.931e-06
7.915e-06
7.906e-06
7.923e-06
7.915e-06
7.895e-06
7.913e-06
7.918e-06
7.911e-06
7.91e-06
7.922e-06
7.903e-06
7.905e-06
7.924e-06
7.91e-06
7.898e-06
7.922e-06
7.937e-06
7.899e-06
7.927e-06
7.923e-06
7.91e-06
7.912e-06
7.926e-06
7.904e-06
7.915e-06
7.926e-06
7.921e-06
7.902e-06
7.923e-06
7.916e-06
7.909e-06
7.925e-06
7.943e-06
7.9e-06
7.909e-06
7.933e-06
7.903e-06
7.913e-06
7.931e-06
7.92e-06
7.899e-06
7.927e-06
7.927e-06
7.899e-06
7.955e-06
7.923e-06
7.911e-06
7.912e-06
7.928e-06
7.906e-06
7.916e-06
7.927e-06
7.918e-06
7.902e-06
7.928e-06
7.919e-06
7.906e-06
7.922e-06
7.924e-06
7.902e-06
7.911e-06
7.927e-06
7.907e-06
7.91e-06
7.926e-06
7.916e-06
7.901e-06
7.925e-06
7.929e-06
7.903e-06
7.947e-06
7.927e-06
7.913e-06
7.915e-06
7.925e-06
7.913e-06
7.907e-06
7.932e-06
7.912e-06
7.901e-06
7.925e-06
7.913e-06
7.906e-06
7.913e-06
7.922e-06
7.898e-06
7.909e-06
