#time [s]
0.000727849
0.000739746
0.000729872
0.000732469
0.000730617
0.000727199
0.000751476
0.000727289
0.000726569
0.000764067
0.000723833
0.000740999
0.000724836
0.000729317
0.000728117
0.00072958
0.000741608
0.00072795
0.000753563
0.000723368
0.000723635
0.000735526
0.000737636
0.000727885
0.000729341
0.00073151
0.000815262
0.000723823
0.000723651
0.000755321
0.000723854
0.000732635
0.000725385
0.000733678
0.000727978
0.000736815
0.000744135
0.000726243
0.000726244
0.000727908
0.000732619
0.000760488
0.000726079
0.000726111
0.000735402
0.000729338
0.000729042
0.000812732
0.000725891
0.000755418
0.00073388
0.000723834
0.000748854
0.000723602
0.000723592
0.000737946
0.000742728
0.000728102
0.00073254
0.000729323
0.000740239
0.000723735
0.000723643
0.000725172
0.000747881
0.000723356
0.000723788
0.00079521
0.000755668
0.000723784
0.000723684
0.000733472
0.000726662
0.000728006
0.000727721
0.000758658
0.000742297
0.000729312
0.000761074
0.000723526
0.000726113
0.00073435
0.000726862
0.000735877
0.000732717
0.00073455
0.000825226
0.000723996
0.000726025
0.000804556
0.000724053
0.00072406
0.000723844
0.000726338
0.00072409
0.000724028
0.000728996
0.000726543
0.000726246
0.000733792
