#time [s]
0.000343405
0.000343001
0.000352826
0.000357223
0.000345774
0.00034475
0.000344724
0.000345896
0.000346087
0.000343563
0.000343669
0.000343492
0.000343612
0.000353747
0.000345766
0.000344739
0.000346762
0.000372161
0.000344713
0.000354138
0.000344722
0.00034467
0.00034478
0.000356642
0.000351808
0.000343664
0.000429544
0.00034238
0.000342151
0.000342279
0.000342048
0.000342069
0.000353603
0.000342775
0.000344732
0.000343592
0.000345556
0.000347732
0.000344694
0.00037523
0.000341895
0.000349864
0.00034209
0.000342092
0.000342008
0.000343849
0.000355966
0.000345931
0.000343686
0.000343688
0.000344847
0.000344621
0.000346762
0.000346032
0.000346128
0.000347838
0.000345996
0.000345972
0.000348839
0.000356684
0.000342078
0.000342027
0.000371392
0.000348704
0.000343933
0.00034259
0.000342159
0.000342101
0.000353115
0.000342259
0.000343927
0.000346655
0.000342793
0.000361802
0.000343888
0.000351293
0.000344692
0.00034691
0.000346194
0.000343611
0.00034877
0.000343626
0.00034354
0.000343636
0.000365578
0.000342103
0.000341953
0.000342115
0.000342002
0.000341991
0.00034385
0.000342681
0.000342671
0.000352212
0.000343492
0.000345643
0.000354949
0.000347023
0.000345968
0.000343561
