#time [s]
0.002498406
0.00251961
0.002512317
0.002528065
0.002504185
0.002576417
0.002525367
0.002506372
0.002513905
0.002497474
0.002506074
0.002559835
0.00252602
0.002499285
0.002513062
0.002514563
0.002507678
0.0025228
0.002618916
0.002541338
0.002496277
0.002544253
0.002514654
0.002503695
0.002552037
0.002558806
0.002502197
0.002514709
0.002499624
0.002555097
0.002502293
0.002681492
0.002592417
0.002540258
0.00250604
0.00264067
0.002532615
0.002645294
0.002504116
0.002542334
0.002552635
0.002507524
0.002504353
0.002642815
0.002503695
0.002493754
0.002547181
0.002511376
0.002496895
0.002645829
0.002553007
0.002489285
0.002539101
0.00250479
0.002530188
0.002596941
0.002535915
0.002497654
0.002522664
0.002520017
0.002512767
0.00265531
0.002559676
0.00249862
0.002531506
0.002516625
0.002519697
0.00258098
0.002713348
0.00253594
0.002613241
0.002554253
0.002649033
0.002593228
0.00260468
0.002542073
0.00249241
0.002498166
0.00251854
0.002511602
0.0025601
0.00251141
0.002535872
0.002523813
0.002499928
0.002503642
0.002613809
0.002519209
0.002505023
0.002529089
0.002516768
0.002504585
0.002497116
0.002567677
0.002502661
0.002501711
0.002526966
0.002510827
0.002511514
0.002668293
