#time [s]
5.6281e-05
5.6223e-05
5.6126e-05
5.6145e-05
5.6218e-05
5.6115e-05
5.6157e-05
5.6135e-05
5.611e-05
5.6133e-05
5.6119e-05
5.6107e-05
5.6197e-05
5.615e-05
5.6145e-05
5.6126e-05
6.8648e-05
5.6277e-05
5.618e-05
6.2397e-05
5.6275e-05
5.619e-05
5.6168e-05
5.6107e-05
5.6113e-05
5.6136e-05
5.6076e-05
5.6139e-05
5.6122e-05
5.6095e-05
5.6178e-05
5.6131e-05
5.6101e-05
5.6128e-05
5.6105e-05
5.6101e-05
5.6094e-05
5.6141e-05
8.7529e-05
5.6178e-05
5.6258e-05
5.6163e-05
5.6091e-05
5.608e-05
5.6128e-05
5.609e-05
5.6118e-05
5.6137e-05
5.6167e-05
5.6198e-05
5.6142e-05
5.6171e-05
5.6081e-05
5.6152e-05
5.615e-05
5.6078e-05
5.612e-05
5.6093e-05
5.6058e-05
5.6112e-05
5.6161e-05
5.6181e-05
5.6099e-05
5.6146e-05
5.6133e-05
5.6153e-05
5.6083e-05
5.6133e-05
5.6107e-05
5.6131e-05
5.6105e-05
5.6161e-05
5.6121e-05
5.6084e-05
5.6179e-05
5.6113e-05
5.6122e-05
5.6149e-05
5.606e-05
5.6146e-05
5.6086e-05
5.6092e-05
5.6081e-05
5.6169e-05
5.6125e-05
5.6125e-05
5.6128e-05
5.608e-05
5.6098e-05
5.6092e-05
5.6148e-05
5.6149e-05
5.6102e-05
5.614e-05
5.6117e-05
5.6103e-05
5.6085e-05
5.6101e-05
5.6153e-05
5.6097e-05
