#time [s]
0.000301899
0.000297418
0.00037578
0.000342311
0.000346475
0.000332531
0.000297235
0.000305736
0.000297046
0.000296911
0.000296816
0.000296839
0.000298659
0.00029696
0.000296862
0.000301986
0.000296709
0.000296755
0.000296665
0.000310916
0.000296916
0.000296892
0.000298684
0.000296863
0.000296968
0.00029863
0.000298504
0.000297357
0.000299066
0.000297294
0.000297474
0.000299025
0.000308002
0.000297827
0.000300016
0.000297815
0.000297613
0.000297384
0.000297741
0.000297672
0.000297809
0.000299545
0.000298029
0.000297473
0.000329804
0.00029682
0.000296842
0.00029653
0.000317043
0.000318439
0.000296732
0.00032833
0.00029697
0.000303343
0.000296856
0.000296767
0.000305077
0.000297007
0.000298921
0.000298751
0.00030158
0.000299881
0.000297029
0.000297169
0.000299193
0.000297317
0.000297456
0.00029921
0.000297382
0.000312466
0.000298444
0.000298239
0.000321355
0.00029711
0.000297201
0.000297061
0.000296981
0.000297013
0.000297075
0.000298877
0.000297224
0.000341373
0.000316952
0.000297051
0.00029677
0.000296835
0.000296623
0.000296554
0.000296672
0.000296809
0.000296761
0.000296778
0.000296905
0.000306899
0.000299167
0.000425031
0.000297322
0.000297323
0.000297048
0.000296744
