#time [s]
0.000188674
0.000188687
0.000189183
0.000183357
0.000183027
0.000188436
0.000182801
0.00018286
0.000190552
0.000183402
0.000182973
0.000188324
0.000182832
0.000182777
0.000190036
0.000193715
0.000182783
0.000245703
0.000203262
0.0001845
0.000182512
0.00018255
0.000182523
0.000182489
0.000182512
0.000182552
0.000184354
0.000182503
0.00018431
0.000182506
0.000210998
0.000197695
0.000254914
0.000211239
0.000183119
0.000182786
0.000183611
0.000183627
0.000182507
0.000182529
0.000183525
0.000192319
0.000182973
0.000184435
0.000183955
0.000182479
0.000182454
0.000185395
0.000183663
0.000183942
0.000189996
0.000191703
0.000185265
0.000182765
0.000182629
0.000187665
0.000186684
0.00018366
0.000182603
0.000183762
0.000185316
0.000182721
0.00018268
0.000183843
0.000187748
0.000182601
0.000182677
0.000183933
0.00019164
0.000182658
0.000185183
0.000193906
0.000188212
0.000182996
0.000188376
0.000192825
0.000182821
0.000188558
0.000182679
0.000182649
0.000186805
0.000185715
0.000182634
0.000182688
0.00018771
0.000210197
0.000182551
0.00020573
0.000191598
0.000182965
0.000182826
0.000182492
0.000183678
0.00018258
0.000182658
0.000182537
0.000182488
0.000184517
0.000182543
0.000182466
