#time [s]
0.000356906
0.000351779
0.000337066
0.000338469
0.000336838
0.000336618
0.000351938
0.000336505
0.000335466
0.000335371
0.000335898
0.000335706
0.000344176
0.000336389
0.00033616
0.000337558
0.000336325
0.000335668
0.000343015
0.000335192
0.000335239
0.000335478
0.000335047
0.000352065
0.000336322
0.000361555
0.000336296
0.000335066
0.000334927
0.0003353
0.000335144
0.000335058
0.000335223
0.000339786
0.000345839
0.000337975
0.000336059
0.000335569
0.000337659
0.000334921
0.000337963
0.000334605
0.00034178
0.000335183
0.000335014
0.000428693
0.000334883
0.000334171
0.000334317
0.00033391
0.000357345
0.000365584
0.000334815
0.000334051
0.00033407
0.000334037
0.000342526
0.000336116
0.00033434
0.000334033
0.0003359
0.000334521
0.000340131
0.000334944
0.000334866
0.000336481
0.00033496
0.000352449
0.000336913
0.000335423
0.000335476
0.000335247
0.000335286
0.000335368
0.000335442
0.000358797
0.000335492
0.00033532
0.000346151
0.000335829
0.000335288
0.000333973
0.000333817
0.000333782
0.000333842
0.000333802
0.000333814
0.000333968
0.000333877
0.000350782
0.000396771
0.00036229
0.000336941
0.000333994
0.000333941
0.000368575
0.000333877
0.0003339
0.000333908
0.000333872
