#time [s]
3.1124e-05
3.1871e-05
3.1898e-05
3.1554e-05
3.1759e-05
3.1827e-05
3.1062e-05
3.1787e-05
3.1801e-05
3.1839e-05
3.1796e-05
3.1803e-05
3.1806e-05
3.1812e-05
3.1611e-05
3.1812e-05
3.1812e-05
3.1591e-05
3.1803e-05
3.1802e-05
3.1458e-05
3.1413e-05
3.1798e-05
3.9118e-05
3.1182e-05
3.1354e-05
3.1295e-05
3.1306e-05
3.1297e-05
3.1304e-05
3.13e-05
3.1302e-05
3.1063e-05
3.1285e-05
3.1282e-05
3.1276e-05
3.129e-05
3.1274e-05
3.1292e-05
3.1286e-05
3.1295e-05
3.1289e-05
3.1296e-05
3.1295e-05
3.1287e-05
3.1289e-05
3.1296e-05
3.1287e-05
3.1298e-05
3.1286e-05
3.1284e-05
3.1287e-05
3.1085e-05
3.1298e-05
3.127e-05
3.1297e-05
3.1286e-05
3.1313e-05
3.1306e-05
3.1298e-05
3.1315e-05
3.128e-05
3.13e-05
3.1308e-05
3.1296e-05
3.1286e-05
3.13e-05
3.1312e-05
3.1296e-05
3.128e-05
3.1295e-05
3.1302e-05
3.1282e-05
3.1277e-05
3.1317e-05
3.129e-05
3.1313e-05
4.993e-05
3.1177e-05
3.1359e-05
3.1336e-05
3.1302e-05
3.1311e-05
3.1316e-05
3.1089e-05
3.1285e-05
3.1297e-05
3.106e-05
3.1062e-05
3.1092e-05
3.1293e-05
3.13e-05
3.1298e-05
3.1288e-05
3.1308e-05
3.1295e-05
3.1291e-05
3.1274e-05
3.1306e-05
3.1313e-05
