#time [s]
3.4309e-05
2.8081e-05
2.7957e-05
2.7958e-05
2.7936e-05
2.7924e-05
2.7899e-05
2.7933e-05
2.7944e-05
2.7922e-05
2.7921e-05
2.7929e-05
2.7916e-05
2.7914e-05
2.7964e-05
2.7913e-05
2.7927e-05
2.7951e-05
2.7931e-05
3.2188e-05
2.7977e-05
2.795e-05
2.7951e-05
2.7939e-05
2.7946e-05
2.7918e-05
2.791e-05
2.7907e-05
2.7912e-05
2.7936e-05
2.7875e-05
2.7906e-05
2.7889e-05
2.7932e-05
2.7889e-05
2.7914e-05
2.7924e-05
2.7934e-05
2.7925e-05
2.7922e-05
2.7927e-05
2.7926e-05
2.791e-05
2.7919e-05
2.7938e-05
2.7936e-05
2.7922e-05
2.7913e-05
2.79e-05
2.7916e-05
2.7937e-05
2.793e-05
2.794e-05
2.7921e-05
2.7929e-05
2.7919e-05
2.7952e-05
2.7966e-05
2.7942e-05
2.797e-05
2.7924e-05
2.7928e-05
2.791e-05
2.7947e-05
2.7959e-05
2.7932e-05
2.7957e-05
2.7926e-05
2.7867e-05
2.793e-05
2.7947e-05
2.7916e-05
2.7942e-05
2.7878e-05
2.7934e-05
2.7937e-05
2.7919e-05
2.7929e-05
2.7982e-05
2.7924e-05
2.7918e-05
2.7956e-05
2.7921e-05
2.7969e-05
2.7905e-05
2.7947e-05
2.7921e-05
2.7901e-05
2.7904e-05
2.7907e-05
2.7896e-05
2.7947e-05
2.7915e-05
2.7946e-05
2.7918e-05
2.7898e-05
2.7889e-05
2.7962e-05
2.7914e-05
2.7963e-05
