#time [s]
1.125e-06
7.17e-07
7.22e-07
7.18e-07
7.13e-07
7.18e-07
7.14e-07
7.16e-07
7.12e-07
7.16e-07
7.17e-07
7.12e-07
7.17e-07
7.15e-07
7.11e-07
7.14e-07
7.16e-07
7.12e-07
7.16e-07
7.15e-07
7.11e-07
7.24e-07
7.18e-07
7.16e-07
7.18e-07
7.17e-07
7.17e-07
7.17e-07
7.18e-07
7.19e-07
7.19e-07
7.19e-07
7.2e-07
7.34e-07
7.18e-07
7.18e-07
7.19e-07
7.17e-07
7.19e-07
7.17e-07
7.15e-07
7.16e-07
7.17e-07
7.16e-07
7.16e-07
7.15e-07
7.13e-07
7.15e-07
7.16e-07
7.22e-07
7.16e-07
7.16e-07
7.13e-07
7.14e-07
7.17e-07
7.19e-07
7.18e-07
7.16e-07
7.14e-07
7.16e-07
7.17e-07
7.17e-07
7.2e-07
7.19e-07
7.19e-07
7.18e-07
7.19e-07
7.18e-07
7.19e-07
7.19e-07
7.19e-07
7.18e-07
7.17e-07
7.17e-07
7.18e-07
7.32e-07
7.23e-07
7.17e-07
7.15e-07
7.16e-07
7.16e-07
7.15e-07
7.16e-07
7.16e-07
7.12e-07
7.15e-07
7.16e-07
7.11e-07
7.17e-07
7.17e-07
7.12e-07
7.17e-07
7.17e-07
7.16e-07
7.17e-07
7.19e-07
7.15e-07
7.18e-07
7.19e-07
7.17e-07
