#time [s]
0.008011657
0.00774555
0.007938515
0.007639657
0.00767301
0.007716296
0.007862003
0.007768337
0.007760007
0.007837417
0.007811488
0.007844078
0.007706454
0.007840984
0.007685038
0.007825732
0.007642835
0.007849322
0.007704116
0.007914145
0.007752097
0.0078412
0.007699364
0.007852446
0.007697763
0.007895967
0.007684533
0.007811
0.007767213
0.00790986
0.007713095
0.007746944
0.007641616
0.007856405
0.007699611
0.007770022
0.007714906
0.007713305
0.007698398
0.007713732
0.007678866
0.009943022
0.009589191
0.008618262
0.009397696
0.009968697
0.010042199
0.00990824
0.009923728
0.008116712
0.00910545
0.009976215
0.008500205
0.007662382
0.007671563
0.007809516
0.007772579
0.007908501
0.007784458
0.008045326
0.007765666
0.007875194
0.007817381
0.007894283
0.007850449
0.007780868
0.007640941
0.008014985
0.007791789
0.008041961
0.007725718
0.007951751
0.00771102
0.007843821
0.007690442
0.007932834
0.007674206
0.007851123
0.007679665
0.007881682
0.00773964
0.007859449
0.007729168
0.008414746
0.007793383
0.007948779
0.00769759
0.007702765
0.007861052
0.007668918
0.007829552
0.007686047
0.007785956
0.007714348
0.007876098
0.007732809
0.007805902
0.00771955
0.007876713
0.007723509
