#time [s]
0.000131769
0.000131621
0.000131605
0.000131632
0.000131581
0.000131671
0.000131635
0.000138344
0.000131651
0.000131572
0.000131587
0.000131616
0.000131564
0.000131561
0.000131552
0.000131609
0.000131583
0.00013161
0.000131624
0.000131644
0.000131621
0.000131674
0.000131564
0.000131482
0.000131634
0.000131597
0.000131557
0.000131611
0.000131567
0.000131567
0.000131598
0.000131656
0.000131532
0.000131606
0.000131606
0.000131595
0.000131563
0.0001316
0.00013163
0.000138176
0.000131725
0.000131671
0.000151898
0.000131875
0.00014348
0.000131608
0.000131643
0.000131525
0.000131575
0.00013159
0.000131675
0.000131629
0.000131619
0.000131553
0.000131648
0.000131622
0.000140552
0.000131641
0.000131709
0.000131616
0.000131638
0.000131599
0.000131524
0.000131701
0.000131723
0.000131714
0.000131482
0.000131569
0.000131519
0.000131557
0.000138467
0.000165796
0.000131671
0.000131679
0.000131964
0.000131622
0.000131569
0.000131623
0.000131578
0.000131598
0.000131618
0.000131617
0.000131641
0.000131554
0.000131641
0.000131646
0.000131538
0.000131569
0.000131622
0.000131557
0.000131626
0.000131634
0.000131634
0.000131578
0.000131544
0.000131592
0.000131635
0.000131594
0.000131595
0.000131632
