#time [s]
1.8622e-05
1.8584e-05
1.8586e-05
1.8581e-05
1.856e-05
1.8511e-05
1.8524e-05
1.8557e-05
1.8536e-05
1.8502e-05
1.8522e-05
1.8553e-05
1.8507e-05
1.8528e-05
1.8525e-05
1.8569e-05
1.8538e-05
1.8507e-05
1.8523e-05
1.8513e-05
1.8535e-05
1.8514e-05
1.8508e-05
1.8521e-05
1.852e-05
1.8529e-05
1.8488e-05
1.8503e-05
1.8522e-05
1.8535e-05
1.8511e-05
1.8518e-05
1.8564e-05
1.8521e-05
1.8503e-05
1.849e-05
1.8524e-05
1.8548e-05
1.8528e-05
1.8527e-05
1.8522e-05
1.8555e-05
1.8511e-05
1.8495e-05
1.8528e-05
1.8555e-05
1.8518e-05
1.8504e-05
1.8512e-05
1.8525e-05
1.8507e-05
1.8491e-05
1.8509e-05
1.8518e-05
1.8565e-05
1.8521e-05
1.8518e-05
1.8513e-05
1.8541e-05
1.8508e-05
1.849e-05
1.8542e-05
1.8532e-05
1.8512e-05
1.8509e-05
1.8527e-05
1.8542e-05
1.8516e-05
1.8521e-05
1.8544e-05
1.8533e-05
1.8537e-05
1.8504e-05
1.8513e-05
1.8532e-05
1.8524e-05
1.8504e-05
1.848e-05
1.8536e-05
1.8519e-05
1.8537e-05
1.8523e-05
1.8542e-05
1.8545e-05
1.8507e-05
1.8493e-05
1.8509e-05
1.8542e-05
1.8505e-05
1.8514e-05
1.8522e-05
1.8545e-05
1.8544e-05
1.8524e-05
1.8526e-05
1.8541e-05
1.8538e-05
1.8508e-05
1.8513e-05
1.8532e-05
