#time [s]
0.000668296
0.000688318
0.000707386
0.000694047
0.000694654
0.000562094
0.000561524
0.000562017
0.00056419
0.000565537
0.000565836
0.000536185
0.00042706
0.000412243
0.000412442
0.000412454
0.000411492
0.000411567
0.000411499
0.000411556
0.000412305
0.000414533
0.000472345
0.000451057
0.000414532
0.000411536
0.000411546
0.000413245
0.000418946
0.00041432
0.000413379
0.000428895
0.000412584
0.000432651
0.000412451
0.000421688
0.00041185
0.000411656
0.00041163
0.000411583
0.000413679
0.000416085
0.000411545
0.000411632
0.000425348
0.000411582
0.000411526
0.000411614
0.00041344
0.000412529
0.000414351
0.000413349
0.00041549
0.000414766
0.000427708
0.000414844
0.000414903
0.000425112
0.000414826
0.000416836
0.000528494
0.000411683
0.000411607
0.000411474
0.000411544
0.000419193
0.000412325
0.000423041
0.00041351
0.000422916
0.000414717
0.000419822
0.000428261
0.00041145
0.000413537
0.000411436
0.0004131
0.00041334
0.000425935
0.00041176
0.000411741
0.000411403
0.000411446
0.000413623
0.000412316
0.000415091
0.000413299
0.000415488
0.000423467
0.000432565
0.000416554
0.000506481
0.000414915
0.000415516
0.000411558
0.000411559
0.00041164
0.000431563
0.000421469
0.000426225
