#time [s]
0.00026817
0.000268106
0.000268145
0.000268117
0.000268141
0.000268088
0.00026814
0.000268123
0.000277604
0.0002682
0.000268168
0.000268143
0.000268154
0.000268012
0.000272846
0.000268112
0.000268188
0.00026811
0.00026815
0.000268125
0.000268129
0.000268089
0.000268124
0.000274656
0.000268245
0.000268119
0.000268182
0.000268142
0.000268152
0.000268128
0.000268139
0.00026811
0.000268147
0.000268096
0.00026803
0.000268124
0.000268121
0.000268126
0.000274472
0.000268186
0.000276751
0.000268223
0.000268189
0.000268143
0.00026813
0.000268143
0.000268154
0.000276294
0.00027249
0.000268103
0.000268128
0.000268163
0.000268136
0.000268156
0.000268262
0.000268158
0.000268118
0.000268155
0.000268107
0.000268131
0.00026813
0.000268123
0.000268121
0.000268146
0.000268101
0.00026813
0.000268134
0.000268112
0.000268042
0.000277873
0.000268213
0.000268157
0.000268156
0.000268177
0.00026813
0.000268146
0.0002681
0.000268012
0.000268131
0.000268143
0.000268131
0.000272246
0.00026814
0.000268137
0.00027463
0.000268234
0.000268144
0.000268174
0.000268016
0.00026813
0.000268153
0.000268048
0.000268117
0.000268101
0.000268133
0.000268106
0.000268144
0.000268107
0.000268161
0.000268131
