#time [s]
0.006185538
0.005557659
0.005576481
0.004965095
0.004648792
0.004986974
0.004943603
0.005024284
0.00521497
0.004388572
0.004436736
0.004399086
0.004297006
0.004644026
0.004455414
0.004276627
0.004458477
0.00446947
0.004383621
0.004368777
0.004294298
0.004381621
0.004303642
0.004547643
0.004301869
0.004548735
0.004289277
0.004302096
0.004563977
0.00446746
0.004484241
0.004539285
0.004305983
0.004395024
0.004438414
0.004360515
0.004305174
0.004395178
0.004362182
0.004485386
0.004410016
0.004300918
0.004560772
0.004269782
0.004322045
0.004523441
0.004574743
0.004367622
0.004404757
0.004338521
0.004290756
0.004539016
0.004344456
0.004367862
0.004580783
0.004356424
0.004647691
0.004519722
0.004312446
0.004351545
0.00476373
0.004334717
0.004401478
0.004408935
0.004324911
0.004304927
0.00444466
0.004310405
0.004359987
0.004485764
0.00428097
0.004317669
0.004338961
0.004336946
0.004378148
0.004346125
0.004283311
0.004359117
0.004386552
0.004329922
0.004316694
0.004355376
0.004296051
0.00429975
0.004428406
0.004295833
0.004311449
0.004533241
0.00443497
0.004389397
0.004550113
0.00433204
0.004331782
0.004464582
0.004310077
0.00444128
0.004478774
0.004315757
0.004436753
0.004369817
