#time [s]
0.002388666
0.002386077
0.00246822
0.002366143
0.00250452
0.002352467
0.002389381
0.002370586
0.002409248
0.002496297
0.002357151
0.002343221
0.002391353
0.002350816
0.002389034
0.002456766
0.002374812
0.00234999
0.002375176
0.002344917
0.002362544
0.002478942
0.002488378
0.002313597
0.002396151
0.002366345
0.002330527
0.002407721
0.002385531
0.00235031
0.002391553
0.002354255
0.002373798
0.002500871
0.002364472
0.002362254
0.002400342
0.002387745
0.002351145
0.002468225
0.002362862
0.002392717
0.002365514
0.002373964
0.002332578
0.002594748
0.002337159
0.00236225
0.002385796
0.00235334
0.002355552
0.00252983
0.002343677
0.002325562
0.002343694
0.002397203
0.002312238
0.00236547
0.00239417
0.002347874
0.002340996
0.002372183
0.002411457
0.002368618
0.002334179
0.002415693
0.002381917
0.002380564
0.002361953
0.002591135
0.002435251
0.002438766
0.00236882
0.002353972
0.002453067
0.002389042
0.002310753
0.002375794
0.002373274
0.002363925
0.003036718
0.002350467
0.002371944
0.002359552
0.002373108
0.002357954
0.002415434
0.002322818
0.002336788
0.002391746
0.002348797
0.002369213
0.00246681
0.002323687
0.002366843
0.002421838
0.002353064
0.002363091
0.002485477
0.002366684
