#time [s]
0.008592538
0.008432376
0.008643033
0.008425117
0.008481154
0.008387152
0.0083939
0.008678724
0.008422292
0.008565371
0.008420091
0.00867005
0.008421676
0.008541365
0.008498229
0.008713506
0.008450345
0.008501945
0.00838565
0.008471274
0.008429221
0.008457201
0.008428869
0.008586988
0.0084344
0.008574137
0.008558437
0.008401241
0.008552122
0.008385524
0.008619386
0.008374072
0.008571611
0.008371423
0.008809355
0.008427033
0.008602703
0.00841759
0.008522169
0.00842229
0.008617169
0.008397625
0.008566257
0.008423552
0.008878873
0.008456325
0.008477492
0.00855009
0.008408371
0.008664293
0.008415104
0.008475656
0.008369609
0.008580803
0.008367187
0.008844812
0.008498452
0.008601412
0.008430513
0.010228903
0.010867858
0.011010385
0.010599252
0.010949509
0.010816385
0.011351946
0.010382668
0.008845945
0.011049865
0.010867878
0.011079898
0.009283244
0.008498127
0.008625759
0.008489487
0.008469289
0.008499048
0.008419732
0.008641317
0.008440131
0.008580899
0.008451996
0.008537042
0.008371981
0.008806613
0.008413926
0.008496121
0.008407639
0.008537889
0.008416752
0.008482508
0.008371247
0.008639413
0.008453147
0.008627839
0.008468844
0.008611202
0.0084615
0.008548953
0.008357683
