#time [s]
0.000287192
0.000293281
0.000286962
0.000283698
0.000283325
0.000290238
0.000283123
0.000282897
0.000290647
0.000283067
0.000287721
0.00028485
0.00030687
0.000284104
0.000296444
0.000282958
0.000283035
0.000282752
0.00028303
0.000290942
0.000283383
0.000283461
0.000290906
0.000282767
0.000282772
0.000284396
0.000293623
0.000283386
0.00028536
0.000308499
0.000304448
0.000282527
0.000282629
0.000282439
0.000282477
0.000282421
0.000282575
0.000284084
0.000292026
0.000282864
0.000284755
0.000306896
0.000282536
0.000325714
0.000305216
0.000307007
0.000283539
0.000283577
0.000294678
0.000283974
0.000303004
0.000304024
0.000283899
0.000286042
0.000303997
0.000282444
0.000282516
0.000289313
0.000295637
0.000300294
0.000283474
0.000306336
0.000299587
0.000300729
0.000302516
0.000283196
0.000282536
0.000283251
0.000301929
0.000303387
0.000290717
0.000282272
0.0002825
0.000302366
0.000291806
0.000282581
0.000289609
0.000282574
0.000282594
0.000282416
0.000282547
0.000282402
0.000303622
0.00028234
0.000282465
0.00028238
0.000282401
0.000291458
0.000283022
0.000284671
0.000282741
0.000282486
0.00028427
0.000360244
0.000283109
0.000282729
0.000312984
0.000282997
0.000282837
0.000282575
