#time [s]
0.001684505
0.001753872
0.001647519
0.001750937
0.001670558
0.001636229
0.001712904
0.001777447
0.001810004
0.001610712
0.00168597
0.001781868
0.001620541
0.001718223
0.001751148
0.001647813
0.001778888
0.001698792
0.001699964
0.001873996
0.001692897
0.00176513
0.001692706
0.001673401
0.001775887
0.001648469
0.001771654
0.001716706
0.001666739
0.001744339
0.001638876
0.001783948
0.001703219
0.001654242
0.001728136
0.001683967
0.001722024
0.001749777
0.001702078
0.001645148
0.001778615
0.001754707
0.001782319
0.001805619
0.001715943
0.001849888
0.001715019
0.001819148
0.001698067
0.001697435
0.001737751
0.001770982
0.001731297
0.00177569
0.001631272
0.001778242
0.001717909
0.001448078
0.001322679
0.001470134
0.001335802
0.001307046
0.001405193
0.001303449
0.001316203
0.001300943
0.001301604
0.001329471
0.001374922
0.00129914
0.001435564
0.00133454
0.001310219
0.001301738
0.001301614
0.001401413
0.001300735
0.00132828
0.001308966
0.001298037
0.001299928
0.001404329
0.001301121
0.001360854
0.001308699
0.001298309
0.001300487
0.001318894
0.001383881
0.001300565
0.00134327
0.001306542
0.001311774
0.001429702
0.001414067
0.001412439
0.001320936
0.00129805
0.001301657
0.001323249
