#time [s]
4.249e-06
4.232e-06
4.184e-06
4.228e-06
4.222e-06
4.23e-06
4.234e-06
4.234e-06
4.228e-06
4.226e-06
4.214e-06
4.221e-06
4.223e-06
4.236e-06
4.25e-06
4.231e-06
4.24e-06
4.212e-06
4.241e-06
4.222e-06
4.252e-06
4.226e-06
4.243e-06
4.224e-06
4.236e-06
4.218e-06
4.226e-06
4.233e-06
4.227e-06
4.228e-06
4.236e-06
4.222e-06
4.226e-06
4.224e-06
4.236e-06
4.224e-06
4.241e-06
4.212e-06
4.222e-06
4.22e-06
4.225e-06
4.228e-06
4.224e-06
4.221e-06
4.213e-06
4.224e-06
4.245e-06
4.237e-06
4.252e-06
4.22e-06
4.239e-06
4.222e-06
4.24e-06
4.222e-06
4.251e-06
4.236e-06
4.243e-06
4.214e-06
4.214e-06
4.223e-06
4.225e-06
4.236e-06
4.248e-06
4.229e-06
4.222e-06
4.212e-06
4.228e-06
4.225e-06
4.252e-06
4.223e-06
4.242e-06
4.22e-06
4.221e-06
4.22e-06
4.227e-06
4.233e-06
4.225e-06
4.226e-06
4.236e-06
4.226e-06
4.244e-06
4.227e-06
4.25e-06
4.237e-06
4.227e-06
4.212e-06
4.239e-06
4.233e-06
4.251e-06
4.226e-06
4.222e-06
4.219e-06
4.213e-06
4.227e-06
4.246e-06
4.238e-06
4.234e-06
4.22e-06
4.222e-06
4.212e-06
