#time [s]
0.000834046
0.000886317
0.00083102
0.000831069
0.000833153
0.000841417
0.000835785
0.00084865
0.000847232
0.000833781
0.000843346
0.000859164
0.000833805
0.000837296
0.000839245
0.000845045
0.000833669
0.000988846
0.000859634
0.000879976
0.000876682
0.000883116
0.000860803
0.000862429
0.000860894
0.000861119
0.000836662
0.000852068
0.000830931
0.0008311
0.000863373
0.000853185
0.000833777
0.000831093
0.000850443
0.000834199
0.000831205
0.000863039
0.000830854
0.000841208
0.000833979
0.000858098
0.000831053
0.000846551
0.000840774
0.000837855
0.000835702
0.000837646
0.00085167
0.000834783
0.000834863
0.000860337
0.00087461
0.000831718
0.00086908
0.000831082
0.000839651
0.000836295
0.000837086
0.000838943
0.000851916
0.000857436
0.000832976
0.000832665
0.000848556
0.000833814
0.000835787
0.000837792
0.000840759
0.000835129
0.000922861
0.00085128
0.000886128
0.000839611
0.000833028
0.000834957
0.000835775
0.000852117
0.000837876
0.000840811
0.000834799
0.000864164
0.000831515
0.000837799
0.000832526
0.000833843
0.00084587
0.000885006
0.000863033
0.000830982
0.000839382
0.000856697
0.000831261
0.000839389
0.000847884
0.000835697
0.000843121
0.000844922
0.000851614
0.000837618
