#time [s]
9.3273e-05
9.3288e-05
9.3261e-05
9.3132e-05
9.3187e-05
9.3284e-05
9.3247e-05
9.323e-05
9.3273e-05
9.3235e-05
9.3245e-05
9.3226e-05
9.326e-05
9.3183e-05
9.3285e-05
9.3274e-05
9.3241e-05
9.3229e-05
9.322e-05
9.3279e-05
9.3226e-05
9.3423e-05
9.3322e-05
9.3219e-05
9.3322e-05
9.3193e-05
9.3231e-05
9.3291e-05
9.3156e-05
9.3289e-05
9.328e-05
9.3239e-05
9.3269e-05
9.3254e-05
9.3262e-05
9.3239e-05
9.3223e-05
9.3279e-05
9.3237e-05
9.3269e-05
9.325e-05
9.3241e-05
9.3239e-05
9.3215e-05
9.3155e-05
9.3234e-05
9.3103e-05
9.3254e-05
9.3235e-05
9.3261e-05
9.3223e-05
9.3271e-05
9.3236e-05
9.3253e-05
9.3255e-05
9.3245e-05
0.000101909
0.000118567
0.000105953
9.3271e-05
9.3291e-05
9.3249e-05
9.3252e-05
9.3273e-05
9.3322e-05
9.3229e-05
9.3307e-05
9.3265e-05
9.3357e-05
9.3221e-05
9.3292e-05
9.3274e-05
9.3257e-05
9.3276e-05
9.3271e-05
9.3267e-05
9.3248e-05
0.000105991
9.3382e-05
9.3166e-05
9.3357e-05
9.3299e-05
9.3251e-05
9.3294e-05
9.3165e-05
9.328e-05
9.3229e-05
9.3257e-05
9.3298e-05
9.3262e-05
9.3274e-05
9.3284e-05
9.3169e-05
9.3264e-05
9.3255e-05
9.9364e-05
9.3358e-05
9.3311e-05
9.3263e-05
9.3293e-05
