#time [s]
5.95e-07
5.44e-07
5.38e-07
5.73e-07
5.38e-07
5.38e-07
5.37e-07
5.37e-07
5.39e-07
5.36e-07
5.37e-07
5.37e-07
5.38e-07
5.38e-07
5.39e-07
5.35e-07
5.38e-07
5.35e-07
5.37e-07
5.37e-07
5.37e-07
5.37e-07
5.39e-07
5.4e-07
5.38e-07
5.39e-07
5.38e-07
5.35e-07
5.38e-07
5.37e-07
5.35e-07
5.35e-07
5.36e-07
5.39e-07
5.35e-07
5.59e-07
5.71e-07
5.33e-07
5.32e-07
5.33e-07
5.35e-07
5.34e-07
5.31e-07
5.31e-07
5.35e-07
5.33e-07
5.3e-07
5.32e-07
5.33e-07
5.32e-07
5.33e-07
5.29e-07
5.34e-07
5.69e-07
5.36e-07
5.35e-07
5.37e-07
5.35e-07
5.31e-07
5.32e-07
5.32e-07
5.33e-07
5.35e-07
5.36e-07
5.34e-07
5.36e-07
5.33e-07
5.35e-07
5.33e-07
5.71e-07
5.34e-07
5.33e-07
5.33e-07
5.32e-07
5.33e-07
5.35e-07
5.35e-07
5.31e-07
5.34e-07
5.33e-07
5.33e-07
5.32e-07
5.32e-07
5.32e-07
5.32e-07
5.68e-07
5.33e-07
5.36e-07
5.31e-07
5.33e-07
5.32e-07
5.31e-07
5.31e-07
5.33e-07
5.35e-07
5.33e-07
5.34e-07
5.34e-07
5.37e-07
5.35e-07
