#time [s]
1.3005e-05
1.2883e-05
1.2908e-05
1.2856e-05
1.2919e-05
1.2872e-05
1.2903e-05
1.2874e-05
1.2896e-05
1.2873e-05
1.2911e-05
1.2879e-05
1.2877e-05
1.2896e-05
1.2876e-05
1.2903e-05
1.2889e-05
1.2906e-05
1.2868e-05
1.2894e-05
1.2872e-05
1.2902e-05
1.2882e-05
1.2904e-05
1.287e-05
1.2896e-05
1.2883e-05
1.2887e-05
1.2894e-05
1.2877e-05
1.293e-05
1.2865e-05
1.2634e-05
1.2875e-05
1.2913e-05
1.2872e-05
1.2903e-05
1.2879e-05
1.2909e-05
1.2881e-05
1.2892e-05
1.2891e-05
1.2879e-05
1.289e-05
1.2875e-05
1.2626e-05
1.2878e-05
1.2896e-05
1.2858e-05
2.0891e-05
1.2711e-05
1.2926e-05
1.2959e-05
1.2917e-05
1.2634e-05
1.2585e-05
1.2605e-05
1.2586e-05
1.291e-05
1.2868e-05
1.2916e-05
1.2876e-05
1.29e-05
1.2912e-05
1.2896e-05
1.2888e-05
1.2873e-05
1.2898e-05
1.2881e-05
1.2898e-05
1.2864e-05
1.2931e-05
1.2881e-05
1.2907e-05
1.2862e-05
1.291e-05
1.288e-05
1.2896e-05
1.2881e-05
1.2903e-05
1.2888e-05
1.2873e-05
1.2611e-05
1.2885e-05
1.2913e-05
1.2592e-05
1.2904e-05
1.2886e-05
1.291e-05
1.287e-05
1.2908e-05
1.2869e-05
1.2903e-05
1.2876e-05
1.2889e-05
1.2888e-05
1.2891e-05
1.2909e-05
1.289e-05
1.2912e-05
