#time [s]
3.076e-06
2.98e-06
2.983e-06
3.019e-06
2.977e-06
2.983e-06
2.975e-06
2.976e-06
2.971e-06
2.968e-06
2.967e-06
2.967e-06
2.997e-06
2.977e-06
2.976e-06
2.978e-06
2.973e-06
2.972e-06
2.967e-06
2.968e-06
2.968e-06
2.969e-06
2.975e-06
2.976e-06
2.977e-06
2.97e-06
2.971e-06
2.965e-06
2.973e-06
2.971e-06
2.974e-06
2.977e-06
2.977e-06
2.969e-06
2.973e-06
2.963e-06
2.971e-06
2.968e-06
2.978e-06
2.977e-06
2.981e-06
2.969e-06
2.973e-06
2.963e-06
2.964e-06
2.966e-06
2.995e-06
2.976e-06
2.981e-06
2.975e-06
2.976e-06
2.969e-06
2.964e-06
2.97e-06
2.972e-06
2.972e-06
2.996e-06
2.977e-06
2.971e-06
2.969e-06
2.964e-06
2.963e-06
2.976e-06
2.97e-06
2.971e-06
2.979e-06
2.979e-06
2.969e-06
2.987e-06
2.965e-06
2.966e-06
2.968e-06
2.971e-06
2.974e-06
2.975e-06
2.971e-06
2.971e-06
2.964e-06
2.967e-06
2.972e-06
2.973e-06
2.978e-06
2.982e-06
2.979e-06
2.977e-06
2.972e-06
2.966e-06
2.97e-06
2.972e-06
2.973e-06
2.978e-06
2.979e-06
2.979e-06
2.973e-06
2.967e-06
2.97e-06
2.97e-06
2.975e-06
2.978e-06
2.982e-06
