#time [s]
0.005516486
0.005654863
0.005429018
0.00563367
0.008614398
0.005964275
0.005497301
0.005422758
0.005392581
0.00542707
0.00604279
0.007898361
0.005462722
0.005798922
0.005567771
0.005408249
0.00542444
0.005554073
0.005472779
0.005585431
0.005393572
0.005372535
0.005563667
0.005572255
0.005508533
0.00540332
0.007535944
0.00537258
0.005615005
0.005388846
0.005447337
0.005425108
0.005514326
0.005448295
0.005406312
0.005746419
0.005624274
0.005409763
0.007082341
0.005360387
0.00552666
0.005475807
0.005436757
0.005405395
0.005456671
0.00552081
0.005377092
0.00542078
0.005496138
0.005407565
0.005404542
0.005486065
0.005434818
0.005381804
0.005536105
0.005403279
0.005399826
0.005548064
0.005365197
0.005465826
0.005493955
0.005429227
0.005410097
0.00555749
0.005454829
0.005379001
0.005908808
0.006822904
0.006973347
0.006873486
0.007018218
0.006882646
0.006893563
0.006992113
0.006907467
0.006932699
0.007095112
0.006791783
0.006981892
0.006912184
0.006914664
0.00694447
0.006889119
0.006922599
0.005538068
0.005577241
0.005463487
0.005375926
0.005618044
0.005403071
0.005557181
0.005496216
0.005394413
0.005505954
0.005462534
0.005536571
0.005502732
0.005613693
0.005510469
0.00542901
