#time [s]
0.000169006
0.000169017
0.000168981
0.000169018
0.000168985
0.000168975
0.000168988
0.000168986
0.000169009
0.000168978
0.000168999
0.000168993
0.000169007
0.000168993
0.00016899
0.000175489
0.00016907
0.000169008
0.000168955
0.000168997
0.000168969
0.000168988
0.000168973
0.000168971
0.000168943
0.000168995
0.00016893
0.000168987
0.000168986
0.000169001
0.000168994
0.00016901
0.000168993
0.00016902
0.000169029
0.000168999
0.000169009
0.000169017
0.000169029
0.000175376
0.000169076
0.00016904
0.000169055
0.000169016
0.000177196
0.000169095
0.00016906
0.000169038
0.000173121
0.000169027
0.000168994
0.000168986
0.000177024
0.000169082
0.000169002
0.000169014
0.000169016
0.000168923
0.000169019
0.000168991
0.000169
0.00016899
0.000169002
0.000175477
0.000169067
0.000169029
0.000169023
0.000168946
0.000168987
0.000169008
0.000168992
0.000169045
0.000169011
0.000169009
0.000169018
0.000169028
0.000169036
0.000169027
0.000168998
0.00016906
0.000169046
0.000169005
0.000169028
0.000169001
0.000169031
0.000169032
0.000169025
0.00016902
0.000177967
0.000169096
0.000169053
0.000169035
0.000169024
0.000169041
0.000169009
0.000169029
0.000169011
0.000169011
0.000169016
0.000169007
