#time [s]
1.2699e-05
1.2528e-05
1.2533e-05
1.2481e-05
1.2504e-05
1.2468e-05
1.2483e-05
1.2467e-05
1.2486e-05
1.247e-05
1.2467e-05
1.248e-05
1.2463e-05
1.2502e-05
1.2445e-05
1.2482e-05
1.2455e-05
1.2481e-05
1.2445e-05
1.2476e-05
1.245e-05
1.2473e-05
1.2476e-05
1.2469e-05
1.2474e-05
1.2462e-05
1.2475e-05
1.246e-05
1.2477e-05
1.2457e-05
1.2501e-05
1.2457e-05
1.2478e-05
1.2456e-05
1.2481e-05
1.2465e-05
1.2466e-05
1.2471e-05
1.2461e-05
1.2503e-05
1.2458e-05
1.2498e-05
1.2447e-05
1.2488e-05
1.2447e-05
1.2485e-05
1.2464e-05
1.248e-05
1.2474e-05
1.2479e-05
1.2476e-05
1.2456e-05
1.2489e-05
1.2459e-05
1.2487e-05
1.2436e-05
1.2486e-05
1.245e-05
1.2499e-05
1.2458e-05
1.2476e-05
1.2456e-05
1.2475e-05
1.2472e-05
1.2458e-05
1.2486e-05
1.2445e-05
1.2486e-05
1.2448e-05
1.2484e-05
1.2468e-05
1.2489e-05
1.2467e-05
1.2479e-05
1.2464e-05
1.2465e-05
1.2477e-05
1.246e-05
1.2474e-05
1.2448e-05
1.2477e-05
1.2451e-05
1.2481e-05
1.2457e-05
1.2503e-05
1.2459e-05
1.2479e-05
1.2453e-05
1.247e-05
1.2485e-05
1.2466e-05
1.2485e-05
1.2459e-05
1.25e-05
1.2455e-05
1.248e-05
1.2452e-05
1.2481e-05
1.2457e-05
1.2487e-05
