#time [s]
2.288e-06
2.231e-06
2.205e-06
2.207e-06
2.186e-06
2.174e-06
2.168e-06
2.17e-06
2.176e-06
2.179e-06
2.174e-06
2.175e-06
2.172e-06
2.169e-06
2.169e-06
2.163e-06
2.168e-06
2.166e-06
2.176e-06
2.177e-06
2.18e-06
2.181e-06
2.177e-06
2.169e-06
2.176e-06
2.167e-06
2.165e-06
2.165e-06
2.164e-06
2.166e-06
2.168e-06
2.175e-06
2.172e-06
2.172e-06
2.171e-06
2.17e-06
2.167e-06
2.165e-06
2.165e-06
2.165e-06
2.167e-06
2.168e-06
2.173e-06
2.171e-06
2.175e-06
2.176e-06
2.173e-06
2.168e-06
2.17e-06
2.166e-06
2.168e-06
2.165e-06
2.171e-06
2.168e-06
2.173e-06
2.172e-06
2.176e-06
2.172e-06
2.17e-06
2.169e-06
2.17e-06
2.164e-06
2.167e-06
2.167e-06
2.171e-06
2.17e-06
2.176e-06
2.173e-06
2.176e-06
2.171e-06
2.173e-06
2.171e-06
2.164e-06
2.164e-06
2.164e-06
2.165e-06
2.173e-06
2.168e-06
2.172e-06
2.173e-06
2.17e-06
2.172e-06
2.165e-06
2.166e-06
2.164e-06
2.164e-06
2.17e-06
2.166e-06
2.173e-06
2.172e-06
2.176e-06
2.177e-06
2.175e-06
2.169e-06
2.171e-06
2.165e-06
2.166e-06
2.165e-06
2.17e-06
2.17e-06
