#time [s]
0.004287525
0.003748227
0.003703386
0.003786691
0.003679305
0.003898027
0.003704035
0.003649291
0.003713134
0.003694119
0.003637728
0.003673902
0.003885822
0.003675748
0.003657249
0.003730849
0.003885097
0.003692027
0.003684127
0.003817291
0.003634353
0.003758518
0.003662957
0.00391309
0.003629384
0.003755341
0.003687051
0.003790801
0.003676511
0.00372728
0.003761077
0.003655745
0.003678696
0.003713552
0.003824385
0.003667189
0.003667265
0.003818482
0.003693866
0.003700681
0.003690206
0.003801533
0.003676252
0.003659948
0.003728025
0.003859309
0.003695997
0.003654383
0.003650618
0.003667348
0.003668847
0.003656835
0.003901548
0.003622237
0.003691973
0.003691942
0.003866421
0.003705381
0.003698199
0.003861717
0.00365719
0.003732705
0.00372608
0.003855757
0.003636811
0.003693179
0.003678128
0.003710051
0.003718625
0.003694631
0.003833176
0.003640393
0.003641392
0.0036604
0.003901358
0.003712508
0.003789581
0.003843161
0.003691695
0.003729881
0.003682972
0.003806065
0.003750099
0.003720302
0.003877253
0.003653947
0.003745859
0.003688485
0.003955975
0.003638255
0.003807081
0.003622204
0.003687479
0.003684622
0.00371963
0.003877844
0.004063513
0.00368964
0.003774435
0.004635323
