#time [s]
7.424e-06
7.4e-06
7.375e-06
7.349e-06
7.366e-06
7.367e-06
7.371e-06
7.352e-06
7.358e-06
7.368e-06
7.34e-06
7.33e-06
7.363e-06
7.366e-06
7.345e-06
7.353e-06
7.359e-06
7.375e-06
7.349e-06
7.355e-06
7.361e-06
7.365e-06
7.361e-06
7.355e-06
7.359e-06
7.364e-06
7.336e-06
7.362e-06
7.36e-06
7.372e-06
7.336e-06
7.357e-06
7.373e-06
7.369e-06
7.335e-06
7.336e-06
7.361e-06
7.361e-06
7.335e-06
7.337e-06
7.361e-06
7.368e-06
7.347e-06
7.359e-06
7.36e-06
7.369e-06
7.334e-06
7.361e-06
7.361e-06
7.36e-06
7.335e-06
7.361e-06
7.372e-06
7.358e-06
7.335e-06
7.341e-06
7.361e-06
7.365e-06
7.335e-06
7.341e-06
7.36e-06
7.355e-06
7.347e-06
7.364e-06
7.361e-06
7.356e-06
7.337e-06
7.365e-06
7.36e-06
7.363e-06
7.335e-06
7.365e-06
7.37e-06
7.361e-06
7.336e-06
7.345e-06
7.359e-06
7.351e-06
7.337e-06
7.345e-06
7.358e-06
7.36e-06
7.35e-06
7.368e-06
7.357e-06
7.359e-06
7.339e-06
7.37e-06
7.358e-06
7.35e-06
7.341e-06
7.369e-06
7.368e-06
7.349e-06
7.341e-06
7.349e-06
7.354e-06
7.356e-06
7.342e-06
7.349e-06
