#time [s]
0.004438145
0.004268808
0.004340575
0.004458697
0.004208434
0.004340377
0.004395516
0.004263862
0.004301452
0.004213938
0.004362877
0.004265817
0.004271102
0.004519691
0.004264476
0.004346639
0.004392524
0.004313239
0.004248663
0.004267595
0.004390001
0.004265728
0.004257287
0.004459855
0.004198733
0.004334152
0.004446322
0.004278
0.004254373
0.004275346
0.004374587
0.004261781
0.00426908
0.00434108
0.004226464
0.004306223
0.004272379
0.004307857
0.004252395
0.004259947
0.004374819
0.004373021
0.004406003
0.004493512
0.004268909
0.004254915
0.004269573
0.00437278
0.004382373
0.004235223
0.00440396
0.00427074
0.004305015
0.00445348
0.004954624
0.005039815
0.005338695
0.005610591
0.005609025
0.005560853
0.005593748
0.00564694
0.005570801
0.005590406
0.005932124
0.006428483
0.005693843
0.005574846
0.005604929
0.005595984
0.005613851
0.005583585
0.004243184
0.004476935
0.004415301
0.004287343
0.004234869
0.004291691
0.00436795
0.004243153
0.004423455
0.00442276
0.004377877
0.004260855
0.004432791
0.00422141
0.004382988
0.00438019
0.004314838
0.004250753
0.004344649
0.004478909
0.004285607
0.004245602
0.00438308
0.004282403
0.004304286
0.00422638
0.004246298
0.004257138
