#time [s]
4.0279e-05
3.9607e-05
3.9547e-05
3.9512e-05
3.958e-05
3.9551e-05
3.9507e-05
3.9549e-05
3.9546e-05
3.9572e-05
3.9566e-05
3.9533e-05
3.9548e-05
3.9536e-05
3.9527e-05
3.9493e-05
3.9538e-05
3.9516e-05
3.9572e-05
3.9592e-05
4.5945e-05
3.9654e-05
3.9589e-05
3.9566e-05
3.9552e-05
3.9532e-05
3.951e-05
3.9564e-05
3.9573e-05
3.9512e-05
3.9569e-05
3.951e-05
3.9556e-05
3.9576e-05
3.9548e-05
3.9558e-05
3.9544e-05
3.9488e-05
3.9541e-05
3.957e-05
3.9508e-05
3.9567e-05
3.952e-05
3.9565e-05
3.9509e-05
3.9505e-05
3.9573e-05
3.9559e-05
3.9523e-05
3.953e-05
3.9551e-05
3.9547e-05
3.9598e-05
3.9554e-05
3.9527e-05
3.9533e-05
3.9553e-05
3.9535e-05
3.9559e-05
3.9518e-05
3.9574e-05
3.9561e-05
3.9498e-05
3.9533e-05
3.9562e-05
3.9557e-05
3.9545e-05
3.9553e-05
3.9544e-05
3.9557e-05
3.9545e-05
3.9513e-05
3.9524e-05
3.9564e-05
3.9547e-05
3.9552e-05
3.9489e-05
3.9537e-05
3.9541e-05
3.9503e-05
3.948e-05
3.9521e-05
3.9523e-05
3.9564e-05
3.9583e-05
3.9517e-05
3.952e-05
3.952e-05
3.9516e-05
3.9501e-05
3.9553e-05
3.9585e-05
3.95e-05
3.959e-05
3.9436e-05
3.9532e-05
3.956e-05
3.9499e-05
3.954e-05
3.957e-05
