#time [s]
9.9986e-05
9.9983e-05
0.00010002
9.9997e-05
0.000100002
0.000100002
9.9975e-05
9.9837e-05
9.985e-05
9.9923e-05
9.9888e-05
9.9955e-05
9.9964e-05
9.9963e-05
9.9983e-05
9.9946e-05
9.9933e-05
9.9968e-05
9.9948e-05
9.9941e-05
9.9922e-05
9.994e-05
9.9894e-05
9.9951e-05
9.9894e-05
9.9958e-05
9.9908e-05
9.9978e-05
9.9914e-05
9.9953e-05
9.9941e-05
9.9917e-05
9.9819e-05
0.000106938
0.000100093
0.000100024
0.000100019
9.9969e-05
9.9923e-05
9.9936e-05
9.9846e-05
9.9946e-05
9.9942e-05
9.9922e-05
9.9878e-05
9.9829e-05
9.9929e-05
9.9987e-05
9.9914e-05
9.9935e-05
9.9899e-05
9.9913e-05
9.994e-05
9.9959e-05
9.9924e-05
9.9969e-05
9.993e-05
9.9937e-05
0.000104284
9.9929e-05
9.9919e-05
9.9952e-05
9.9932e-05
9.9953e-05
9.9973e-05
9.9969e-05
9.9971e-05
9.9941e-05
9.9797e-05
0.000100888
9.9927e-05
9.9889e-05
9.9972e-05
0.000100658
0.000100272
9.9938e-05
9.9962e-05
9.9846e-05
9.9878e-05
9.9965e-05
9.9963e-05
9.9949e-05
9.9955e-05
9.9964e-05
9.9928e-05
9.9954e-05
9.9901e-05
9.9924e-05
9.9961e-05
0.000115504
0.000100063
0.000100006
0.000100009
9.9911e-05
0.000100007
9.9952e-05
9.9951e-05
9.9964e-05
9.9938e-05
9.9933e-05
