#time [s]
2.765e-05
2.7367e-05
2.7354e-05
2.7326e-05
2.7299e-05
2.7244e-05
2.73e-05
2.7274e-05
2.7379e-05
2.7511e-05
2.7289e-05
2.7276e-05
2.7296e-05
2.7255e-05
2.729e-05
2.7287e-05
2.7256e-05
2.7276e-05
2.7253e-05
2.7256e-05
2.7285e-05
2.7299e-05
2.7273e-05
2.7299e-05
2.7294e-05
2.7262e-05
2.7303e-05
2.7284e-05
2.7313e-05
2.7284e-05
2.7287e-05
2.7312e-05
2.7288e-05
2.7279e-05
2.7249e-05
2.7285e-05
2.7275e-05
2.7274e-05
2.7296e-05
2.7303e-05
2.7259e-05
2.7259e-05
2.7273e-05
2.7288e-05
2.7283e-05
2.7256e-05
2.7287e-05
2.725e-05
2.7268e-05
2.7254e-05
2.7271e-05
3.6691e-05
2.7443e-05
2.7306e-05
2.7317e-05
2.733e-05
2.7313e-05
2.7316e-05
2.7317e-05
2.73e-05
2.731e-05
2.7327e-05
2.7312e-05
2.7276e-05
2.7298e-05
2.7295e-05
2.7302e-05
2.7297e-05
2.728e-05
2.7284e-05
2.7288e-05
2.7297e-05
2.7284e-05
2.7306e-05
2.7291e-05
2.73e-05
2.7251e-05
2.7303e-05
2.7281e-05
2.7295e-05
2.7264e-05
2.7283e-05
2.7279e-05
2.7242e-05
2.7279e-05
2.7272e-05
2.7276e-05
2.7301e-05
2.731e-05
2.7256e-05
2.7316e-05
2.7256e-05
2.7288e-05
2.7303e-05
2.7278e-05
2.729e-05
2.7299e-05
2.7254e-05
2.726e-05
2.729e-05
