#time [s]
0.000684992
0.000699367
0.000691148
0.000683811
0.000683115
0.000679768
0.000679744
0.000689447
0.000682076
0.000701813
0.000679591
0.000679603
0.00068089
0.00068983
0.000745374
0.000689014
0.00068016
0.000708406
0.000680722
0.000688316
0.000681681
0.000680979
0.000704151
0.000679388
0.000680886
0.000693552
0.000680626
0.000687612
0.000696997
0.000682638
0.000681265
0.000687493
0.000680328
0.000680027
0.000681485
0.000700641
0.000689777
0.000729659
0.00068165
0.000709079
0.000680915
0.000686983
0.000687986
0.000684657
0.000681998
0.000686984
0.000680198
0.000696489
0.000683754
0.000695871
0.000680067
0.000679081
0.000681915
0.000695032
0.000680924
0.00070441
0.000685178
0.000685827
0.000685954
0.000689573
0.000758362
0.000680193
0.000695036
0.000706719
0.000688059
0.000679818
0.000680466
0.000680613
0.000680693
0.000684787
0.00069708
0.0006872
0.000681794
0.000687061
0.000686411
0.000704034
0.000688214
0.000682581
0.000679274
0.000679415
0.000680535
0.000688257
0.000695122
0.000747485
0.000743593
0.00070714
0.000681271
0.000681863
0.000688299
0.000682029
0.00067972
0.00067959
0.000680778
0.000683908
0.000703835
0.000686363
0.000686452
0.000681748
0.000682891
0.00068188
