#time [s]
9.883e-06
9.762e-06
9.751e-06
9.717e-06
9.749e-06
9.729e-06
9.732e-06
9.745e-06
9.73e-06
9.746e-06
9.751e-06
9.715e-06
9.743e-06
9.723e-06
9.723e-06
9.746e-06
9.723e-06
9.743e-06
9.728e-06
9.719e-06
9.753e-06
9.726e-06
9.736e-06
9.741e-06
9.727e-06
9.738e-06
9.733e-06
9.722e-06
9.748e-06
9.723e-06
9.736e-06
9.752e-06
9.712e-06
9.747e-06
9.722e-06
9.731e-06
9.756e-06
1.7545e-05
9.915e-06
1.0353e-05
3.2546e-05
1.0148e-05
1.798e-05
1.3515e-05
1.0251e-05
1.0283e-05
1.0084e-05
1.0627e-05
1.1099e-05
1.043e-05
1.5615e-05
1.0032e-05
2.8245e-05
1.0354e-05
9.928e-06
9.771e-06
9.771e-06
9.766e-06
2.1962e-05
9.952e-06
9.762e-06
9.804e-06
9.841e-06
9.737e-06
9.759e-06
9.718e-06
9.824e-06
9.751e-06
9.737e-06
9.742e-06
9.725e-06
9.73e-06
9.746e-06
9.727e-06
9.735e-06
9.733e-06
9.755e-06
9.743e-06
9.72e-06
9.726e-06
9.738e-06
9.711e-06
9.755e-06
9.737e-06
9.72e-06
9.743e-06
9.718e-06
9.729e-06
9.736e-06
9.718e-06
9.74e-06
9.774e-06
9.726e-06
9.74e-06
9.725e-06
9.765e-06
9.735e-06
9.724e-06
9.783e-06
9.728e-06
