#time [s]
0.001430483
0.001433827
0.001462909
0.001440058
0.001453261
0.00145804
0.001449193
0.00143427
0.001568281
0.00145779
0.00143017
0.00143183
0.001454167
0.001443851
0.001443926
0.001439826
0.001447621
0.001432523
0.001454664
0.001827986
0.001737808
0.001455475
0.001431539
0.001437736
0.001472192
0.001430502
0.001442508
0.001449571
0.001435981
0.001441338
0.001505553
0.001457775
0.001435908
0.001438964
0.001438723
0.001439015
0.001431851
0.001451948
0.001441371
0.001437843
0.001434226
0.001564894
0.001441296
0.001448517
0.001437679
0.001445931
0.00145337
0.001436768
0.001443281
0.001454278
0.00143148
0.00143854
0.001501522
0.001456036
0.001444871
0.001443344
0.0014587
0.001459576
0.001443563
0.001433908
0.001456479
0.001444324
0.001483426
0.001525921
0.001449996
0.001440043
0.001443954
0.001437273
0.001457873
0.001449089
0.001437325
0.001456884
0.001451456
0.001434119
0.001599755
0.00158727
0.001556275
0.001546602
0.001443822
0.001466849
0.001438257
0.001468376
0.001441056
0.001432737
0.001434649
0.001499044
0.00146439
0.001455605
0.001440163
0.00143603
0.0014496
0.001447026
0.001432431
0.001472771
0.001435968
0.001432368
0.001520816
0.001429604
0.001433408
0.00144339
