#time [s]
2.526e-06
2.503e-06
2.528e-06
2.514e-06
2.502e-06
2.5e-06
2.507e-06
2.502e-06
2.504e-06
2.499e-06
2.523e-06
2.498e-06
2.505e-06
2.505e-06
2.502e-06
2.501e-06
2.506e-06
2.5e-06
2.501e-06
2.498e-06
2.503e-06
2.511e-06
2.507e-06
2.513e-06
2.503e-06
2.503e-06
2.499e-06
2.517e-06
2.496e-06
2.5e-06
2.498e-06
2.504e-06
2.516e-06
2.508e-06
2.502e-06
2.513e-06
2.508e-06
2.498e-06
2.502e-06
2.497e-06
2.493e-06
2.495e-06
2.496e-06
2.501e-06
2.499e-06
2.508e-06
2.513e-06
2.503e-06
2.508e-06
2.498e-06
2.515e-06
2.501e-06
2.496e-06
2.506e-06
2.504e-06
2.513e-06
2.507e-06
2.504e-06
2.502e-06
2.507e-06
2.497e-06
2.498e-06
2.492e-06
2.493e-06
2.505e-06
2.5e-06
2.507e-06
2.518e-06
2.522e-06
2.503e-06
2.499e-06
2.506e-06
2.501e-06
2.508e-06
2.503e-06
2.499e-06
2.498e-06
2.51e-06
2.503e-06
2.506e-06
2.5e-06
2.503e-06
2.492e-06
2.511e-06
2.5e-06
2.51e-06
2.516e-06
2.491e-06
2.502e-06
2.513e-06
2.508e-06
2.516e-06
2.503e-06
2.497e-06
2.493e-06
2.494e-06
2.495e-06
2.501e-06
2.5e-06
2.507e-06
