#time [s]
7.473e-06
7.383e-06
7.412e-06
7.432e-06
7.398e-06
7.388e-06
7.415e-06
7.394e-06
7.378e-06
7.395e-06
7.402e-06
7.417e-06
7.387e-06
7.405e-06
7.398e-06
7.379e-06
7.393e-06
7.436e-06
7.38e-06
7.421e-06
7.42e-06
7.387e-06
7.381e-06
7.399e-06
7.401e-06
7.387e-06
7.388e-06
7.406e-06
7.396e-06
7.377e-06
7.401e-06
7.403e-06
7.399e-06
7.383e-06
7.44e-06
7.389e-06
7.385e-06
7.394e-06
7.405e-06
7.379e-06
7.393e-06
7.406e-06
7.387e-06
7.391e-06
7.396e-06
7.404e-06
7.377e-06
7.393e-06
7.403e-06
7.394e-06
7.395e-06
7.401e-06
7.397e-06
7.391e-06
7.391e-06
7.401e-06
7.384e-06
7.376e-06
7.396e-06
7.398e-06
7.376e-06
7.386e-06
7.411e-06
7.389e-06
7.421e-06
7.4e-06
7.411e-06
7.38e-06
7.391e-06
7.404e-06
7.42e-06
7.393e-06
7.406e-06
7.394e-06
7.382e-06
7.429e-06
7.408e-06
7.422e-06
7.388e-06
7.444e-06
7.397e-06
7.382e-06
7.394e-06
7.404e-06
7.402e-06
7.384e-06
7.404e-06
7.393e-06
7.375e-06
7.39e-06
7.399e-06
7.417e-06
7.381e-06
7.403e-06
7.401e-06
7.379e-06
7.393e-06
7.408e-06
7.38e-06
7.382e-06
