#time [s]
0.012329342
0.012300824
0.012152726
0.012699796
0.012258746
0.012312539
0.012139804
0.012197566
0.012260341
0.01231804
0.012325152
0.012261397
0.01231439
0.01233209
0.01230891
0.012170028
0.012266417
0.012192043
0.012279595
0.01212463
0.01233666
0.012314262
0.012445054
0.012157373
0.012321923
0.012255756
0.012420513
0.01394211
0.014109403
0.015597994
0.015755636
0.014822096
0.015823528
0.015567427
0.012730378
0.012367072
0.012346659
0.012279004
0.012928749
0.012367839
0.012480482
0.012146574
0.01211718
0.012248303
0.012304394
0.012121337
0.012333891
0.012462057
0.012307509
0.012148409
0.012151022
0.012276367
0.012276737
0.012122191
0.012227835
0.012285337
0.012532008
0.012308551
0.012260015
0.012347285
0.012464054
0.012147116
0.012109229
0.012348583
0.012296726
0.012303785
0.012440796
0.012308339
0.012748045
0.012343485
0.01222639
0.01232268
0.01238437
0.012301015
0.012194479
0.012665395
0.012904247
0.012273162
0.012183531
0.012246565
0.012334454
0.012401907
0.012150656
0.012137928
0.012274501
0.012605579
0.012402243
0.012108469
0.012227149
0.012284503
0.012271446
0.012227113
0.012269511
0.012229641
0.012361462
0.012123075
0.012289872
0.01222215
0.012385933
0.012108663
