#time [s]
0.001134576
0.001135762
0.001208814
0.001188032
0.001164158
0.001159258
0.001135029
0.001145511
0.00113701
0.001156653
0.001156655
0.001136895
0.001144295
0.001144487
0.001138131
0.001150481
0.001259208
0.001138073
0.001176942
0.001144477
0.001140103
0.001144178
0.001153443
0.001138425
0.001139288
0.001151699
0.001167531
0.001134767
0.001136114
0.001147544
0.001246192
0.001345953
0.00114062
0.001163844
0.001135453
0.001136274
0.001209832
0.00115654
0.00116386
0.001146119
0.001139842
0.001138896
0.001210826
0.001144815
0.001137397
0.001224007
0.001145021
0.001137323
0.00114188
0.001160885
0.001148228
0.00113603
0.001139924
0.001160044
0.001143833
0.001136953
0.001138313
0.001202424
0.001165656
0.001189584
0.001144346
0.001143264
0.001137131
0.001139613
0.001155829
0.001158753
0.001134834
0.001145796
0.001137589
0.001146254
0.001139664
0.001209979
0.00113496
0.001177975
0.001134978
0.00113627
0.001171183
0.001185557
0.001149003
0.001136417
0.001137105
0.001181891
0.00114449
0.001136654
0.001138074
0.001250248
0.001135267
0.001161849
0.001134878
0.001161895
0.00114319
0.001144385
0.001173174
0.001155704
0.001140878
0.001139011
0.001151362
0.001163102
0.001136081
0.001145329
