#time [s]
0.000113687
0.000114018
0.000113996
0.00011404
0.000113847
0.000114
0.000113989
0.00011243
0.000113994
0.000113962
0.000113983
0.000113977
0.000113969
0.000112504
0.00011399
0.00011396
0.000124447
0.000111427
0.000111788
0.00011138
0.000111724
0.000111773
0.000112223
0.000111647
0.000111773
0.000111789
0.000111749
0.00011143
0.000111801
0.000111735
0.000111677
0.000111358
0.000111727
0.000111776
0.00011149
0.000111741
0.000111241
0.000111386
0.000112331
0.000111405
0.000111795
0.000111739
0.000111762
0.000111767
0.00011173
0.000111776
0.000111752
0.000118494
0.000111489
0.000111543
0.000111298
0.000111437
0.000111798
0.000111387
0.00011141
0.000111745
0.000111648
0.00011329
0.000111391
0.000111776
0.000111718
0.000112333
0.000111614
0.000111725
0.000111773
0.000111726
0.000112322
0.000111734
0.00011228
0.00011178
0.000111862
0.000111612
0.000111632
0.000111394
0.000112376
0.000111726
0.000111761
0.000111876
0.000118426
0.000111533
0.000112338
0.000113317
0.000111873
0.000111408
0.000111398
0.000119974
0.000145513
0.000111828
0.000111837
0.000111711
0.000111781
0.000111361
0.000111415
0.000111325
0.000111776
0.000111442
0.000120344
0.000111478
0.000111821
0.000113202
