#time [s]
0.000104302
0.000104147
0.000104104
0.000104082
0.000104097
0.00010408
0.000104078
0.000104111
0.00010409
0.000104086
0.000104107
0.000104083
0.000104068
0.000104083
0.000104076
0.000104075
0.00010408
0.000104088
0.000104054
0.000104101
0.000104089
0.000104059
0.000104096
0.000104093
0.000104059
0.000104082
0.000104098
0.000104058
0.000104065
0.000104087
0.00010408
0.000104081
0.000104096
0.000104088
0.000104093
0.000104077
0.000111071
0.000104176
0.000104107
0.000104109
0.000104078
0.000104061
0.000104077
0.000104066
0.000104069
0.00010408
0.00010407
0.000104058
0.000104117
0.000104098
0.000104068
0.000104086
0.000104074
0.00010407
0.00010409
0.000104095
0.000104059
0.000104086
0.00010409
0.000104057
0.000104055
0.00010408
0.000104052
0.00010404
0.0001041
0.000104065
0.000104057
0.00010407
0.000104073
0.000104079
0.000104079
0.000104074
0.000104052
0.000104087
0.000104215
0.00010411
0.000104155
0.000104093
0.000104079
0.000104077
0.0001041
0.000104095
0.000104084
0.000104087
0.000104111
0.000104079
0.000109455
0.000104115
0.000128457
0.000104191
0.000104131
0.000104078
0.000104073
0.000104088
0.000104052
0.000104089
0.000104102
0.00010407
0.000104053
0.000104054
