#time [s]
2.0685e-05
2.0342e-05
2.0386e-05
2.0339e-05
2.0334e-05
2.0355e-05
2.0362e-05
2.0366e-05
2.0334e-05
2.0345e-05
2.0481e-05
2.0337e-05
2.0341e-05
2.0352e-05
3.8922e-05
2.0445e-05
2.0419e-05
2.0401e-05
2.0348e-05
2.0341e-05
2.0368e-05
2.0363e-05
2.0362e-05
2.0328e-05
2.0454e-05
2.038e-05
2.0356e-05
2.0411e-05
2.0358e-05
2.0367e-05
2.0344e-05
2.0526e-05
2.034e-05
2.0356e-05
2.0349e-05
2.0422e-05
2.0353e-05
2.0354e-05
2.0345e-05
2.0342e-05
2.0444e-05
2.0388e-05
2.0427e-05
2.0332e-05
2.0317e-05
2.0356e-05
2.034e-05
2.0333e-05
2.0345e-05
2.0358e-05
2.0347e-05
2.0317e-05
2.0353e-05
2.0362e-05
2.0356e-05
2.033e-05
2.0334e-05
2.0466e-05
2.0372e-05
2.0322e-05
2.0369e-05
2.0361e-05
2.0329e-05
2.0312e-05
2.0347e-05
2.0336e-05
2.0445e-05
2.0333e-05
2.0356e-05
2.0358e-05
2.0361e-05
2.0325e-05
2.035e-05
2.0377e-05
2.0367e-05
2.0314e-05
2.0357e-05
2.0407e-05
2.0347e-05
2.0343e-05
2.0337e-05
2.0388e-05
2.0353e-05
2.0347e-05
2.0331e-05
2.0373e-05
2.0337e-05
2.0352e-05
2.0422e-05
2.036e-05
2.0349e-05
2.0318e-05
2.0329e-05
2.0466e-05
2.0353e-05
2.033e-05
2.0337e-05
2.0351e-05
2.0353e-05
2.0435e-05
