#time [s]
0.011762789
0.012177655
0.0116703
0.011447057
0.01150072
0.011578887
0.011306975
0.011522665
0.011440555
0.011641285
0.011643605
0.011489669
0.011573027
0.011383737
0.011563456
0.012042555
0.011571617
0.011348884
0.011453725
0.011501149
0.011337663
0.011505847
0.011561574
0.011499172
0.011290592
0.011512594
0.011678344
0.011325274
0.011622764
0.011481808
0.011336025
0.011537412
0.011441559
0.011526172
0.011325476
0.011411341
0.011474037
0.011293289
0.011468286
0.011461265
0.011346012
0.011307896
0.011528039
0.01150436
0.011362282
0.011721655
0.013841932
0.012339852
0.011481801
0.011500634
0.011469681
0.011326899
0.011364545
0.011453516
0.011586407
0.011444697
0.011498358
0.011502203
0.011382517
0.011514227
0.012191777
0.013414138
0.01453596
0.014623467
0.012919924
0.014503959
0.014746743
0.01460652
0.011570957
0.011591077
0.011432757
0.011630265
0.011611204
0.011375717
0.011425618
0.011564677
0.011649981
0.011309175
0.011385773
0.011495144
0.011534932
0.011409118
0.011456778
0.011494247
0.011444884
0.011483045
0.011526157
0.01134107
0.011388097
0.011504076
0.011534912
0.011362125
0.011452506
0.011665483
0.011630931
0.011521921
0.01152084
0.011503575
0.011338224
0.011462143
