#time [s]
0.001162536
0.001193353
0.00125215
0.001177137
0.001169641
0.001181345
0.001166635
0.001313495
0.001296396
0.001237071
0.001160357
0.001154796
0.001194006
0.001160069
0.001169961
0.001202387
0.001195664
0.001157577
0.001288153
0.001156975
0.001201327
0.001242781
0.001157874
0.001201563
0.001159765
0.001159236
0.001188686
0.001231285
0.001155888
0.001201993
0.001299268
0.001195427
0.001168296
0.001163964
0.001178201
0.001197873
0.001203327
0.001163521
0.001186609
0.001173696
0.00118188
0.001306435
0.001191946
0.001158426
0.001179868
0.00118971
0.001165614
0.001197348
0.00116543
0.001194062
0.001176776
0.001168325
0.00117181
0.001188436
0.001194091
0.001155988
0.001208672
0.001157017
0.001160082
0.001201306
0.0011856
0.001171758
0.001217699
0.001155748
0.001156505
0.001169012
0.001209532
0.001156527
0.00116353
0.001185161
0.001179739
0.001161193
0.001177658
0.001201594
0.001200033
0.001169958
0.001237033
0.001167854
0.001197503
0.001197841
0.001167337
0.001188263
0.001198814
0.00117222
0.001172597
0.001172413
0.001171483
0.001183496
0.001251927
0.001236276
0.001168789
0.001174274
0.001190767
0.001199216
0.001176254
0.0011697
0.001169521
0.001176341
0.001156474
0.001326211
