#time [s]
3.5062e-05
3.487e-05
3.504e-05
3.5033e-05
3.5014e-05
3.5024e-05
3.4926e-05
3.5016e-05
3.5012e-05
3.5021e-05
3.5007e-05
3.5003e-05
3.5007e-05
3.5019e-05
3.5009e-05
3.5003e-05
3.5023e-05
3.5044e-05
3.504e-05
3.4997e-05
3.5023e-05
3.4991e-05
3.503e-05
3.5031e-05
3.4997e-05
3.4999e-05
3.5004e-05
3.5028e-05
3.5042e-05
3.5037e-05
3.501e-05
3.5011e-05
3.4995e-05
3.5006e-05
3.5001e-05
3.5011e-05
3.5027e-05
3.499e-05
3.5043e-05
3.5015e-05
3.5009e-05
3.5022e-05
3.5012e-05
3.4998e-05
3.5005e-05
3.503e-05
3.5e-05
3.5018e-05
3.4996e-05
3.4997e-05
3.5029e-05
3.5027e-05
3.4998e-05
3.4999e-05
3.5017e-05
3.5005e-05
3.5006e-05
3.4981e-05
3.5029e-05
3.5018e-05
3.5016e-05
3.4998e-05
3.5023e-05
3.5016e-05
3.5057e-05
3.5073e-05
3.4896e-05
3.4883e-05
3.4896e-05
3.5047e-05
3.5022e-05
3.5022e-05
3.489e-05
3.4888e-05
3.4998e-05
3.5013e-05
3.5022e-05
3.5026e-05
3.5044e-05
3.5019e-05
3.5028e-05
3.5012e-05
3.5029e-05
3.5011e-05
3.5028e-05
3.5019e-05
3.5023e-05
3.4999e-05
3.5011e-05
3.5043e-05
3.5018e-05
3.502e-05
3.5019e-05
3.5028e-05
3.5012e-05
3.5012e-05
3.6686e-05
3.6563e-05
3.6349e-05
4.8244e-05
