#time [s]
2.0283e-05
2.0222e-05
2.0247e-05
2.022e-05
2.0192e-05
2.0198e-05
2.0229e-05
2.0225e-05
2.0204e-05
2.0184e-05
2.0256e-05
2.0246e-05
2.0235e-05
2.0197e-05
2.0213e-05
2.0241e-05
2.0264e-05
2.0202e-05
2.0214e-05
2.0201e-05
2.0245e-05
2.0229e-05
2.0202e-05
2.0213e-05
2.0214e-05
2.0252e-05
2.0213e-05
2.0191e-05
2.0198e-05
2.0224e-05
2.4495e-05
2.0236e-05
2.023e-05
2.0219e-05
2.0238e-05
2.0242e-05
2.0205e-05
2.0209e-05
2.0258e-05
2.0244e-05
2.0197e-05
2.0181e-05
2.0216e-05
2.0217e-05
2.0242e-05
2.0204e-05
2.0192e-05
2.0237e-05
2.0241e-05
2.0236e-05
2.0205e-05
2.0206e-05
2.0239e-05
2.0231e-05
2.0195e-05
2.0197e-05
2.0223e-05
2.0239e-05
2.0219e-05
2.0214e-05
2.0225e-05
2.0223e-05
2.0226e-05
2.0218e-05
2.0197e-05
2.0232e-05
2.0231e-05
2.0212e-05
2.0205e-05
2.0201e-05
2.0241e-05
2.0231e-05
2.0199e-05
2.0201e-05
2.0211e-05
2.0221e-05
2.0237e-05
2.0204e-05
2.0216e-05
2.0211e-05
2.0262e-05
2.0203e-05
2.0208e-05
2.0203e-05
2.0239e-05
2.0223e-05
2.0207e-05
2.0221e-05
2.0225e-05
2.0216e-05
2.0231e-05
2.0207e-05
2.0223e-05
2.0218e-05
2.0211e-05
2.0209e-05
2.6888e-05
2.8517e-05
2.0926e-05
3.5877e-05
