#time [s]
0.000354379
0.000420266
0.000345519
0.000345582
0.000363564
0.000348239
0.000347369
0.000345074
0.000347125
0.000345207
0.000347061
0.000346034
0.000353458
0.000346633
0.000346672
0.000359137
0.000347984
0.000354506
0.00037534
0.000353223
0.000347756
0.000351461
0.000347951
0.0003977
0.000416502
0.000345445
0.000345465
0.0003451
0.000345161
0.000345349
0.000345171
0.000345935
0.00034519
0.000347003
0.000347114
0.000354855
0.000347835
0.000346742
0.000352251
0.000347927
0.000347809
0.000349919
0.000347862
0.000347843
0.000371913
0.000385259
0.000345241
0.000345405
0.000345395
0.000368262
0.00034516
0.000345287
0.000345288
0.000350574
0.000368791
0.000356904
0.000345221
0.000345443
0.000351114
0.000347365
0.000347719
0.000345925
0.000351052
0.000401513
0.000370338
0.000354998
0.000417938
0.000345451
0.000345328
0.000355676
0.000350888
0.000390339
0.000371062
0.000347245
0.000345368
0.000353472
0.000345485
0.000347305
0.000346078
0.000346067
0.000346941
0.000346873
0.00034914
0.00034805
0.000350008
0.000349687
0.00034697
0.00034686
0.000402992
0.000350215
0.000367574
0.000345282
0.000345268
0.000368429
0.000378055
0.00034558
0.000345715
0.000345421
0.000345369
0.000345421
