#time [s]
0.001039102
0.001003236
0.001004883
0.001013831
0.001010546
0.001009025
0.001077613
0.001077985
0.001020754
0.001030269
0.001022396
0.001009154
0.001014217
0.00103328
0.001010166
0.001009252
0.001049475
0.001041387
0.001004117
0.001005093
0.001006988
0.001018142
0.001121798
0.00103904
0.001036262
0.001004478
0.001003366
0.001003406
0.001021761
0.001005573
0.001012807
0.001011367
0.001025915
0.001039699
0.001027513
0.001003439
0.001074861
0.00105231
0.001043762
0.001014641
0.001005371
0.001041456
0.001008488
0.001054442
0.001003555
0.001005302
0.001005609
0.001011046
0.001011171
0.00101165
0.001016265
0.001039856
0.001007657
0.001062337
0.001034161
0.001004058
0.001004795
0.001006073
0.001038131
0.001015252
0.001053239
0.001003068
0.00101649
0.001006783
0.001007773
0.001012673
0.001109197
0.001004442
0.001063735
0.001036115
0.001004032
0.001004946
0.00100996
0.001023168
0.001009191
0.001016613
0.001008508
0.001021917
0.001004753
0.001004797
0.001011299
0.001104509
0.001004254
0.00104615
0.001012862
0.001005223
0.001036984
0.001003526
0.00102052
0.001009879
0.001013343
0.001011811
0.001012894
0.001009041
0.001007539
0.001044574
0.001104696
0.001004948
0.001039997
0.001015091
