#time [s]
7.09e-07
6.45e-07
6.32e-07
6.14e-07
6.46e-07
6.11e-07
6.28e-07
6.1e-07
6.29e-07
6.12e-07
6.39e-07
6.11e-07
6.13e-07
6.14e-07
6.14e-07
6.13e-07
6.13e-07
6.15e-07
6.15e-07
6.15e-07
6.15e-07
6.15e-07
6.15e-07
6.27e-07
6.27e-07
6.14e-07
6.16e-07
6.15e-07
6.15e-07
6.25e-07
6.14e-07
6.14e-07
6.14e-07
6.13e-07
6.13e-07
6.15e-07
6.14e-07
6.16e-07
6.14e-07
6.13e-07
6.14e-07
6.15e-07
6.14e-07
6.14e-07
6.13e-07
6.14e-07
6.12e-07
6.14e-07
6.14e-07
6.14e-07
6.14e-07
6.15e-07
6.14e-07
6.14e-07
6.15e-07
6.15e-07
6.15e-07
6.16e-07
6.15e-07
6.17e-07
6.16e-07
6.16e-07
6.17e-07
6.15e-07
6.16e-07
6.16e-07
6.17e-07
6.17e-07
6.15e-07
6.16e-07
6.16e-07
6.14e-07
6.16e-07
6.14e-07
6.14e-07
6.15e-07
6.15e-07
6.15e-07
6.15e-07
6.12e-07
6.14e-07
6.14e-07
6.14e-07
6.14e-07
6.13e-07
6.15e-07
6.15e-07
6.14e-07
6.14e-07
6.15e-07
6.14e-07
6.16e-07
6.13e-07
6.13e-07
6.16e-07
6.14e-07
6.16e-07
6.16e-07
6.15e-07
6.16e-07
