#time [s]
0.001504698
0.001514234
0.001498101
0.001566573
0.001544524
0.001524523
0.001504914
0.001499083
0.001501151
0.001515819
0.001531565
0.001495965
0.001508481
0.001502193
0.001504431
0.001632765
0.001549682
0.001504374
0.001497437
0.001502031
0.001517847
0.001504333
0.001510917
0.001526051
0.001497442
0.001499038
0.00162955
0.001522922
0.001496267
0.001525436
0.001496012
0.001512319
0.001500796
0.00150463
0.001507638
0.001531516
0.001495896
0.00161283
0.001507134
0.001496035
0.001505577
0.001509581
0.001517755
0.00149809
0.00150181
0.001513215
0.001502808
0.001506057
0.001612325
0.001496368
0.001521741
0.00150546
0.001500376
0.001507659
0.001538957
0.001498065
0.001501027
0.001518679
0.001498225
0.001676873
0.001887628
0.001513677
0.001505957
0.001498261
0.001506632
0.001523281
0.001521603
0.001506082
0.00149748
0.001499884
0.001597833
0.00151526
0.001496341
0.001521822
0.001497556
0.001500376
0.001515853
0.001499153
0.001529402
0.001513796
0.001496111
0.001554105
0.001549753
0.001586252
0.001519573
0.001501877
0.001501405
0.001532333
0.001499094
0.001518294
0.001507556
0.0014989
0.001525177
0.001598721
0.001509364
0.001510005
0.001518767
0.001501118
0.001534127
0.001497488
