#time [s]
0.001061865
0.001058628
0.001058305
0.001156523
0.001057787
0.001084125
0.001065323
0.001067546
0.001059113
0.001059642
0.001060314
0.001071682
0.001079167
0.001057386
0.001058796
0.001068657
0.001059727
0.001060596
0.001057962
0.001166433
0.001057792
0.0011024
0.001057347
0.001090929
0.001063004
0.001059617
0.001062937
0.001072965
0.001059142
0.001060339
0.001081987
0.001057975
0.001065154
0.001059241
0.001072558
0.001125325
0.001084415
0.0010746
0.001066081
0.001076351
0.001057178
0.001065347
0.001073522
0.001059774
0.001063432
0.001065699
0.001067779
0.001058639
0.001077991
0.001065599
0.001131139
0.001123033
0.001100049
0.001090327
0.001066765
0.001058507
0.001057701
0.001059469
0.001085751
0.001059208
0.001059289
0.001077729
0.00106782
0.001059106
0.0010595
0.001079941
0.001207431
0.001065366
0.001085787
0.001066078
0.001058627
0.001059306
0.001059595
0.001077173
0.001076917
0.001057312
0.001059624
0.001070008
0.001059964
0.00106022
0.001058752
0.001069692
0.001159927
0.001087622
0.001064084
0.00105913
0.001059314
0.001059635
0.001075241
0.001059025
0.001058877
0.001060195
0.001087196
0.001063893
0.001059152
0.001059461
0.001070216
0.001150726
0.001086087
0.001057549
