#time [s]
9.4264e-05
8.6567e-05
8.6892e-05
8.6766e-05
8.6823e-05
8.9082e-05
8.6798e-05
8.6501e-05
8.6915e-05
8.6491e-05
8.6762e-05
8.6487e-05
0.000105605
8.6519e-05
8.6766e-05
8.6817e-05
8.6814e-05
8.6426e-05
8.6427e-05
8.6421e-05
8.644e-05
8.6447e-05
8.6771e-05
8.6789e-05
8.644e-05
9.2691e-05
8.6438e-05
8.6779e-05
8.6443e-05
8.6307e-05
8.644e-05
8.6381e-05
8.6417e-05
8.6433e-05
8.6403e-05
8.6806e-05
8.6405e-05
8.68e-05
8.6417e-05
8.6402e-05
8.6417e-05
8.6404e-05
8.7392e-05
8.6402e-05
8.7396e-05
8.6444e-05
8.6432e-05
8.7338e-05
8.6418e-05
8.641e-05
8.7385e-05
8.6418e-05
8.6421e-05
9.3568e-05
8.6543e-05
8.686e-05
8.7389e-05
8.6771e-05
8.687e-05
8.6448e-05
8.6784e-05
8.676e-05
8.6753e-05
8.6759e-05
8.6772e-05
8.7991e-05
8.6771e-05
8.6775e-05
8.6793e-05
8.6411e-05
8.6394e-05
8.7984e-05
8.6393e-05
8.6424e-05
8.6423e-05
8.6423e-05
8.6445e-05
8.6423e-05
8.642e-05
8.6413e-05
8.644e-05
8.6417e-05
8.6411e-05
8.6425e-05
8.6312e-05
8.6388e-05
8.6402e-05
8.7413e-05
8.6405e-05
8.6418e-05
8.6316e-05
8.6404e-05
8.6409e-05
9.3692e-05
8.6542e-05
8.6852e-05
8.6847e-05
8.6846e-05
8.6441e-05
8.6456e-05
