#time [s]
4.314e-06
4.299e-06
4.273e-06
4.277e-06
4.276e-06
4.258e-06
4.27e-06
4.265e-06
4.278e-06
4.28e-06
4.272e-06
4.268e-06
2.1453e-05
4.379e-06
4.314e-06
4.28e-06
4.274e-06
4.294e-06
4.276e-06
4.277e-06
4.27e-06
4.273e-06
4.278e-06
4.282e-06
4.278e-06
4.275e-06
4.264e-06
4.272e-06
4.277e-06
4.288e-06
4.277e-06
4.276e-06
4.266e-06
4.271e-06
4.278e-06
4.284e-06
4.278e-06
4.276e-06
4.267e-06
4.272e-06
4.28e-06
4.283e-06
4.278e-06
4.272e-06
4.265e-06
4.271e-06
4.28e-06
4.283e-06
4.278e-06
4.276e-06
4.267e-06
4.277e-06
4.28e-06
4.284e-06
4.278e-06
4.273e-06
4.269e-06
4.272e-06
4.282e-06
4.283e-06
4.28e-06
4.272e-06
4.271e-06
4.27e-06
4.279e-06
4.281e-06
4.282e-06
4.271e-06
4.267e-06
4.274e-06
4.282e-06
4.289e-06
4.282e-06
4.276e-06
4.272e-06
4.273e-06
4.284e-06
4.283e-06
4.282e-06
4.267e-06
4.271e-06
4.272e-06
4.281e-06
4.283e-06
4.28e-06
4.269e-06
4.272e-06
4.274e-06
4.285e-06
4.283e-06
4.28e-06
4.27e-06
4.273e-06
4.278e-06
4.279e-06
4.285e-06
4.273e-06
4.273e-06
4.268e-06
4.278e-06
