#time [s]
2.5904e-05
2.6559e-05
2.6479e-05
2.6472e-05
2.5854e-05
2.5829e-05
2.5862e-05
2.583e-05
2.5824e-05
2.5809e-05
2.5847e-05
2.6438e-05
2.5853e-05
2.5845e-05
2.6465e-05
2.5842e-05
2.6441e-05
2.6441e-05
2.5844e-05
2.5823e-05
2.5819e-05
2.5837e-05
2.5852e-05
2.6443e-05
2.5838e-05
2.5823e-05
2.583e-05
2.5844e-05
2.5853e-05
2.5824e-05
2.5838e-05
2.5822e-05
2.5819e-05
2.5806e-05
2.5811e-05
2.5821e-05
2.5845e-05
2.5837e-05
2.5834e-05
2.5853e-05
2.5842e-05
2.5843e-05
2.5832e-05
2.5832e-05
2.585e-05
2.5833e-05
2.5838e-05
2.5815e-05
2.5823e-05
2.6443e-05
2.5838e-05
2.583e-05
2.5822e-05
2.5822e-05
2.5833e-05
2.5828e-05
2.5834e-05
2.5824e-05
2.5834e-05
2.5823e-05
2.5827e-05
2.5808e-05
2.5807e-05
2.5825e-05
2.5822e-05
2.6448e-05
2.582e-05
2.5853e-05
2.5833e-05
2.5834e-05
2.583e-05
2.585e-05
2.5832e-05
2.583e-05
2.5806e-05
2.5808e-05
2.584e-05
2.581e-05
2.6425e-05
2.5827e-05
2.5823e-05
2.584e-05
2.5835e-05
2.585e-05
2.5847e-05
2.5832e-05
2.5824e-05
2.5814e-05
2.5854e-05
2.5819e-05
2.5933e-05
2.582e-05
2.5815e-05
2.643e-05
2.5822e-05
2.5818e-05
2.5854e-05
2.646e-05
2.5853e-05
2.5821e-05
