#time [s]
0.000248616
0.000245341
0.000253205
0.00024524
0.000245184
0.00024503
0.000245079
0.000258156
0.000245295
0.000245087
0.000245041
0.0002481
0.00025035
0.000245036
0.000246947
0.000245001
0.000249275
0.000245004
0.000246834
0.000245212
0.000245028
0.000246921
0.000255348
0.000245729
0.000245336
0.000245255
0.000245328
0.000245183
0.000250457
0.000252588
0.000245439
0.000245278
0.00025022
0.000245174
0.000250103
0.000251172
0.000247585
0.000297952
0.000245652
0.000311028
0.000245341
0.000245046
0.000245129
0.000245152
0.000247155
0.000277581
0.000300029
0.000245376
0.000245187
0.00024521
0.000245086
0.000245089
0.000254324
0.000245477
0.000246837
0.000245158
0.000245146
0.000245054
0.000247496
0.00024531
0.000245037
0.000246903
0.000259647
0.000248328
0.000245194
0.000247133
0.000245206
0.000245122
0.000248762
0.000245392
0.000245282
0.000245149
0.000249543
0.000245111
0.000245141
0.000244927
0.000249959
0.000245086
0.000265082
0.000245112
0.000245082
0.000245039
0.000254738
0.000245437
0.000245053
0.000245148
0.000245096
0.000246786
0.000245045
0.000245039
0.000246532
0.000245119
0.000245043
0.000245048
0.000247011
0.000245057
0.000262027
0.000252685
0.000287104
0.000294908
