#time [s]
1.65e-06
1.487e-06
1.483e-06
1.469e-06
1.474e-06
1.468e-06
1.465e-06
1.474e-06
1.465e-06
1.473e-06
1.47e-06
1.459e-06
1.472e-06
1.46e-06
1.472e-06
1.474e-06
1.474e-06
1.474e-06
1.467e-06
1.475e-06
1.468e-06
1.477e-06
1.476e-06
1.464e-06
1.474e-06
1.462e-06
1.472e-06
1.473e-06
1.464e-06
1.471e-06
1.471e-06
1.471e-06
1.485e-06
1.469e-06
1.47e-06
1.463e-06
1.471e-06
1.467e-06
1.474e-06
1.475e-06
1.473e-06
1.471e-06
1.468e-06
1.47e-06
1.468e-06
1.468e-06
1.466e-06
1.469e-06
1.468e-06
1.467e-06
1.468e-06
1.466e-06
1.469e-06
1.463e-06
1.47e-06
1.471e-06
1.465e-06
1.473e-06
1.472e-06
1.466e-06
1.472e-06
1.465e-06
1.471e-06
1.471e-06
1.469e-06
1.47e-06
1.487e-06
1.467e-06
1.464e-06
1.467e-06
1.465e-06
1.469e-06
1.47e-06
1.471e-06
1.472e-06
1.465e-06
1.472e-06
1.466e-06
1.472e-06
1.465e-06
1.472e-06
1.47e-06
1.47e-06
1.469e-06
1.465e-06
1.469e-06
1.461e-06
1.467e-06
1.467e-06
1.462e-06
1.469e-06
1.47e-06
1.464e-06
1.471e-06
1.465e-06
1.473e-06
1.473e-06
1.473e-06
1.472e-06
1.495e-06
