#time [s]
1.059e-05
1.0432e-05
1.0415e-05
1.0379e-05
1.0359e-05
1.035e-05
1.0332e-05
1.0371e-05
1.0344e-05
1.033e-05
1.0362e-05
1.0316e-05
1.0336e-05
1.035e-05
1.0331e-05
1.0358e-05
1.0335e-05
1.0326e-05
1.0348e-05
1.0314e-05
1.0348e-05
1.0334e-05
1.0311e-05
1.0351e-05
1.0327e-05
1.0339e-05
1.0352e-05
1.0327e-05
1.0339e-05
1.0344e-05
3.3092e-05
1.0501e-05
1.0396e-05
1.0366e-05
1.038e-05
1.0336e-05
1.0337e-05
1.0385e-05
1.0335e-05
1.0352e-05
1.7889e-05
1.0528e-05
1.0378e-05
1.0379e-05
1.0383e-05
1.0337e-05
1.0355e-05
1.0348e-05
1.0335e-05
1.0342e-05
1.0342e-05
1.0349e-05
1.0344e-05
1.0332e-05
1.0356e-05
1.0333e-05
1.0333e-05
1.0352e-05
1.0328e-05
1.0349e-05
1.0343e-05
1.0322e-05
1.0348e-05
1.0324e-05
1.0344e-05
1.0342e-05
1.035e-05
1.0359e-05
1.0354e-05
1.0338e-05
1.0344e-05
1.0312e-05
1.0352e-05
1.0328e-05
1.0325e-05
1.0349e-05
1.0319e-05
1.0344e-05
1.0345e-05
1.0324e-05
1.0356e-05
1.0325e-05
1.0324e-05
1.0347e-05
1.0313e-05
1.0334e-05
1.0341e-05
1.0326e-05
1.0359e-05
1.0326e-05
1.0329e-05
1.0337e-05
1.0325e-05
1.0377e-05
1.0337e-05
1.0337e-05
1.0346e-05
1.0319e-05
1.0353e-05
1.0335e-05
