#time [s]
0.000424517
0.000417526
0.000417463
0.000417496
0.00041732
0.000417371
0.000417404
0.000417411
0.000428283
0.000417531
0.000417392
0.000417483
0.000417342
0.000417282
0.000417381
0.000417366
0.000417429
0.000417442
0.00042441
0.000417487
0.000417414
0.000417395
0.000417434
0.000422959
0.0004175
0.000417459
0.000417362
0.000417433
0.00042454
0.000439756
0.000457825
0.000417504
0.000417525
0.00041738
0.000425883
0.0004174
0.000417457
0.000417318
0.000423426
0.000417527
0.000417434
0.000417447
0.000417426
0.000417406
0.000417366
0.000432868
0.000417379
0.000417456
0.000417445
0.000430714
0.000417447
0.000417584
0.000417402
0.000417417
0.000417541
0.000417469
0.000417319
0.000417407
0.000417136
0.000424833
0.000417428
0.000417549
0.000417321
0.000417392
0.000417349
0.000417449
0.000417454
0.000422647
0.00042476
0.000462437
0.00043708
0.000421323
0.000417455
0.000417319
0.000429776
0.000417549
0.000417447
0.000417428
0.000423925
0.000417504
0.000417299
0.00041746
0.000417297
0.000417385
0.000417423
0.00041734
0.000417414
0.000417476
0.000427715
0.000417526
0.00042291
0.000417494
0.000417332
0.000417561
0.000417374
0.000417299
0.000417371
0.000424698
0.000417371
0.000417493
