#time [s]
2.165e-06
2.126e-06
2.125e-06
2.121e-06
2.122e-06
2.118e-06
2.116e-06
2.118e-06
2.117e-06
2.121e-06
2.124e-06
2.122e-06
2.126e-06
2.128e-06
2.122e-06
2.121e-06
2.122e-06
2.118e-06
2.115e-06
2.119e-06
2.118e-06
2.122e-06
2.124e-06
2.124e-06
2.127e-06
2.126e-06
2.123e-06
2.121e-06
2.12e-06
2.119e-06
2.115e-06
2.117e-06
2.118e-06
2.121e-06
2.121e-06
2.121e-06
2.128e-06
2.122e-06
2.12e-06
2.12e-06
2.118e-06
2.12e-06
2.114e-06
2.115e-06
2.118e-06
2.119e-06
2.121e-06
2.122e-06
2.12e-06
2.121e-06
2.121e-06
2.119e-06
2.118e-06
2.118e-06
2.113e-06
2.115e-06
2.12e-06
2.119e-06
2.122e-06
2.122e-06
2.124e-06
2.12e-06
2.121e-06
2.117e-06
2.117e-06
2.115e-06
2.114e-06
2.116e-06
2.122e-06
2.119e-06
2.121e-06
2.121e-06
2.123e-06
2.124e-06
2.12e-06
2.118e-06
2.117e-06
2.116e-06
2.116e-06
2.118e-06
2.123e-06
2.119e-06
2.122e-06
2.123e-06
2.127e-06
2.12e-06
2.12e-06
2.117e-06
2.112e-06
2.117e-06
2.114e-06
2.118e-06
2.12e-06
2.12e-06
2.123e-06
2.123e-06
2.127e-06
2.119e-06
2.124e-06
2.118e-06
