#time [s]
9.32e-07
8.66e-07
8.63e-07
8.57e-07
8.59e-07
8.57e-07
8.59e-07
8.57e-07
8.55e-07
8.57e-07
8.58e-07
8.55e-07
8.57e-07
8.61e-07
8.59e-07
8.63e-07
8.6e-07
8.62e-07
8.74e-07
8.59e-07
8.58e-07
8.6e-07
8.72e-07
8.6e-07
8.6e-07
8.57e-07
8.55e-07
8.59e-07
8.56e-07
8.55e-07
8.57e-07
8.81e-07
8.67e-07
8.7e-07
8.73e-07
8.67e-07
8.74e-07
8.71e-07
8.74e-07
8.72e-07
8.6e-07
8.73e-07
8.76e-07
8.72e-07
8.77e-07
8.75e-07
8.77e-07
8.6e-07
8.61e-07
8.74e-07
8.76e-07
8.57e-07
8.62e-07
8.6e-07
8.59e-07
8.73e-07
8.59e-07
8.58e-07
8.73e-07
8.7e-07
8.58e-07
8.7e-07
8.74e-07
8.71e-07
8.6e-07
8.56e-07
8.6e-07
8.6e-07
8.57e-07
8.73e-07
8.76e-07
8.73e-07
8.61e-07
8.58e-07
8.59e-07
8.62e-07
8.56e-07
8.75e-07
8.62e-07
8.72e-07
8.74e-07
8.72e-07
8.75e-07
8.58e-07
8.56e-07
8.58e-07
8.73e-07
8.54e-07
8.59e-07
8.58e-07
8.55e-07
8.58e-07
8.56e-07
8.71e-07
8.74e-07
8.71e-07
8.61e-07
8.57e-07
8.77e-07
8.73e-07
