#time [s]
0.000467408
0.000468771
0.000467078
0.000469139
0.000470389
0.000466456
0.000466428
0.000466366
0.000469835
0.000472327
0.000480401
0.000496471
0.000471777
0.000467569
0.000487944
0.000477084
0.000467699
0.000484662
0.000474186
0.000466407
0.000467872
0.000467559
0.000474797
0.000474011
0.00048189
0.000469151
0.00047894
0.000468733
0.000466271
0.00046636
0.000466416
0.000466388
0.000468086
0.000466892
0.000486774
0.000469918
0.000466576
0.000466473
0.000466529
0.000468065
0.000572558
0.000505875
0.000467934
0.00047179
0.000470652
0.000483672
0.000472356
0.00046787
0.000467764
0.000481413
0.000659949
0.00046707
0.000466651
0.000466694
0.000468291
0.000467337
0.000469088
0.000468199
0.00047329
0.000469611
0.000471284
0.00046933
0.000568421
0.00058348
0.000585145
0.000529607
0.000499946
0.000500092
0.000500103
0.000501935
0.000472752
0.00048266
0.000466684
0.00046886
0.000468469
0.000471143
0.000589026
0.000835873
0.000466253
0.000466377
0.000466246
0.000466369
0.000478566
0.000521584
0.000611072
0.000611325
0.000507451
0.000466268
0.000466175
0.000466083
0.000466271
0.000466241
0.000466099
0.000476951
0.000467146
0.000468784
0.000471649
0.000468798
0.000470641
0.000480112
