#time [s]
0.000884091
0.000885517
0.000878183
0.000898302
0.000886499
0.000877375
0.000878362
0.000878632
0.000908432
0.000917
0.000877368
0.000904854
0.000883913
0.000877875
0.000894617
0.000876839
0.000878164
0.000892347
0.000877698
0.000877962
0.000879119
0.000890407
0.000885989
0.000878031
0.000879283
0.000909181
0.00088728
0.000879313
0.001000683
0.000903755
0.000877588
0.000885382
0.000878359
0.000886308
0.000879522
0.000910083
0.000877498
0.000876998
0.000879428
0.000878751
0.000895421
0.000879678
0.000882135
0.000887681
0.000877846
0.000887725
0.00097675
0.000877604
0.000903545
0.000877085
0.000886347
0.000879772
0.000877437
0.000877512
0.000886766
0.000894522
0.000878061
0.000896662
0.000876894
0.000887408
0.000879064
0.000877457
0.000878538
0.000886345
0.000928516
0.000903324
0.000878291
0.000907315
0.000877546
0.000885313
0.000879068
0.000879035
0.00087907
0.000879165
0.000892258
0.0008874
0.000878074
0.000877787
0.000896494
0.000890162
0.000882699
0.000881899
0.000877714
0.000958356
0.000894849
0.000920262
0.000908356
0.000877738
0.000885469
0.000898992
0.000876895
0.000876904
0.000879059
0.000891745
0.000879489
0.000879638
0.000887775
0.000877963
0.000897952
0.000883462
