#time [s]
3.363e-06
3.326e-06
3.329e-06
3.323e-06
3.323e-06
3.334e-06
3.327e-06
3.326e-06
3.323e-06
3.317e-06
3.316e-06
3.325e-06
3.327e-06
3.33e-06
3.339e-06
3.324e-06
3.321e-06
3.324e-06
3.318e-06
3.323e-06
3.336e-06
3.33e-06
3.33e-06
3.325e-06
3.316e-06
3.319e-06
3.326e-06
3.326e-06
3.33e-06
3.335e-06
3.33e-06
3.324e-06
3.318e-06
3.314e-06
3.324e-06
3.326e-06
3.331e-06
3.331e-06
3.326e-06
3.323e-06
3.32e-06
3.339e-06
3.325e-06
3.329e-06
3.331e-06
3.329e-06
3.326e-06
3.324e-06
3.32e-06
3.324e-06
3.325e-06
3.33e-06
3.332e-06
3.327e-06
3.317e-06
3.319e-06
3.324e-06
3.324e-06
3.33e-06
3.334e-06
3.333e-06
3.326e-06
3.34e-06
3.316e-06
3.32e-06
3.33e-06
3.326e-06
3.331e-06
3.327e-06
3.323e-06
3.319e-06
3.324e-06
3.32e-06
3.348e-06
3.33e-06
3.331e-06
3.328e-06
3.319e-06
3.32e-06
3.32e-06
3.322e-06
3.329e-06
3.332e-06
3.329e-06
3.326e-06
3.321e-06
3.323e-06
3.322e-06
3.327e-06
3.331e-06
3.332e-06
3.329e-06
3.328e-06
3.319e-06
3.312e-06
3.327e-06
3.325e-06
3.329e-06
3.328e-06
3.326e-06
