#time [s]
0.000896723
0.000870072
0.000870234
0.000863239
0.000867806
0.000873343
0.000867241
0.000869203
0.000863197
0.000936836
0.000874556
0.000860317
0.00089035
0.000860247
0.000868789
0.000860979
0.000863508
0.000863093
0.000864078
0.000874994
0.000861892
0.00088536
0.000875956
0.000872627
0.000862847
0.000863988
0.000862615
0.000862589
0.000945746
0.000861777
0.000891049
0.000860136
0.000875817
0.000861204
0.000864044
0.000862367
0.000862745
0.000864198
0.000863967
0.000861659
0.000861588
0.000872465
0.000881742
0.000866721
0.000860062
0.000861166
0.000862277
0.000954368
0.000860214
0.000886268
0.00086846
0.000861325
0.000860832
0.000893651
0.000872953
0.000861523
0.000862001
0.000863451
0.000863813
0.000878311
0.000868936
0.000861689
0.000862826
0.000885116
0.00087827
0.000926147
0.000892748
0.000892639
0.000935339
0.000861908
0.000861718
0.000863887
0.000860728
0.000895134
0.000862488
0.000864654
0.000868512
0.000864092
0.000907156
0.000862096
0.000869426
0.000870063
0.000874316
0.000910687
0.00089159
0.000880117
0.000893578
0.000873545
0.000861609
0.000863191
0.000863274
0.000863009
0.000884782
0.000862957
0.00089004
0.000861668
0.000861022
0.000870539
0.000866415
0.000862953
