#time [s]
0.000388663
0.000387351
0.00037915
0.000379094
0.000379059
0.000384772
0.000387045
0.000379219
0.000379094
0.000379076
0.000379079
0.000379081
0.00037911
0.000379062
0.000379075
0.000379085
0.000379102
0.000386297
0.000379172
0.000379092
0.00037908
0.000379072
0.000379064
0.000379044
0.000454439
0.000380355
0.000379105
0.000386318
0.000379213
0.000385161
0.000379113
0.000379112
0.000379082
0.000379077
0.0003791
0.000379076
0.000379062
0.00037907
0.000390696
0.00037955
0.000379203
0.00037911
0.000379105
0.000379079
0.000379103
0.000378897
0.000379088
0.000379106
0.000379065
0.000382313
0.000379114
0.000379109
0.000379085
0.000380399
0.000379064
0.000378942
0.000379057
0.000379084
0.00037906
0.000387407
0.000387483
0.000410424
0.000443136
0.000395777
0.000379072
0.000404845
0.000387813
0.000379091
0.000379067
0.000379185
0.000406856
0.000383884
0.000379075
0.000379199
0.000379091
0.000379068
0.000396811
0.000387236
0.000379058
0.000388128
0.000391797
0.000465389
0.000391544
0.000379098
0.000389822
0.000381682
0.000379113
0.000378945
0.000379082
0.000378917
0.000378902
0.000394145
0.000391087
0.000380132
0.000379095
0.000379065
0.000378896
0.00037909
0.000379075
0.000402797
