#time [s]
0.000670742
0.000648734
0.000648245
0.000649302
0.000647988
0.000659339
0.000649967
0.000648111
0.00065435
0.000650235
0.000647915
0.000672372
0.00073724
0.000670583
0.000667579
0.000674738
0.000648225
0.000656457
0.000648205
0.000648961
0.000647651
0.000647689
0.000648766
0.000649689
0.00064906
0.000649776
0.000657652
0.000652671
0.000658428
0.000668789
0.000657704
0.000648142
0.00064776
0.000647883
0.000649155
0.000651759
0.000658348
0.000658689
0.000738651
0.000649125
0.000693469
0.000664748
0.000675337
0.000666122
0.000648018
0.000647774
0.00064752
0.000648728
0.000649038
0.000661961
0.000648882
0.000649951
0.000648029
0.000649035
0.000655674
0.000662971
0.000661375
0.000657797
0.000678078
0.000648092
0.000647802
0.000659391
0.000665108
0.000723457
0.000648034
0.000675989
0.000648291
0.000656342
0.000648147
0.000656185
0.000647973
0.000654943
0.000665267
0.000647678
0.000648729
0.000647999
0.00064927
0.000649267
0.00065151
0.000649141
0.000659268
0.000650953
0.000650837
0.000656428
0.000657564
0.000650492
0.000672582
0.000671567
0.000735517
0.000648316
0.000674549
0.000648379
0.000647762
0.000655903
0.000649287
0.000649485
0.000647717
0.000655412
0.000649484
0.000665696
