#time [s]
0.000859993
0.000857489
0.000952629
0.000857431
0.000857141
0.000883779
0.000872932
0.000858931
0.000857182
0.000859394
0.000880188
0.000869654
0.000856613
0.00085786
0.000862523
0.000869268
0.000861767
0.000869519
0.000857921
0.00086243
0.000874735
0.000878747
0.001331262
0.001140827
0.000885441
0.000857484
0.000857188
0.000864935
0.000858834
0.000873324
0.000860113
0.000878529
0.000857501
0.000857331
0.000868859
0.000859384
0.000862698
0.000861307
0.000864196
0.000867786
0.00099579
0.000899416
0.000874635
0.000865137
0.000857336
0.000858791
0.000859551
0.000865503
0.000887015
0.000864142
0.000861924
0.000857507
0.000857307
0.000889136
0.000859846
0.000858459
0.000857466
0.000857328
0.000909837
0.000882516
0.000885822
0.000857522
0.000857075
0.000867051
0.000880298
0.000858745
0.000865568
0.000860978
0.000877633
0.00085776
0.000865995
0.000859292
0.000859346
0.000870812
0.000858861
0.00087841
0.000856721
0.000871343
0.000926228
0.000857397
0.000884716
0.00086355
0.000856795
0.000858805
0.000858617
0.000858729
0.000878431
0.000870174
0.000857163
0.000876481
0.000859857
0.000858848
0.0008934
0.00085836
0.000862829
0.0008571
0.000857311
0.000933329
0.000857306
0.000857005
