#time [s]
0.002191973
0.002184417
0.002205748
0.002168059
0.002241132
0.002238024
0.002173606
0.00219885
0.002204784
0.002198414
0.002170391
0.002275044
0.002191962
0.00222113
0.002194965
0.002167594
0.002207605
0.002170406
0.002248068
0.002196053
0.00220455
0.002169341
0.002191801
0.002179047
0.002176501
0.002251474
0.00220639
0.00217661
0.002181258
0.002205463
0.002176031
0.002186507
0.002179935
0.002241377
0.002219625
0.002167881
0.002190329
0.002196697
0.002201056
0.002192204
0.002255734
0.002225463
0.002176953
0.002186745
0.002180774
0.002205235
0.002185436
0.002288094
0.002202309
0.002182977
0.002189276
0.002175763
0.002195488
0.002180506
0.002342325
0.002610191
0.00248926
0.002397571
0.002443468
0.002380448
0.002384416
0.002556459
0.002855295
0.00266431
0.002720934
0.00276439
0.002621222
0.002746752
0.002799469
0.002696621
0.002710171
0.002702736
0.00269842
0.002694673
0.002777079
0.002716119
0.002672355
0.002715255
0.002720211
0.002706787
0.002819748
0.002679748
0.002667303
0.002733032
0.002620378
0.002742606
0.002705372
0.002582089
0.002746792
0.002639352
0.002620261
0.002726035
0.002651863
0.002623357
0.002683759
0.002510935
0.002305731
0.002183109
0.002176214
0.002283242
