#time [s]
4.583e-06
4.564e-06
4.564e-06
4.584e-06
4.589e-06
4.569e-06
4.566e-06
4.544e-06
4.546e-06
4.557e-06
4.56e-06
4.566e-06
4.553e-06
4.552e-06
4.54e-06
4.554e-06
4.59e-06
4.566e-06
4.557e-06
4.561e-06
4.545e-06
4.557e-06
4.557e-06
4.576e-06
4.554e-06
4.556e-06
4.552e-06
4.56e-06
4.553e-06
4.578e-06
4.559e-06
4.558e-06
4.546e-06
4.549e-06
4.548e-06
4.562e-06
4.557e-06
4.559e-06
4.55e-06
4.549e-06
4.551e-06
4.568e-06
4.562e-06
4.571e-06
4.55e-06
4.558e-06
4.545e-06
4.568e-06
4.59e-06
4.575e-06
4.552e-06
4.564e-06
4.544e-06
4.558e-06
4.558e-06
4.567e-06
4.55e-06
4.552e-06
4.539e-06
4.554e-06
4.558e-06
4.567e-06
4.557e-06
4.562e-06
4.545e-06
4.556e-06
4.556e-06
4.576e-06
4.555e-06
4.565e-06
4.552e-06
4.562e-06
4.552e-06
4.579e-06
4.559e-06
4.559e-06
4.546e-06
4.549e-06
4.547e-06
4.56e-06
4.568e-06
4.559e-06
4.549e-06
4.556e-06
4.55e-06
4.567e-06
4.563e-06
4.573e-06
4.552e-06
4.548e-06
4.554e-06
4.567e-06
4.559e-06
4.574e-06
4.553e-06
4.565e-06
4.544e-06
4.557e-06
4.557e-06
4.566e-06
