#time [s]
0.000570733
0.00056977
0.000580289
0.00058001
0.000589161
0.000581318
0.000571232
0.000570524
0.000568501
0.000569994
0.000585333
0.000571771
0.000578875
0.00057279
0.000574772
0.00057815
0.000583058
0.000572948
0.000708655
0.000601236
0.000589943
0.000568131
0.000570505
0.000570068
0.000569229
0.000572353
0.000572753
0.00057768
0.000619883
0.000570976
0.000570936
0.00057805
0.000572513
0.000574702
0.000606648
0.000568137
0.00056816
0.000570059
0.000569319
0.000581038
0.00062648
0.000616408
0.000568455
0.000602151
0.00056845
0.000568198
0.000580548
0.000593823
0.000568269
0.000568164
0.00056801
0.000570126
0.00059369
0.000570957
0.000577861
0.000580323
0.000576654
0.000577409
0.000590317
0.000571681
0.000571476
0.00060429
0.000570258
0.000568061
0.000669844
0.000568454
0.000568146
0.000601457
0.000568311
0.000568166
0.000578353
0.000569434
0.000570833
0.000572856
0.000579935
0.000579235
0.000584452
0.000571034
0.000572866
0.000582042
0.000574738
0.000570775
0.000580584
0.000571127
0.000573
0.000580343
0.0005801
0.000570798
0.000644452
0.000633971
0.000569377
0.000663648
0.000580978
0.000578858
0.000568674
0.000568507
0.000572724
0.000568418
0.000568551
0.000589151
