#time [s]
0.000463715
0.000461573
0.000461714
0.000558787
0.000447432
0.00050328
0.000453903
0.000455405
0.000444963
0.000444978
0.000454886
0.00046787
0.000445163
0.000445163
0.000445274
0.000445089
0.000446101
0.000448255
0.000461295
0.00044941
0.000448333
0.000446473
0.000494818
0.000445178
0.000444914
0.000444902
0.000456059
0.000445956
0.000448072
0.000447216
0.000449262
0.000448273
0.000452972
0.000446969
0.000526617
0.000453748
0.000453744
0.00047722
0.000445257
0.000468269
0.00044497
0.000453336
0.000451978
0.000444799
0.00044585
0.000452353
0.000446832
0.000452493
0.000455158
0.000467372
0.000448803
0.000448392
0.00045196
0.000448236
0.000459677
0.000455656
0.000476007
0.000445247
0.000444963
0.000444961
0.000444901
0.000445831
0.000451231
0.000447685
0.000617453
0.000445701
0.000445099
0.000449624
0.00047826
0.000445053
0.000452368
0.000444985
0.000455639
0.000449728
0.000474148
0.000445123
0.000444874
0.000444946
0.000448551
0.000459541
0.000447916
0.000447657
0.000452206
0.000450422
0.000453086
0.000447165
0.00044714
0.00046664
0.000454444
0.000448344
0.000450375
0.000484351
0.000447254
0.000448924
0.000446917
0.000516971
0.000445129
0.000504602
0.000551444
0.000470614
