#time [s]
1.4054e-05
1.3942e-05
1.3937e-05
1.3906e-05
1.3933e-05
1.3911e-05
1.3951e-05
1.3907e-05
1.3963e-05
1.3906e-05
1.3937e-05
1.3909e-05
1.3957e-05
1.3915e-05
1.3924e-05
1.3946e-05
1.3935e-05
1.3947e-05
1.3916e-05
1.3934e-05
1.3911e-05
1.3949e-05
1.3909e-05
1.3943e-05
1.3908e-05
1.395e-05
1.3934e-05
1.3919e-05
1.3931e-05
1.3921e-05
1.3976e-05
1.3941e-05
1.3975e-05
1.3959e-05
1.3949e-05
1.3908e-05
1.3946e-05
1.3932e-05
1.3949e-05
1.395e-05
1.3924e-05
1.3945e-05
1.3928e-05
1.392e-05
1.3907e-05
1.3941e-05
1.3903e-05
1.3943e-05
1.3908e-05
1.3958e-05
1.3929e-05
1.3928e-05
1.3915e-05
1.393e-05
1.3934e-05
1.3935e-05
1.3935e-05
1.3912e-05
1.3957e-05
1.3914e-05
1.3952e-05
1.3902e-05
1.3943e-05
1.3919e-05
1.3948e-05
1.3934e-05
1.394e-05
1.3934e-05
1.3922e-05
1.3949e-05
1.3916e-05
1.3957e-05
1.3914e-05
1.394e-05
1.3906e-05
1.3935e-05
1.3913e-05
1.3932e-05
1.3919e-05
1.3933e-05
1.3928e-05
1.3921e-05
1.3923e-05
1.3914e-05
1.3929e-05
1.3913e-05
1.3935e-05
1.3909e-05
1.3966e-05
1.3911e-05
1.395e-05
1.3919e-05
1.3918e-05
1.3937e-05
1.3922e-05
1.3937e-05
1.3921e-05
1.3936e-05
1.391e-05
1.3938e-05
