#time [s]
0.000106536
0.000106523
0.00010648
0.000106504
0.000106491
0.000106486
0.000106453
0.000106491
0.000106507
0.000106504
0.000106462
0.000106466
0.000106491
0.00010651
0.000106465
0.000122752
0.000106614
0.000106514
0.000106497
0.000106486
0.000106505
0.000106518
0.000106479
0.000106492
0.000106517
0.000106485
0.000106474
0.000106512
0.000106488
0.000113123
0.000106599
0.000106499
0.000106515
0.000106522
0.000106477
0.00010647
0.000106489
0.000106502
0.000106494
0.000106488
0.000106448
0.000107634
0.000106601
0.000106537
0.000106547
0.000106502
0.000106507
0.000106536
0.000106507
0.000106524
0.000106502
0.000106546
0.000106526
0.000106519
0.000114713
0.000106588
0.00010655
0.000106523
0.000106511
0.000106502
0.000106498
0.000106517
0.000106536
0.000106499
0.000112488
0.000106618
0.000106569
0.000106562
0.000106511
0.000106516
0.000106507
0.000106548
0.000106508
0.000106508
0.000106519
0.00010654
0.000106516
0.000106494
0.000106503
0.000106522
0.000106518
0.000106501
0.000106515
0.00010653
0.000106529
0.000106496
0.000106508
0.000106532
0.000106531
0.000106496
0.00010648
0.000106515
0.000106524
0.000106527
0.000106512
0.000106493
0.000106516
0.000106544
0.000106495
0.000116143
