#time [s]
0.003390777
0.003180603
0.003258203
0.003214744
0.003182429
0.003354164
0.003179249
0.003305575
0.003197351
0.003433284
0.003292748
0.003167085
0.003247636
0.003219026
0.003283204
0.003227698
0.003210483
0.003231217
0.003190101
0.003342952
0.003481419
0.004025406
0.004233371
0.004122504
0.004248505
0.004191609
0.003876217
0.003404027
0.003566579
0.00350045
0.003500312
0.003825592
0.004124325
0.003325008
0.003484262
0.003657538
0.003700018
0.003625681
0.00338122
0.003288113
0.003261462
0.003214932
0.003325211
0.003215018
0.003184859
0.003161302
0.003192932
0.003403277
0.003198205
0.003210387
0.003182249
0.003218115
0.003357336
0.003190686
0.003158261
0.003246958
0.00340086
0.003290828
0.003254642
0.003176839
0.003352556
0.003257505
0.00333507
0.0031934
0.0032119
0.003452485
0.003214723
0.003287923
0.003180066
0.003355403
0.003284197
0.003207641
0.003295782
0.003157629
0.003264661
0.003282848
0.003207596
0.003261693
0.003333118
0.003297483
0.003220884
0.00321716
0.003191417
0.003304767
0.003168061
0.003259196
0.003210923
0.003399979
0.003237094
0.003167366
0.003236764
0.003198334
0.003314481
0.003187616
0.003227598
0.003201063
0.003151535
0.003341555
0.00321763
0.003210081
