#time [s]
0.00404707
0.002932196
0.002864249
0.003123363
0.002855706
0.003150607
0.002884609
0.003066867
0.002912188
0.003272584
0.002938102
0.002870612
0.002944039
0.003168309
0.002891217
0.002959999
0.002902807
0.003019462
0.002878281
0.002956317
0.002887497
0.002892135
0.002919862
0.002908576
0.002899941
0.002963248
0.002933996
0.002871343
0.002907376
0.002877344
0.003133302
0.002888176
0.002922386
0.003022345
0.00310308
0.0029201
0.002972064
0.002946997
0.003332777
0.002884603
0.002985785
0.002948769
0.003082463
0.002923735
0.002915465
0.003024179
0.002910579
0.003011545
0.002906188
0.002982767
0.002903829
0.003177678
0.002920841
0.002889768
0.002904432
0.003143771
0.002876507
0.003000054
0.002978402
0.003170065
0.002877586
0.002935368
0.002910265
0.003015421
0.00298092
0.002909147
0.003004309
0.002927058
0.002878975
0.002917026
0.002942011
0.003123214
0.002968755
0.002980865
0.00290763
0.00294456
0.003141475
0.003061414
0.003075348
0.003410746
0.00320573
0.003171066
0.003501883
0.00348797
0.003769226
0.003304521
0.00341113
0.003298275
0.003350065
0.003370164
0.003386543
0.003371261
0.003412488
0.003433084
0.003407684
0.003807364
0.0038655
0.003779386
0.003816041
0.00383066
