#time [s]
5.1995e-05
5.1959e-05
5.1679e-05
5.1676e-05
5.1635e-05
5.1635e-05
5.1623e-05
5.1941e-05
5.1951e-05
5.1669e-05
5.1678e-05
5.1683e-05
5.1603e-05
5.1635e-05
5.1595e-05
5.1623e-05
5.1642e-05
5.1672e-05
5.1636e-05
5.1613e-05
5.1612e-05
5.1636e-05
5.1625e-05
5.1668e-05
5.1653e-05
5.1664e-05
5.1659e-05
5.1641e-05
5.1647e-05
5.164e-05
5.1595e-05
5.1661e-05
6.0665e-05
5.1703e-05
5.2004e-05
5.1969e-05
5.1942e-05
5.1992e-05
5.1635e-05
5.1726e-05
5.1925e-05
5.1962e-05
5.1643e-05
5.1641e-05
5.1676e-05
5.1651e-05
5.163e-05
5.1639e-05
5.1919e-05
5.1678e-05
5.168e-05
5.1677e-05
5.1631e-05
5.1621e-05
5.1639e-05
5.1603e-05
5.1596e-05
5.21e-05
5.1984e-05
5.1975e-05
5.1629e-05
5.1641e-05
5.1609e-05
5.1646e-05
5.1648e-05
5.1653e-05
5.1642e-05
5.1634e-05
5.1659e-05
5.199e-05
5.165e-05
5.1642e-05
5.6436e-05
5.1986e-05
5.1601e-05
5.1632e-05
5.1612e-05
5.1601e-05
5.1658e-05
5.1648e-05
5.1617e-05
5.1641e-05
5.1638e-05
5.1645e-05
5.1634e-05
5.164e-05
5.1664e-05
5.1679e-05
5.195e-05
5.1655e-05
5.1609e-05
5.163e-05
5.1941e-05
5.1678e-05
5.1606e-05
5.166e-05
5.1631e-05
5.1606e-05
5.1623e-05
5.8087e-05
