#time [s]
2.3626e-05
2.36e-05
2.3597e-05
2.3569e-05
2.3576e-05
2.356e-05
2.3552e-05
2.356e-05
2.3933e-05
2.3783e-05
2.3555e-05
2.3946e-05
2.3578e-05
2.3589e-05
2.3562e-05
2.3551e-05
2.3561e-05
2.3572e-05
2.3565e-05
2.3977e-05
2.3564e-05
2.3565e-05
2.3556e-05
2.3559e-05
2.3585e-05
2.3557e-05
2.356e-05
2.355e-05
2.3563e-05
2.3567e-05
2.3557e-05
2.3561e-05
2.3535e-05
2.3537e-05
2.3533e-05
2.3553e-05
2.353e-05
2.3533e-05
2.3532e-05
2.3553e-05
2.353e-05
2.3522e-05
2.354e-05
2.3534e-05
2.3536e-05
2.3532e-05
2.3521e-05
2.3526e-05
2.356e-05
2.3528e-05
2.3537e-05
2.3532e-05
2.3546e-05
2.3564e-05
2.3591e-05
2.3564e-05
2.357e-05
2.3543e-05
2.3541e-05
2.3559e-05
2.3576e-05
2.3568e-05
2.3567e-05
2.3546e-05
2.3564e-05
2.355e-05
2.7559e-05
2.3997e-05
2.3959e-05
2.356e-05
2.3562e-05
2.3554e-05
2.3555e-05
2.3556e-05
2.3549e-05
2.3554e-05
2.3549e-05
2.3545e-05
2.3549e-05
2.3537e-05
2.3529e-05
2.3549e-05
2.3542e-05
2.3532e-05
2.3535e-05
2.3541e-05
2.3532e-05
2.3515e-05
2.3517e-05
2.3532e-05
2.3555e-05
2.3536e-05
2.3515e-05
2.3552e-05
2.3529e-05
2.3529e-05
2.3545e-05
2.3541e-05
2.3557e-05
2.3544e-05
