#time [s]
1.8903e-05
1.8721e-05
1.8757e-05
1.8729e-05
1.8722e-05
1.8761e-05
1.8712e-05
1.8711e-05
1.8764e-05
1.8706e-05
1.8721e-05
1.8748e-05
1.8707e-05
1.8712e-05
1.8737e-05
1.8704e-05
1.874e-05
1.8765e-05
1.8715e-05
1.8722e-05
1.8744e-05
1.8717e-05
1.8712e-05
1.8746e-05
1.8714e-05
1.8724e-05
1.8743e-05
1.8714e-05
1.8724e-05
1.8747e-05
1.8725e-05
1.8723e-05
1.8757e-05
1.8726e-05
1.8738e-05
1.8757e-05
1.8713e-05
1.8725e-05
1.8742e-05
1.8714e-05
1.8726e-05
1.8742e-05
1.8714e-05
1.8737e-05
1.8754e-05
1.8706e-05
1.8728e-05
1.875e-05
2.6537e-05
1.9756e-05
1.9316e-05
1.9601e-05
1.9824e-05
1.9799e-05
1.8821e-05
1.8746e-05
1.8911e-05
1.8753e-05
1.884e-05
1.8717e-05
1.8747e-05
1.8731e-05
1.8714e-05
1.8758e-05
3.1361e-05
1.8908e-05
1.8762e-05
1.8773e-05
1.8787e-05
1.8712e-05
1.8735e-05
1.8744e-05
1.8714e-05
1.8756e-05
1.874e-05
1.8712e-05
1.8731e-05
1.8738e-05
1.8711e-05
1.8731e-05
1.8741e-05
1.8712e-05
1.8738e-05
1.8742e-05
1.8713e-05
1.8736e-05
1.874e-05
1.8713e-05
1.8728e-05
1.8729e-05
1.8715e-05
1.8739e-05
1.8743e-05
1.8713e-05
1.8736e-05
1.874e-05
1.8707e-05
1.8735e-05
1.8736e-05
2.7022e-05
