#time [s]
2.9242e-05
3.0164e-05
2.7422e-05
2.7441e-05
2.744e-05
2.7407e-05
2.7448e-05
2.744e-05
2.7422e-05
2.7446e-05
2.7474e-05
2.7397e-05
2.7435e-05
2.7417e-05
2.7445e-05
2.7429e-05
2.742e-05
2.7415e-05
2.7418e-05
2.7427e-05
2.7414e-05
2.7402e-05
2.7434e-05
2.7437e-05
2.7411e-05
2.7413e-05
2.7422e-05
4.2877e-05
2.7554e-05
2.7524e-05
2.7494e-05
2.7453e-05
2.7451e-05
2.7444e-05
2.7412e-05
2.7436e-05
2.7414e-05
2.743e-05
2.7422e-05
2.7417e-05
2.7427e-05
2.743e-05
2.7418e-05
2.7429e-05
2.744e-05
2.7443e-05
2.742e-05
2.7366e-05
2.7384e-05
2.7448e-05
2.7418e-05
2.7453e-05
2.7427e-05
2.7422e-05
2.7414e-05
2.7408e-05
2.7441e-05
2.7419e-05
2.7424e-05
2.7397e-05
2.7436e-05
2.7446e-05
2.7396e-05
2.7402e-05
2.7466e-05
2.7404e-05
2.7438e-05
2.7432e-05
2.7399e-05
2.743e-05
2.743e-05
2.7415e-05
2.7413e-05
2.7423e-05
2.7414e-05
2.7453e-05
2.7426e-05
2.7409e-05
2.7423e-05
2.7433e-05
2.7433e-05
2.7405e-05
2.7427e-05
2.7435e-05
2.7395e-05
2.7432e-05
2.7401e-05
2.7417e-05
2.7429e-05
2.7399e-05
2.7451e-05
2.7417e-05
2.7429e-05
2.741e-05
2.7392e-05
2.7433e-05
2.7442e-05
2.7421e-05
2.7442e-05
2.7417e-05
