#time [s]
0.003885432
0.003211059
0.003058867
0.003092787
0.003077792
0.003314393
0.003047398
0.003124974
0.003052452
0.003213286
0.003132287
0.003054239
0.003121913
0.003160505
0.003127175
0.003122449
0.003140821
0.003146065
0.003042505
0.003038365
0.002991162
0.00317704
0.003048104
0.003117025
0.003034425
0.003327347
0.003053791
0.003206326
0.003097908
0.003203868
0.003041737
0.003064572
0.003078851
0.003227362
0.003026312
0.003138942
0.003107109
0.00327746
0.003065725
0.003054979
0.003008892
0.003332476
0.00304173
0.00313533
0.003068512
0.003306289
0.003010417
0.003085
0.003055744
0.003190095
0.003032212
0.003100375
0.003102444
0.003263146
0.003063573
0.003138082
0.003213
0.003127524
0.003040176
0.003080451
0.003091149
0.003257489
0.003063283
0.003058718
0.003106874
0.003220612
0.00306123
0.00312021
0.00305316
0.003211904
0.003068508
0.003086574
0.003066556
0.003260618
0.003036725
0.003044562
0.003037672
0.003110666
0.003053699
0.003003351
0.003012678
0.00331637
0.00304861
0.003187096
0.003076284
0.003420471
0.003003123
0.003051463
0.003069152
0.003667659
0.003040335
0.003064626
0.003117749
0.003267949
0.003046499
0.002974167
0.003018145
0.00309013
0.003024363
0.003086761
