#time [s]
1.1022e-05
1.0895e-05
1.0845e-05
1.082e-05
1.0837e-05
1.0825e-05
1.0845e-05
1.0821e-05
1.0829e-05
1.084e-05
1.0811e-05
1.085e-05
1.0821e-05
1.0831e-05
1.0847e-05
1.0841e-05
1.0843e-05
1.0817e-05
1.0835e-05
1.0843e-05
1.0808e-05
1.0851e-05
1.0814e-05
1.0822e-05
1.0842e-05
1.0813e-05
1.0852e-05
1.0818e-05
1.0836e-05
1.0839e-05
1.0829e-05
1.085e-05
1.0806e-05
1.8329e-05
1.1007e-05
1.0919e-05
1.1294e-05
1.135e-05
1.1543e-05
1.1154e-05
2.1942e-05
1.1829e-05
1.1124e-05
1.1526e-05
1.0947e-05
1.0834e-05
1.0849e-05
1.0847e-05
1.0836e-05
1.0841e-05
1.0813e-05
1.085e-05
1.082e-05
1.084e-05
1.0825e-05
1.0813e-05
1.0843e-05
1.0831e-05
1.0839e-05
1.0841e-05
1.0813e-05
1.0872e-05
1.082e-05
1.0831e-05
1.0841e-05
1.0805e-05
1.0847e-05
1.0814e-05
1.0825e-05
1.0843e-05
1.0814e-05
1.0846e-05
1.0814e-05
1.0836e-05
1.0842e-05
1.0822e-05
1.0855e-05
1.0821e-05
1.0842e-05
1.0842e-05
1.0826e-05
1.0849e-05
1.0833e-05
1.0839e-05
1.083e-05
1.082e-05
1.0855e-05
1.0834e-05
1.0833e-05
1.0839e-05
1.0814e-05
1.0847e-05
1.0824e-05
1.0839e-05
1.0839e-05
1.0826e-05
1.0846e-05
1.0819e-05
1.0841e-05
1.0836e-05
