#time [s]
0.002266095
0.002358024
0.002299669
0.002403352
0.002286705
0.002336029
0.002264401
0.002393792
0.002286269
0.002339462
0.002275816
0.002295302
0.002338015
0.002314274
0.00225871
0.00257629
0.002348335
0.002267222
0.002362461
0.002298005
0.00226546
0.002422622
0.002339983
0.002289735
0.002314647
0.002273032
0.002263824
0.002434773
0.002301581
0.002256383
0.002328227
0.002265798
0.002353236
0.002373951
0.002321204
0.002281578
0.002276918
0.002299709
0.002277622
0.002283987
0.002459759
0.002293309
0.002263091
0.002268801
0.002326068
0.00230435
0.00241106
0.002269575
0.002320521
0.002259102
0.00229449
0.002293996
0.002438774
0.00228866
0.002316318
0.002301327
0.002311309
0.00228761
0.002412065
0.002282129
0.002290352
0.002334336
0.002316477
0.002258113
0.002394564
0.002354049
0.00230684
0.002321529
0.00226484
0.002340705
0.002469253
0.00229965
0.002278886
0.002348176
0.002281637
0.002318147
0.002303418
0.002343996
0.002273832
0.002262008
0.002344577
0.002321903
0.002293909
0.002427289
0.002343352
0.002261239
0.002313945
0.002289727
0.002273634
0.002376975
0.002305117
0.002270519
0.002313416
0.002287228
0.002291301
0.002295803
0.002324061
0.002277145
0.002345091
0.002268735
