#time [s]
3.895e-06
3.863e-06
3.823e-06
3.828e-06
3.824e-06
3.824e-06
3.828e-06
3.83e-06
3.825e-06
3.82e-06
3.815e-06
3.82e-06
3.826e-06
3.831e-06
3.824e-06
3.819e-06
3.816e-06
3.819e-06
3.824e-06
3.832e-06
3.825e-06
3.82e-06
3.814e-06
3.82e-06
3.825e-06
3.829e-06
3.826e-06
3.82e-06
3.815e-06
3.822e-06
3.825e-06
3.833e-06
3.83e-06
3.825e-06
3.819e-06
3.821e-06
3.825e-06
3.832e-06
3.83e-06
3.827e-06
3.819e-06
3.82e-06
3.824e-06
3.83e-06
3.83e-06
3.827e-06
3.821e-06
3.818e-06
3.823e-06
3.829e-06
3.831e-06
3.829e-06
3.822e-06
3.814e-06
3.822e-06
3.829e-06
3.833e-06
3.83e-06
3.823e-06
3.818e-06
3.82e-06
3.828e-06
3.832e-06
3.831e-06
3.824e-06
3.819e-06
3.818e-06
3.827e-06
3.831e-06
3.831e-06
3.82e-06
3.818e-06
3.818e-06
3.825e-06
3.829e-06
3.834e-06
3.825e-06
3.822e-06
3.817e-06
3.824e-06
3.828e-06
3.834e-06
3.826e-06
3.822e-06
3.812e-06
3.819e-06
3.825e-06
3.83e-06
3.935e-06
3.82e-06
3.832e-06
3.817e-06
3.826e-06
3.833e-06
3.829e-06
3.824e-06
3.817e-06
3.821e-06
3.825e-06
3.829e-06
