#time [s]
3.3296e-05
3.3006e-05
3.2978e-05
3.2982e-05
3.2994e-05
3.3e-05
3.2992e-05
3.8291e-05
3.3e-05
3.2993e-05
3.2975e-05
3.2996e-05
3.301e-05
3.2988e-05
3.2991e-05
3.2999e-05
3.3012e-05
3.2995e-05
3.3003e-05
3.3001e-05
3.3001e-05
3.3023e-05
3.2976e-05
3.2996e-05
3.2996e-05
3.3008e-05
3.3003e-05
3.2997e-05
3.2989e-05
3.2982e-05
3.2993e-05
3.3004e-05
3.2988e-05
3.2941e-05
3.2993e-05
3.2985e-05
3.3004e-05
3.2989e-05
3.3e-05
3.3022e-05
3.2994e-05
3.2993e-05
3.2993e-05
3.2996e-05
3.3012e-05
3.3e-05
3.2974e-05
3.2978e-05
3.2999e-05
3.3009e-05
3.2996e-05
3.2981e-05
3.299e-05
3.3e-05
3.2994e-05
3.2992e-05
3.2953e-05
3.9529e-05
3.3127e-05
3.3053e-05
3.3061e-05
3.3016e-05
3.2993e-05
3.3004e-05
3.299e-05
3.2997e-05
3.3002e-05
3.2973e-05
3.3001e-05
3.2994e-05
3.2979e-05
3.3011e-05
3.2972e-05
3.2998e-05
3.3e-05
3.2982e-05
3.3e-05
3.2994e-05
3.2989e-05
3.2991e-05
3.2985e-05
3.2996e-05
3.2979e-05
3.2981e-05
3.2996e-05
3.3015e-05
3.3003e-05
3.3005e-05
3.3001e-05
3.2986e-05
3.2998e-05
3.299e-05
3.2999e-05
3.298e-05
3.2984e-05
3.2982e-05
3.2995e-05
3.2988e-05
3.2978e-05
3.2985e-05
