#time [s]
7.2297e-05
7.2221e-05
7.2204e-05
7.4901e-05
7.2188e-05
7.2192e-05
7.2152e-05
7.2132e-05
7.2071e-05
7.2241e-05
7.2174e-05
7.2195e-05
7.212e-05
7.2248e-05
7.2297e-05
7.2163e-05
7.2231e-05
8.3634e-05
7.231e-05
7.2314e-05
7.2212e-05
7.2256e-05
7.2285e-05
7.2265e-05
7.2254e-05
7.218e-05
7.2184e-05
7.2204e-05
7.2223e-05
7.2236e-05
7.2174e-05
7.2143e-05
7.223e-05
7.2181e-05
7.2222e-05
7.228e-05
7.2231e-05
7.2214e-05
7.2242e-05
7.2232e-05
7.2202e-05
7.2256e-05
7.2159e-05
7.221e-05
7.2176e-05
7.2204e-05
7.2232e-05
7.2172e-05
7.2242e-05
7.2166e-05
7.2218e-05
7.2207e-05
7.223e-05
7.2228e-05
7.2225e-05
7.224e-05
7.2163e-05
7.2257e-05
7.2177e-05
7.2268e-05
7.2111e-05
7.2249e-05
7.2106e-05
7.2191e-05
7.2201e-05
7.2165e-05
7.2162e-05
7.2256e-05
7.2221e-05
7.223e-05
7.2271e-05
7.217e-05
7.8811e-05
7.2343e-05
7.2242e-05
7.224e-05
7.222e-05
7.2166e-05
7.2261e-05
7.2189e-05
7.222e-05
7.2175e-05
7.2136e-05
7.2215e-05
7.2179e-05
7.2206e-05
7.2174e-05
7.2211e-05
7.2159e-05
7.223e-05
7.2134e-05
7.2238e-05
7.2237e-05
7.2197e-05
7.2247e-05
7.2176e-05
7.2263e-05
7.2221e-05
7.2228e-05
7.2228e-05
