#time [s]
0.000119815
0.000119835
0.000119715
0.000119749
0.000119805
0.000119645
0.000119785
0.000119752
0.000133694
0.000121921
0.00011996
0.000119806
0.0001198
0.000119833
0.000119734
0.000119676
0.000126899
0.000119906
0.000119743
0.000119745
0.000119746
0.000119848
0.000119788
0.000119857
0.000119733
0.00012003
0.000119912
0.000119919
0.000119692
0.000119828
0.000119727
0.000119742
0.000128957
0.000119803
0.000119797
0.000119854
0.000119775
0.00011968
0.000119762
0.000119745
0.000119754
0.000119704
0.000119771
0.000119729
0.000119783
0.00011967
0.000125955
0.000119826
0.000119782
0.00011977
0.000119841
0.000119799
0.000119727
0.000119779
0.000119635
0.000119794
0.000119736
0.000119765
0.000119817
0.000119742
0.000119747
0.000119749
0.000119734
0.000119764
0.000119685
0.000119779
0.000119724
0.000119773
0.000119736
0.000119759
0.000119739
0.000119744
0.000119742
0.000119696
0.000119719
0.000119774
0.000119949
0.000119821
0.0001198
0.000119843
0.00011975
0.00011983
0.000119758
0.000119857
0.000119761
0.000119757
0.000124318
0.000119708
0.000119746
0.000119731
0.000119746
0.000119801
0.000119749
0.000119756
0.00011973
0.000119741
0.000119772
0.000119702
0.000119776
0.000119713
