#time [s]
0.000280422
0.000275534
0.000275448
0.000275454
0.00038023
0.00028253
0.000283254
0.000275608
0.000275541
0.000275501
0.000275646
0.000283494
0.000283593
0.000290229
0.000275688
0.0002755
0.000275535
0.000275487
0.000275466
0.000283516
0.000283242
0.000283268
0.0002756
0.000275536
0.000275515
0.000275416
0.000275422
0.000275546
0.000275476
0.000275634
0.000275447
0.000275551
0.00027559
0.000275497
0.000280683
0.000295794
0.000275617
0.000275607
0.000275586
0.000275443
0.000275481
0.000275545
0.000275436
0.000275513
0.000275585
0.00027544
0.000275459
0.000275441
0.00027543
0.000275587
0.000283034
0.000275652
0.000277309
0.000275522
0.000275532
0.000275516
0.000275596
0.000275572
0.000275471
0.000275521
0.000275489
0.000275483
0.000275489
0.000275337
0.000275525
0.000282334
0.000275579
0.000275451
0.000280111
0.000275529
0.000275317
0.000275376
0.000275561
0.000275413
0.000275448
0.000295788
0.000375348
0.000285514
0.000327991
0.00027813
0.000286526
0.000275506
0.000275491
0.000275604
0.000275456
0.000275553
0.000275517
0.00027556
0.00027544
0.000275595
0.000275441
0.00027551
0.000275535
0.000275468
0.000275446
0.000286522
0.000275584
0.000275538
0.00027545
0.000275483
