#time [s]
3.011e-05
3.0068e-05
3.0077e-05
3.0127e-05
3.0092e-05
3.0091e-05
3.0061e-05
3.0057e-05
3.0072e-05
3.0074e-05
3.011e-05
3.007e-05
3.0083e-05
3.0098e-05
3.0097e-05
3.0098e-05
3.0079e-05
3.0098e-05
3.0073e-05
3.0077e-05
3.0054e-05
3.0084e-05
3.008e-05
3.0108e-05
3.0092e-05
3.0078e-05
3.006e-05
3.0042e-05
3.0071e-05
3.0054e-05
3.0072e-05
3.0105e-05
3.0097e-05
3.0048e-05
3.0086e-05
3.0075e-05
3.0075e-05
3.0073e-05
3.0087e-05
3.0082e-05
3.007e-05
3.0096e-05
3.0094e-05
3.0106e-05
3.0089e-05
3.007e-05
3.0098e-05
3.0072e-05
3.0115e-05
3.0077e-05
3.0072e-05
3.0067e-05
3.005e-05
3.0077e-05
3.0076e-05
3.0118e-05
3.0074e-05
3.0082e-05
3.0072e-05
3.0078e-05
3.0063e-05
3.0067e-05
3.0072e-05
3.0054e-05
3.007e-05
3.0074e-05
3.0069e-05
3.0074e-05
3.0082e-05
3.0053e-05
3.0053e-05
3.0065e-05
3.0097e-05
3.0086e-05
3.0095e-05
3.0089e-05
3.006e-05
3.0066e-05
3.0034e-05
3.0064e-05
3.0054e-05
3.01e-05
3.0067e-05
3.0082e-05
3.0075e-05
3.0099e-05
3.0065e-05
3.0091e-05
3.0098e-05
3.0125e-05
3.0065e-05
3.008e-05
3.0072e-05
3.0084e-05
3e-05
3.0094e-05
3.0077e-05
3.0091e-05
3.0088e-05
3.0089e-05
