#time [s]
0.002326183
0.002246989
0.00229948
0.002366795
0.002181673
0.002255577
0.002342086
0.002315243
0.00215871
0.00225787
0.002336345
0.002151951
0.002202235
0.002399378
0.002273831
0.002245939
0.002237319
0.002298704
0.00223953
0.002196594
0.002315734
0.002267842
0.002223674
0.002251118
0.002283174
0.002309708
0.002329419
0.002236766
0.001823256
0.001850308
0.002254155
0.002281098
0.002226448
0.002354528
0.002239449
0.002258198
0.001861475
0.00172146
0.00172355
0.001730067
0.001772539
0.001821509
0.001785948
0.001789703
0.001738361
0.001749901
0.00181603
0.001718492
0.001742054
0.001726408
0.001771613
0.001848352
0.001769331
0.001753359
0.001723229
0.001777739
0.001827344
0.001737722
0.001733542
0.001755749
0.00186245
0.001820171
0.001722603
0.00172889
0.001732988
0.001752985
0.001811197
0.001723598
0.001912495
0.001757231
0.001774864
0.001719267
0.00175458
0.001727307
0.001733944
0.001851807
0.001720254
0.001829286
0.001766179
0.001732124
0.001885584
0.001740581
0.001726771
0.001763422
0.001758895
0.001853567
0.001794147
0.001759559
0.0017319
0.001727946
0.001839369
0.001728201
0.00175041
0.001732045
0.001759908
0.001919049
0.001746017
0.001722996
0.001726325
0.001754975
