#time [s]
3.4538e-05
3.459e-05
3.4534e-05
4.2552e-05
3.5809e-05
3.4629e-05
3.4641e-05
3.4566e-05
4.6382e-05
3.4669e-05
3.4598e-05
3.4582e-05
3.4589e-05
3.4544e-05
3.453e-05
3.4509e-05
3.4511e-05
3.4552e-05
3.4535e-05
3.4527e-05
3.4535e-05
3.4553e-05
3.4576e-05
3.4625e-05
3.4522e-05
4.211e-05
3.4678e-05
3.4704e-05
3.4569e-05
3.4561e-05
3.4527e-05
3.4508e-05
3.4536e-05
3.4534e-05
3.4541e-05
3.4497e-05
3.455e-05
3.4542e-05
3.4528e-05
3.4524e-05
3.4505e-05
3.4565e-05
3.4541e-05
3.452e-05
3.4531e-05
3.4534e-05
3.4532e-05
3.4494e-05
3.4543e-05
3.452e-05
3.4548e-05
3.4496e-05
3.4556e-05
3.4556e-05
3.4516e-05
3.4542e-05
4.058e-05
3.4692e-05
3.4579e-05
3.4559e-05
3.4579e-05
3.4537e-05
3.4579e-05
3.4536e-05
3.4514e-05
3.4526e-05
3.4542e-05
3.4516e-05
3.4515e-05
3.4558e-05
3.4525e-05
3.4521e-05
3.4543e-05
3.454e-05
3.4501e-05
3.4526e-05
3.4534e-05
3.4519e-05
3.4513e-05
3.455e-05
3.4509e-05
3.4541e-05
3.4547e-05
3.453e-05
3.4528e-05
3.4538e-05
3.451e-05
3.4536e-05
3.4528e-05
3.4539e-05
3.451e-05
3.457e-05
3.4523e-05
3.4533e-05
3.4517e-05
3.4541e-05
3.4523e-05
3.4515e-05
3.4541e-05
3.4546e-05
