#time [s]
1.079e-06
1.013e-06
1.017e-06
1.012e-06
1.011e-06
1.012e-06
1.012e-06
1.013e-06
1.014e-06
1.013e-06
1.014e-06
1.016e-06
1.015e-06
1.014e-06
1.015e-06
1.015e-06
1.013e-06
1.014e-06
1.013e-06
1.012e-06
1.013e-06
1.012e-06
1.012e-06
1.011e-06
1.011e-06
1.012e-06
1.044e-06
1.046e-06
1.009e-06
1.013e-06
1.013e-06
1.014e-06
1.013e-06
1.014e-06
1.017e-06
1.015e-06
1.01e-06
1.012e-06
1.013e-06
1.013e-06
1.013e-06
1.012e-06
1.012e-06
1.014e-06
1.01e-06
1.01e-06
1.01e-06
1.011e-06
1.008e-06
1.011e-06
1.012e-06
1.012e-06
1.009e-06
1.014e-06
1.013e-06
1.015e-06
1.014e-06
1.014e-06
1.013e-06
1.013e-06
1.014e-06
1.013e-06
1.012e-06
1.013e-06
1.011e-06
1.011e-06
1.013e-06
1.011e-06
1.008e-06
1.011e-06
1.011e-06
1.012e-06
1.012e-06
1.012e-06
1.013e-06
1.015e-06
1.014e-06
1.014e-06
1.013e-06
1.015e-06
1.014e-06
1.013e-06
1.012e-06
1.013e-06
1.009e-06
1.012e-06
1.011e-06
1.011e-06
1.011e-06
1.011e-06
1.01e-06
1.01e-06
1.011e-06
1.009e-06
1.012e-06
1.012e-06
1.011e-06
1.011e-06
1.017e-06
1.014e-06
