#time [s]
0.000268058
0.0002591
0.00025825
0.00025822
0.000258034
0.000266263
0.000257997
0.000267928
0.00028678
0.000268869
0.000349208
0.000282745
0.000272555
0.000259822
0.000288252
0.00025775
0.000286686
0.000257558
0.000259065
0.000257137
0.000267279
0.000257318
0.000257003
0.00025699
0.00025859
0.000256937
0.000276837
0.00025692
0.000256866
0.00025692
0.000256826
0.000256882
0.000256854
0.000256913
0.000258532
0.000258941
0.000266614
0.000264513
0.000257357
0.000257269
0.000280879
0.000256896
0.000256889
0.000258045
0.000256873
0.000256797
0.000256811
0.000256767
0.000258782
0.000258586
0.000257307
0.000258766
0.000257325
0.000257066
0.000256807
0.000256958
0.000256877
0.000256878
0.000258726
0.000256972
0.000256912
0.000258762
0.000256879
0.000267311
0.000257657
0.000257138
0.000269379
0.000329609
0.000285633
0.000257645
0.000257472
0.000288564
0.000278961
0.000257207
0.000257299
0.000257127
0.000265318
0.000257503
0.000257033
0.000277263
0.000257045
0.000256755
0.000256838
0.000256911
0.000256825
0.000256846
0.000256835
0.000258624
0.000256804
0.000256907
0.000258608
0.000263679
0.000257155
0.000257193
0.000263967
0.000257143
0.000256893
0.000258965
0.000256854
0.000256912
