#time [s]
0.001911829
0.00187531
0.001952075
0.001885359
0.002042813
0.001895046
0.001848863
0.00194573
0.001848686
0.001902594
0.001907109
0.002023169
0.001954059
0.001849818
0.001959534
0.001916988
0.001849531
0.001906821
0.002009135
0.001944453
0.001929425
0.001865756
0.001943975
0.00190077
0.002051499
0.001909886
0.001859049
0.00191169
0.001850559
0.001899183
0.001909479
0.001979689
0.001867633
0.001853629
0.001975763
0.001860942
0.001904801
0.001861401
0.002110948
0.001904772
0.001867247
0.001944945
0.001944797
0.001879809
0.001864419
0.001847116
0.001911695
0.001847682
0.001923384
0.001882877
0.001921357
0.001879236
0.002080446
0.002150508
0.002087731
0.002117252
0.002228741
0.002364099
0.002548888
0.002403248
0.002408507
0.002561858
0.002447691
0.002939874
0.002619208
0.002480485
0.002428084
0.002507895
0.002484449
0.002459642
0.002466222
0.002484693
0.002552172
0.002449509
0.002385423
0.002459473
0.002404728
0.002396871
0.002420446
0.002459701
0.002506217
0.002421542
0.002384698
0.002471348
0.002538207
0.002399781
0.002379775
0.002540761
0.001902181
0.001854198
0.002049922
0.001892123
0.002027352
0.001927258
0.001978764
0.001916722
0.001894073
0.001856338
0.002133005
0.001945533
