#time [s]
0.000189796
0.000193924
0.000189686
0.000189665
0.000189648
0.00018961
0.000189669
0.000189682
0.000189653
0.000189655
0.000189795
0.00018967
0.000214257
0.00018975
0.000189675
0.000189634
0.000189671
0.000189674
0.00018968
0.00018965
0.000189657
0.00018966
0.000189665
0.000189651
0.000198012
0.000189742
0.000189648
0.000189655
0.000189659
0.000189672
0.00019578
0.000189742
0.000189659
0.000189594
0.000189734
0.000189659
0.000189633
0.000189649
0.000189647
0.00018964
0.000189672
0.000189671
0.000189641
0.000189636
0.000189644
0.000189656
0.000189661
0.000189645
0.000189627
0.000189665
0.000198948
0.000189719
0.000189682
0.000189657
0.000189625
0.000189674
0.000189693
0.000189675
0.000189646
0.000189661
0.000189671
0.000189682
0.000189648
0.00018966
0.000189667
0.00018959
0.000189641
0.000189656
0.000189652
0.000189636
0.000189587
0.000196015
0.000189651
0.000189665
0.000189665
0.000189641
0.00018968
0.000189645
0.000189664
0.000189654
0.000189586
0.000189657
0.000189654
0.000189651
0.000189658
0.000189643
0.000189676
0.000189684
0.000189647
0.000189652
0.000189644
0.000189635
0.000195879
0.000189741
0.000189695
0.000189658
0.000210127
0.000189732
0.000189712
0.000197758
