#time [s]
1.043e-06
8.63e-07
8.57e-07
8.56e-07
8.51e-07
8.56e-07
8.54e-07
8.54e-07
8.52e-07
8.8e-07
8.78e-07
8.54e-07
8.51e-07
8.52e-07
8.52e-07
8.52e-07
8.52e-07
8.55e-07
8.53e-07
8.54e-07
8.54e-07
8.55e-07
8.54e-07
8.54e-07
8.55e-07
8.56e-07
8.54e-07
8.55e-07
8.59e-07
8.57e-07
8.55e-07
8.55e-07
8.54e-07
8.54e-07
8.52e-07
8.56e-07
8.51e-07
8.55e-07
8.5e-07
8.54e-07
8.52e-07
8.55e-07
8.53e-07
8.55e-07
8.53e-07
8.55e-07
8.54e-07
8.57e-07
8.55e-07
8.57e-07
8.55e-07
8.55e-07
8.55e-07
8.55e-07
8.55e-07
8.55e-07
8.55e-07
8.53e-07
8.53e-07
8.56e-07
8.55e-07
8.54e-07
8.52e-07
8.51e-07
8.52e-07
8.54e-07
8.52e-07
8.52e-07
8.53e-07
8.56e-07
8.53e-07
8.56e-07
8.54e-07
8.56e-07
8.54e-07
8.58e-07
8.55e-07
8.55e-07
8.56e-07
8.55e-07
8.54e-07
8.56e-07
8.53e-07
8.53e-07
8.53e-07
8.54e-07
8.52e-07
8.53e-07
8.52e-07
8.52e-07
8.52e-07
8.52e-07
8.56e-07
8.55e-07
8.56e-07
8.57e-07
8.56e-07
8.56e-07
8.56e-07
8.57e-07
