#time [s]
7e-07
6.04e-07
6.09e-07
6.08e-07
6.07e-07
6.05e-07
6.11e-07
6.06e-07
6.06e-07
6.08e-07
6.07e-07
6.05e-07
6.06e-07
6.04e-07
6.44e-07
6.29e-07
6.03e-07
6.05e-07
6.05e-07
6.04e-07
6.06e-07
6.05e-07
6.04e-07
6.06e-07
6.05e-07
6.03e-07
6.03e-07
6.05e-07
6.04e-07
6.04e-07
6.05e-07
6.45e-07
6.01e-07
6.02e-07
6.05e-07
6.04e-07
6.04e-07
6.03e-07
6.08e-07
6.05e-07
6.05e-07
6.44e-07
6.06e-07
6.06e-07
6.04e-07
6.05e-07
6.06e-07
6.06e-07
6.04e-07
6.05e-07
6.03e-07
6.04e-07
6.01e-07
6.04e-07
6.01e-07
6.45e-07
6.02e-07
6.05e-07
6.03e-07
6.02e-07
6.02e-07
6.04e-07
6.01e-07
6.03e-07
6.03e-07
6.03e-07
6.03e-07
6.03e-07
6.41e-07
6e-07
6.06e-07
6.05e-07
6.02e-07
6.03e-07
6.04e-07
6.02e-07
6.05e-07
6.03e-07
6.03e-07
6.05e-07
6.06e-07
6.03e-07
6.04e-07
6.45e-07
6.02e-07
6.05e-07
6.04e-07
6.02e-07
6.05e-07
6.06e-07
6.02e-07
6.04e-07
6.03e-07
6.02e-07
6.02e-07
6.02e-07
6.05e-07
6.02e-07
6.03e-07
6.02e-07
