#time [s]
9.2e-07
8.55e-07
8.11e-07
8.14e-07
8.09e-07
8.11e-07
8.12e-07
8.13e-07
8.23e-07
8.1e-07
8.12e-07
8.08e-07
8.13e-07
8.14e-07
8.14e-07
8.13e-07
8.1e-07
8.09e-07
8.1e-07
8.11e-07
8.1e-07
8.06e-07
8.08e-07
8.12e-07
8.26e-07
8.08e-07
8.07e-07
8.06e-07
8.08e-07
8.09e-07
8.09e-07
8.11e-07
8.08e-07
8.15e-07
8.27e-07
8.12e-07
8.08e-07
8.13e-07
8.13e-07
8.13e-07
8.1e-07
8.09e-07
8.13e-07
8.13e-07
8.1e-07
8.12e-07
8.1e-07
8.1e-07
8.08e-07
8.08e-07
8.07e-07
8.07e-07
8.07e-07
8.07e-07
8.06e-07
8.07e-07
8.08e-07
8.07e-07
8.09e-07
8.13e-07
8.1e-07
8.06e-07
8.07e-07
8.14e-07
8.11e-07
8.28e-07
8.13e-07
8.09e-07
8.15e-07
8.13e-07
8.09e-07
8.08e-07
8.14e-07
8.12e-07
8.1e-07
8.13e-07
8.08e-07
8.12e-07
8.27e-07
8.07e-07
8.07e-07
8.06e-07
8.06e-07
8.07e-07
8.05e-07
8.06e-07
8.08e-07
8.12e-07
8.08e-07
8.26e-07
8.07e-07
8.14e-07
8.13e-07
8.13e-07
8.1e-07
8.09e-07
8.12e-07
8.13e-07
8.11e-07
8.13e-07
