#time [s]
7.889e-06
7.92e-06
7.885e-06
7.867e-06
7.881e-06
7.849e-06
7.835e-06
7.845e-06
7.854e-06
7.843e-06
7.85e-06
7.846e-06
7.854e-06
7.85e-06
7.839e-06
7.858e-06
7.843e-06
7.831e-06
7.848e-06
7.858e-06
7.836e-06
7.837e-06
7.857e-06
7.849e-06
7.832e-06
7.859e-06
7.875e-06
7.843e-06
7.829e-06
7.854e-06
7.855e-06
7.848e-06
7.843e-06
7.857e-06
7.857e-06
7.849e-06
7.866e-06
7.868e-06
7.836e-06
7.855e-06
7.872e-06
7.861e-06
7.848e-06
7.866e-06
7.859e-06
7.836e-06
7.838e-06
7.856e-06
7.864e-06
7.831e-06
7.846e-06
7.86e-06
7.854e-06
7.853e-06
7.853e-06
7.849e-06
7.835e-06
7.843e-06
7.878e-06
7.842e-06
7.848e-06
7.867e-06
7.87e-06
7.834e-06
7.839e-06
7.889e-06
7.854e-06
7.848e-06
7.852e-06
7.851e-06
7.834e-06
7.842e-06
7.869e-06
7.848e-06
7.832e-06
7.847e-06
7.857e-06
1.5782e-05
7.956e-06
7.915e-06
7.889e-06
7.907e-06
7.859e-06
7.841e-06
7.844e-06
7.851e-06
7.851e-06
7.831e-06
7.84e-06
7.854e-06
7.84e-06
7.827e-06
7.847e-06
7.849e-06
7.845e-06
7.849e-06
7.858e-06
7.842e-06
7.84e-06
7.848e-06
