#time [s]
8.89e-07
8.54e-07
8.13e-07
8.15e-07
8.12e-07
8.1e-07
8.19e-07
8.1e-07
8.08e-07
8.22e-07
8.18e-07
8.11e-07
8.21e-07
8.12e-07
8.08e-07
8.12e-07
8.07e-07
8.11e-07
8.08e-07
8.06e-07
8.03e-07
8.03e-07
8.17e-07
8.09e-07
8.06e-07
8.21e-07
8.08e-07
8.12e-07
8.07e-07
8.06e-07
8.09e-07
8.09e-07
8.2e-07
8.09e-07
8.1e-07
8.09e-07
8.07e-07
8.14e-07
8.22e-07
8.1e-07
8.12e-07
8.12e-07
8.07e-07
8.21e-07
8.08e-07
8.08e-07
8.18e-07
8.21e-07
8.07e-07
8.09e-07
8.08e-07
8.08e-07
8.03e-07
8.07e-07
8.08e-07
8.22e-07
8.08e-07
8.08e-07
8.07e-07
8.22e-07
8.07e-07
8.1e-07
8.1e-07
8.1e-07
8.2e-07
8.13e-07
8.12e-07
8.1e-07
8.2e-07
8.1e-07
8.09e-07
8.23e-07
8.07e-07
8.22e-07
8.09e-07
8.11e-07
8.08e-07
8.08e-07
8.03e-07
8.08e-07
8.07e-07
8.21e-07
8.07e-07
8.08e-07
8.07e-07
8.2e-07
8.08e-07
8.09e-07
8.1e-07
8.09e-07
8.1e-07
8.1e-07
8.2e-07
8.09e-07
8.21e-07
8.11e-07
8.11e-07
8.1e-07
8.1e-07
8.13e-07
