#time [s]
0.002473444
0.002454845
0.002627001
0.002447813
0.002439882
0.002504978
0.002446459
0.002433345
0.002626547
0.002449687
0.002473087
0.002508887
0.002490252
0.002561245
0.002487167
0.002475444
0.002463717
0.002454773
0.002508018
0.002616169
0.002471379
0.002440219
0.002499955
0.002446207
0.002438702
0.002613119
0.002481613
0.002444066
0.002540937
0.002470903
0.002470793
0.002556901
0.002443205
0.002425982
0.002506639
0.002499266
0.002433278
0.00265631
0.002470147
0.002457599
0.002464382
0.002471521
0.00246315
0.002562456
0.002450781
0.002478251
0.002513506
0.002433335
0.002602373
0.002441962
0.002438391
0.002530053
0.002459612
0.002452338
0.00260686
0.002448572
0.002460476
0.002484966
0.002504939
0.002467479
0.002589398
0.002464648
0.002440184
0.00244555
0.00246034
0.002476346
0.002878062
0.002875057
0.002907546
0.002850711
0.002948193
0.002897238
0.00280098
0.002855478
0.002909669
0.003043129
0.003194048
0.003143083
0.003115511
0.002837831
0.00273479
0.002840555
0.002850225
0.002902701
0.002884117
0.002842829
0.002860839
0.003057907
0.00274678
0.002568912
0.002423496
0.002463944
0.002427658
0.002448689
0.002505219
0.002446611
0.002492434
0.002453346
0.002443778
0.002459037
