#time [s]
0.000132583
0.000132446
0.000132507
0.000132368
0.000132488
0.000132487
0.000132438
0.000132486
0.000132465
0.000132425
0.000132408
0.000132453
0.000132495
0.000132469
0.000132482
0.000132495
0.000132511
0.000132447
0.000132416
0.000132436
0.00013245
0.000132479
0.000132375
0.000132486
0.000139208
0.000132536
0.000132472
0.000132515
0.000132487
0.000132398
0.000135804
0.000136941
0.000132491
0.000132447
0.000132418
0.000132443
0.000132476
0.000132436
0.00013254
0.000132384
0.000132457
0.000132295
0.000132453
0.000140732
0.000132563
0.000132453
0.000132416
0.000132452
0.00013246
0.000132525
0.000132476
0.000132364
0.000132635
0.000137241
0.000132484
0.000132484
0.000132429
0.000132428
0.00013249
0.000132471
0.000134131
0.000132444
0.000132412
0.000132466
0.000132422
0.000132459
0.000132424
0.000132497
0.000132472
0.000132467
0.000132453
0.000132378
0.000132425
0.000132427
0.000132392
0.000132391
0.000132446
0.000132427
0.000132349
0.000141871
0.00013258
0.000132464
0.000132457
0.00013241
0.000132383
0.00013238
0.000132475
0.000132476
0.000132468
0.000132406
0.000132436
0.000132419
0.000132554
0.000132464
0.000132387
0.000132451
0.000132478
0.000132424
0.000132456
0.000132397
