#time [s]
0.000135208
0.000134993
0.000134913
0.00013494
0.00013489
0.000134938
0.000134892
0.000134923
0.00013491
0.000134901
0.000143999
0.00013512
0.000134988
0.000135037
0.000134953
0.000134955
0.000134909
0.00013473
0.00013494
0.000141688
0.000135073
0.000134994
0.000134971
0.00013501
0.000134924
0.000134904
0.000134932
0.000134932
0.000134925
0.000134884
0.00013493
0.000136887
0.000134922
0.000134846
0.000134966
0.000134784
0.00013491
0.000134706
0.000134914
0.000134926
0.00013488
0.000134892
0.000134847
0.000134891
0.000146539
0.000135035
0.000142146
0.000135561
0.000134942
0.000134924
0.000134958
0.000134905
0.000140463
0.000134939
0.000134937
0.000134876
0.000134921
0.00013477
0.000134927
0.000134934
0.000134891
0.00013505
0.000134902
0.000134793
0.000134846
0.000134939
0.000134934
0.00013483
0.000134856
0.000135426
0.000135016
0.000135328
0.000134954
0.000134982
0.000134972
0.000134901
0.000135984
0.000134764
0.000134755
0.000134916
0.000134893
0.000134928
0.000136165
0.000134921
0.000134852
0.000134943
0.000134917
0.000134915
0.000134883
0.000134811
0.000134929
0.000134886
0.000134778
0.000134825
0.000142041
0.000135031
0.000134982
0.0001349
0.000134961
0.000134902
