#time [s]
0.000204182
0.000204032
0.000204039
0.00020409
0.000204126
0.000204198
0.000204051
0.000204027
0.000204158
0.000210814
0.000204228
0.00020423
0.000221013
0.00020421
0.000204047
0.000204124
0.000204059
0.00020405
0.000204041
0.000204056
0.000204046
0.00020403
0.000204009
0.000204045
0.000204049
0.000204091
0.000204111
0.000213301
0.000204023
0.000204114
0.000204136
0.00020396
0.000211236
0.00020419
0.000204051
0.00020402
0.000204099
0.000203938
0.000203991
0.000212654
0.000204117
0.000204145
0.00020415
0.000204033
0.000204049
0.000204053
0.00020408
0.000204027
0.000204059
0.00020399
0.000204012
0.000204038
0.000204041
0.000204067
0.000204036
0.000210655
0.000204161
0.000204052
0.000221377
0.000204121
0.000204106
0.000204004
0.000204129
0.000203975
0.000204062
0.000204037
0.000204089
0.000204131
0.000204009
0.000204044
0.000204024
0.000204146
0.000204209
0.00020413
0.000203933
0.000204056
0.000204052
0.00020408
0.000213615
0.000204084
0.000204023
0.000204117
0.000204088
0.000204148
0.000204045
0.000204118
0.000204053
0.000203988
0.000204095
0.000204032
0.000204015
0.000204033
0.000203955
0.00020408
0.000204041
0.00020401
0.000204027
0.000204063
0.000204097
0.000210656
