#time [s]
0.002734596
0.002783114
0.003033463
0.002754471
0.002809296
0.002768939
0.002852225
0.002887073
0.002747453
0.002794433
0.002821473
0.00278537
0.002993838
0.002777489
0.002756245
0.002813359
0.002784751
0.002994602
0.002799354
0.002788829
0.002820776
0.002773547
0.00281116
0.002752284
0.002776874
0.002791553
0.00275983
0.002897245
0.002736741
0.002818681
0.002778906
0.002754362
0.002962206
0.002755215
0.002751268
0.002807057
0.002784236
0.002931762
0.002802885
0.00280102
0.002754011
0.00272985
0.002771192
0.002786213
0.002801804
0.002798016
0.002792164
0.002781574
0.002792301
0.002808301
0.002794052
0.0027882
0.002967918
0.002726069
0.002745102
0.002743005
0.002801241
0.003012751
0.002786544
0.00284387
0.002767491
0.002805155
0.002777575
0.00281208
0.002744647
0.002765433
0.002900156
0.002742606
0.002787626
0.002793687
0.002766841
0.002949515
0.002756843
0.002735901
0.002794815
0.002764963
0.002922018
0.0028313
0.002798481
0.002764627
0.002744992
0.002946375
0.002812598
0.002776484
0.002748116
0.002766477
0.00293902
0.003099154
0.002837151
0.002801756
0.002897409
0.003067384
0.002762122
0.002827541
0.002750907
0.002797441
0.002921693
0.002735492
0.002812532
0.002930347
