#time [s]
3.6648e-05
3.6626e-05
3.6521e-05
3.6522e-05
3.6553e-05
3.651e-05
3.6624e-05
3.6628e-05
3.6518e-05
3.6628e-05
3.6535e-05
3.6643e-05
3.652e-05
3.6637e-05
3.6637e-05
3.6631e-05
3.6619e-05
3.6545e-05
3.6646e-05
3.6639e-05
3.6601e-05
3.6653e-05
3.6613e-05
3.6668e-05
3.662e-05
3.6653e-05
3.661e-05
3.6642e-05
3.6621e-05
3.6657e-05
3.6626e-05
3.6634e-05
3.6516e-05
3.6668e-05
3.6619e-05
3.6647e-05
3.6635e-05
3.6623e-05
3.6632e-05
3.6634e-05
3.6606e-05
3.6645e-05
3.6622e-05
3.6642e-05
3.6621e-05
3.6644e-05
3.6646e-05
3.6634e-05
3.6631e-05
3.6613e-05
3.6648e-05
3.6626e-05
3.6645e-05
3.6622e-05
3.6621e-05
3.664e-05
3.6632e-05
3.6619e-05
3.6621e-05
3.6613e-05
3.6635e-05
3.6623e-05
3.666e-05
3.6611e-05
3.6644e-05
3.6536e-05
3.664e-05
3.6619e-05
3.6626e-05
3.6615e-05
3.6623e-05
3.6642e-05
3.6649e-05
3.6609e-05
3.6633e-05
3.662e-05
3.6631e-05
4.5987e-05
3.6611e-05
3.6701e-05
3.6531e-05
3.6562e-05
3.6513e-05
3.6544e-05
3.6679e-05
3.6534e-05
3.6514e-05
3.6646e-05
3.6525e-05
3.6566e-05
3.6608e-05
3.6506e-05
3.6609e-05
3.6561e-05
3.6547e-05
3.6552e-05
3.6644e-05
3.6534e-05
3.6624e-05
3.6622e-05
