#time [s]
6.671e-06
6.518e-06
6.593e-06
6.858e-06
6.778e-06
6.912e-06
6.879e-06
6.874e-06
6.89e-06
6.816e-06
6.878e-06
6.892e-06
6.858e-06
6.891e-06
6.875e-06
6.906e-06
6.883e-06
6.807e-06
6.825e-06
6.892e-06
6.851e-06
6.915e-06
6.889e-06
6.89e-06
6.832e-06
9.932e-06
6.908e-06
6.88e-06
6.907e-06
6.88e-06
6.86e-06
6.794e-06
6.818e-06
6.872e-06
6.829e-06
6.826e-06
6.841e-06
6.886e-06
6.794e-06
6.853e-06
6.857e-06
6.912e-06
6.84e-06
6.872e-06
6.852e-06
6.836e-06
6.943e-06
6.829e-06
6.862e-06
6.807e-06
6.875e-06
6.898e-06
6.852e-06
6.839e-06
6.843e-06
6.873e-06
6.795e-06
6.888e-06
6.962e-06
6.89e-06
6.89e-06
6.818e-06
6.885e-06
7.041e-06
6.888e-06
6.891e-06
6.838e-06
6.873e-06
6.883e-06
6.883e-06
6.826e-06
6.848e-06
6.893e-06
6.825e-06
6.854e-06
6.91e-06
6.928e-06
6.869e-06
6.894e-06
6.882e-06
6.965e-06
6.865e-06
6.882e-06
6.877e-06
6.858e-06
6.831e-06
6.868e-06
6.828e-06
6.834e-06
6.892e-06
6.856e-06
6.843e-06
6.833e-06
6.898e-06
6.945e-06
6.885e-06
6.885e-06
6.891e-06
6.854e-06
6.897e-06
