#time [s]
0.001184561
0.001191085
0.001297804
0.001263264
0.001265161
0.001196917
0.001203606
0.001202792
0.001178608
0.001181897
0.001197022
0.001212396
0.001234364
0.001263455
0.001332791
0.001194576
0.001199761
0.001182092
0.001183695
0.001320403
0.001176808
0.001182149
0.001199453
0.001184057
0.001210659
0.001197863
0.001304465
0.001189353
0.001195081
0.001184289
0.001186243
0.001193435
0.00118513
0.001241688
0.001206032
0.001218796
0.001176189
0.001176841
0.001353345
0.001389817
0.001250843
0.001236226
0.001238748
0.001325128
0.001179054
0.001179664
0.001328833
0.001176042
0.001179571
0.001206543
0.001178887
0.001221678
0.001193167
0.001259741
0.001178137
0.001212322
0.001192262
0.001203545
0.001177695
0.001196385
0.001208471
0.001239822
0.001349633
0.001194305
0.001187589
0.001203874
0.001205805
0.001205465
0.001188092
0.001186027
0.001197081
0.001183926
0.001180639
0.001280936
0.00122399
0.001185293
0.001223973
0.001181987
0.001186384
0.001215282
0.001204593
0.001219288
0.001199984
0.001186008
0.001202976
0.001297312
0.001177093
0.001186451
0.001212418
0.001176321
0.001183439
0.001203339
0.001186817
0.001184748
0.001189368
0.001212763
0.001175164
0.00118007
0.001204532
0.001208275
