#time [s]
0.000150655
0.000150645
0.000150599
0.00015059
0.000150566
0.000150561
0.000150538
0.000150577
0.000150557
0.000150578
0.000150594
0.00015058
0.000150575
0.000150557
0.000150535
0.00015057
0.000150581
0.000150586
0.000150554
0.000157206
0.000150651
0.000150578
0.000150605
0.000150596
0.000150567
0.000150593
0.000150567
0.000150552
0.000150563
0.000150521
0.000150584
0.000150574
0.000150558
0.000150562
0.000150584
0.000150543
0.000150538
0.000150541
0.000150549
0.000150544
0.000150528
0.000150571
0.000150559
0.000150499
0.000150561
0.000150548
0.000165666
0.000155457
0.000229261
0.000150705
0.00015083
0.000150777
0.000150557
0.00015743
0.000150589
0.000150554
0.000150561
0.000150555
0.000159365
0.000150637
0.00015063
0.000150598
0.000150578
0.000150575
0.000151029
0.000150563
0.000150561
0.000150545
0.000150568
0.000150554
0.000150582
0.000150525
0.000150606
0.000157516
0.000150645
0.000150607
0.000150598
0.000150727
0.000150533
0.000150566
0.000150575
0.000150575
0.000150508
0.000150575
0.000150586
0.000150574
0.000150567
0.000150584
0.000150576
0.000150553
0.000150578
0.000150579
0.000150567
0.000150587
0.00015056
0.000150583
0.000150577
0.000150568
0.000150558
0.000150563
