#time [s]
5.794e-05
5.8111e-05
5.8126e-05
5.7926e-05
5.8125e-05
5.797e-05
5.9025e-05
5.7953e-05
5.7919e-05
5.7941e-05
5.797e-05
5.7944e-05
5.7927e-05
5.7956e-05
5.7937e-05
5.7947e-05
5.9047e-05
5.7962e-05
6.4019e-05
5.8128e-05
5.7981e-05
5.8487e-05
5.7988e-05
5.7915e-05
5.7976e-05
5.7898e-05
5.7932e-05
5.7948e-05
5.7927e-05
5.7955e-05
5.7945e-05
5.7957e-05
5.907e-05
5.7944e-05
5.7958e-05
5.8164e-05
5.8195e-05
5.8182e-05
5.7997e-05
5.8022e-05
5.8135e-05
5.7973e-05
5.7975e-05
5.7992e-05
5.7951e-05
5.7985e-05
5.7959e-05
5.7987e-05
5.8e-05
5.8123e-05
5.8124e-05
5.793e-05
5.8153e-05
5.7968e-05
5.7937e-05
5.8138e-05
5.7972e-05
5.8006e-05
5.8128e-05
5.7979e-05
5.793e-05
5.7958e-05
5.8125e-05
5.7928e-05
5.8016e-05
5.7999e-05
5.7988e-05
5.7985e-05
5.7908e-05
5.803e-05
5.7973e-05
5.797e-05
5.813e-05
5.7934e-05
5.7968e-05
5.7928e-05
5.7959e-05
5.7946e-05
5.7931e-05
5.8031e-05
5.8118e-05
5.7962e-05
5.7996e-05
5.8072e-05
5.8486e-05
5.796e-05
5.7948e-05
5.7955e-05
5.7941e-05
5.8093e-05
5.7903e-05
5.7961e-05
5.7967e-05
5.7927e-05
5.795e-05
6.4372e-05
5.8029e-05
5.819e-05
5.8195e-05
5.8133e-05
