#time [s]
0.001107223
0.001082348
0.001083631
0.001084075
0.001108801
0.001086691
0.001088916
0.001083392
0.001118382
0.001082163
0.001082092
0.001084439
0.001202795
0.001089667
0.001108967
0.001090722
0.001083446
0.001103536
0.001082273
0.001096287
0.001084409
0.001092039
0.001085313
0.001100366
0.001084067
0.001083395
0.001106233
0.001148686
0.001082128
0.001109395
0.001088852
0.001092272
0.001088334
0.001091233
0.001099925
0.001100246
0.001083344
0.001091899
0.001108451
0.001088967
0.001090402
0.001090338
0.001096776
0.001193512
0.00110879
0.001082075
0.001091733
0.00109058
0.001084429
0.001085144
0.001096622
0.001083528
0.001108905
0.001082091
0.001092462
0.00109271
0.001084412
0.001085059
0.001167408
0.00108359
0.001082781
0.001106958
0.001082256
0.001083878
0.00109197
0.001099235
0.001088801
0.001088712
0.001083407
0.001113407
0.001082507
0.001082232
0.00108637
0.001430652
0.001333559
0.001109963
0.001090959
0.001083996
0.001102873
0.001082087
0.001096874
0.001092518
0.001087814
0.001086514
0.001099414
0.001083678
0.001104033
0.001082043
0.001164325
0.001090747
0.001109304
0.001082542
0.001091999
0.001084101
0.001084671
0.001104838
0.001096357
0.001085213
0.001095312
0.001084066
