#time [s]
5.0037e-05
5.009e-05
5.0012e-05
5.0017e-05
4.999e-05
5.0032e-05
5.0016e-05
4.9986e-05
5.0004e-05
4.9981e-05
5.0025e-05
5.001e-05
4.9973e-05
4.9985e-05
4.9945e-05
4.9965e-05
4.9941e-05
4.9998e-05
4.9944e-05
5.0061e-05
5.0008e-05
5e-05
5.0021e-05
5.0022e-05
5.0001e-05
5.0005e-05
5.0012e-05
5.0036e-05
4.9988e-05
4.9996e-05
5.0003e-05
4.9976e-05
4.998e-05
5.0002e-05
4.9982e-05
4.9941e-05
4.9976e-05
4.9983e-05
5.004e-05
4.9993e-05
5.0007e-05
4.9974e-05
5.0004e-05
5.0004e-05
5.0032e-05
4.9975e-05
5.0006e-05
4.9996e-05
5.0015e-05
4.9991e-05
4.9958e-05
4.9988e-05
4.9981e-05
4.9969e-05
6.0255e-05
5.0116e-05
5.0057e-05
5.0002e-05
4.9991e-05
4.9976e-05
5.004e-05
5.0057e-05
4.9946e-05
4.9995e-05
4.9934e-05
5.0015e-05
5.0016e-05
4.999e-05
4.9992e-05
4.9955e-05
4.9981e-05
5.0031e-05
4.9996e-05
4.9969e-05
4.9988e-05
5.002e-05
5.0019e-05
4.9993e-05
4.9997e-05
5.0008e-05
4.9981e-05
4.9988e-05
4.998e-05
5.6008e-05
5.0116e-05
4.9999e-05
5.0087e-05
5.0059e-05
5.0052e-05
5.0029e-05
5.0015e-05
5.0043e-05
4.9998e-05
4.9999e-05
4.9955e-05
4.9916e-05
5.0078e-05
4.9975e-05
4.9934e-05
5.0067e-05
