#time [s]
5.45e-06
5.377e-06
5.39e-06
5.398e-06
5.388e-06
5.377e-06
5.385e-06
5.391e-06
5.39e-06
5.376e-06
5.378e-06
5.388e-06
5.391e-06
5.381e-06
5.373e-06
5.382e-06
5.394e-06
5.388e-06
5.379e-06
5.376e-06
5.389e-06
5.394e-06
5.377e-06
5.372e-06
5.384e-06
5.392e-06
5.382e-06
5.371e-06
5.379e-06
5.391e-06
5.387e-06
5.374e-06
5.374e-06
5.392e-06
5.399e-06
5.38e-06
5.371e-06
5.381e-06
5.391e-06
5.388e-06
5.378e-06
5.378e-06
5.39e-06
5.391e-06
5.38e-06
5.374e-06
5.385e-06
5.394e-06
5.383e-06
5.373e-06
5.38e-06
5.391e-06
5.388e-06
5.378e-06
5.375e-06
5.386e-06
5.392e-06
5.382e-06
5.373e-06
5.381e-06
5.393e-06
5.385e-06
5.375e-06
5.375e-06
5.389e-06
5.396e-06
5.382e-06
5.373e-06
5.384e-06
5.394e-06
5.387e-06
5.376e-06
5.381e-06
5.392e-06
5.391e-06
5.378e-06
5.376e-06
5.387e-06
5.393e-06
5.382e-06
5.374e-06
5.385e-06
5.395e-06
5.392e-06
5.377e-06
5.379e-06
5.391e-06
5.389e-06
5.385e-06
5.374e-06
5.387e-06
5.396e-06
5.388e-06
5.378e-06
5.381e-06
5.388e-06
5.389e-06
5.379e-06
5.372e-06
5.387e-06
