#time [s]
0.001766268
0.001964671
0.001759716
0.001809125
0.001748043
0.00198187
0.001821284
0.001776961
0.001770191
0.001956834
0.001749435
0.001805681
0.00191382
0.001878621
0.001798811
0.001758842
0.001804983
0.001800349
0.001835911
0.001761042
0.001904713
0.001797332
0.001846699
0.001749614
0.001813662
0.001772141
0.001884089
0.001746746
0.001856574
0.00176795
0.001935136
0.00179415
0.00175925
0.001796485
0.001949287
0.001971087
0.001800953
0.001786676
0.001863873
0.001779055
0.001746935
0.001776825
0.00178662
0.00179965
0.001766692
0.001751588
0.001801873
0.001796228
0.001805364
0.001759988
0.001894028
0.001813763
0.00179356
0.001748303
0.001762562
0.001808321
0.001755405
0.001770759
0.001873443
0.001829227
0.001749805
0.001812785
0.001761448
0.001808556
0.001775275
0.001876526
0.001772949
0.001777521
0.001811712
0.00180603
0.001778893
0.001790022
0.00176104
0.001845565
0.001761405
0.001808085
0.001852801
0.001759262
0.001827107
0.001775239
0.001936662
0.001794627
0.001803435
0.001746799
0.001789823
0.001764205
0.001785319
0.001793748
0.001889764
0.001819758
0.001748352
0.001788907
0.001748822
0.001775991
0.001771961
0.001795536
0.001832684
0.001822403
0.001752734
0.001806538
