#time [s]
6.172e-06
6.041e-06
6.05e-06
6.048e-06
6.035e-06
5.911e-06
6.042e-06
5.919e-06
6.023e-06
5.91e-06
6.048e-06
5.922e-06
6.033e-06
6.025e-06
6.04e-06
6.047e-06
5.908e-06
6.029e-06
5.919e-06
6.044e-06
6.036e-06
6.034e-06
6.045e-06
6.04e-06
6.035e-06
5.911e-06
6.041e-06
6.042e-06
6.028e-06
6.029e-06
6.048e-06
6.042e-06
6.026e-06
6.029e-06
6.047e-06
6.044e-06
6.028e-06
6.034e-06
6.053e-06
6.041e-06
6.032e-06
6.031e-06
6.048e-06
5.918e-06
6.029e-06
6.031e-06
6.042e-06
6.037e-06
6.023e-06
6.036e-06
6.048e-06
6.037e-06
5.904e-06
6.039e-06
6.047e-06
5.918e-06
6.027e-06
5.917e-06
6.045e-06
5.919e-06
6.025e-06
6.037e-06
6.044e-06
5.915e-06
6.024e-06
6.033e-06
6.045e-06
6.041e-06
6.024e-06
6.033e-06
6.05e-06
6.036e-06
5.905e-06
6.042e-06
5.925e-06
6.04e-06
5.902e-06
6.042e-06
5.925e-06
6.037e-06
5.908e-06
6.035e-06
5.933e-06
6.043e-06
5.908e-06
6.044e-06
5.935e-06
6.034e-06
5.908e-06
6.044e-06
5.925e-06
6.035e-06
6.03e-06
6.045e-06
5.926e-06
6.035e-06
5.904e-06
6.043e-06
5.925e-06
6.04e-06
