#time [s]
0.002077285
0.002089172
0.002061561
0.002133106
0.001985382
0.001710658
0.001683806
0.001689658
0.001693973
0.001790082
0.001705038
0.001679793
0.001696317
0.001791113
0.001716288
0.00178891
0.001695718
0.001716651
0.001679862
0.001694322
0.001749777
0.001695639
0.001753745
0.001708841
0.001689958
0.001762498
0.001728728
0.001679855
0.001692847
0.001695749
0.001710014
0.001795564
0.001723586
0.001688714
0.001688572
0.001702557
0.0017823
0.001696043
0.001693682
0.0016897
0.001693744
0.001832399
0.001787718
0.001714671
0.001680965
0.001703771
0.00170016
0.001699733
0.001707195
0.00168615
0.001813637
0.001718735
0.001691801
0.001704831
0.00169595
0.00168356
0.00168605
0.001707386
0.00171445
0.001699355
0.001753882
0.001690472
0.001690608
0.001684249
0.001733027
0.001688031
0.001701565
0.001691006
0.001686094
0.001781874
0.00171124
0.00168933
0.001701023
0.001706886
0.001729067
0.001689314
0.001701765
0.001689658
0.001791156
0.002090256
0.001765426
0.001729873
0.001743745
0.001737377
0.001708175
0.001712696
0.001680593
0.001699593
0.001785309
0.001689179
0.001704521
0.001695119
0.001690962
0.001693287
0.001695077
0.001691178
0.001714935
0.001819291
0.001680463
0.001691788
