#time [s]
0.000280284
0.000291505
0.000287397
0.000283246
0.000290079
0.000261792
0.000264489
0.000261573
0.000261946
0.000361751
0.00026296
0.000261665
0.000261578
0.000261958
0.000262694
0.000261612
0.000262011
0.000261755
0.000262003
0.000261612
0.000271483
0.000262582
0.000268271
0.00026229
0.000260585
0.000291595
0.000289923
0.000261434
0.000262167
0.000262108
0.000262429
0.000261935
0.000262941
0.000260907
0.000300366
0.000288582
0.000261608
0.000262138
0.000262115
0.000261395
0.000261301
0.000261168
0.000261434
0.000264183
0.000261495
0.000261691
0.00026266
0.000261851
0.000271486
0.000262605
0.000263472
0.000266965
0.000262694
0.00026536
0.0002653
0.000286633
0.000281005
0.000262898
0.000317704
0.000260732
0.000262851
0.000261302
0.000271822
0.00026241
0.000262369
0.000316126
0.000260303
0.000260881
0.000309018
0.00026085
0.000262236
0.000296291
0.000261925
0.000261326
0.00026149
0.000269761
0.000262181
0.000262465
0.000261995
0.000260534
0.000264207
0.000262112
0.000261241
0.000265287
0.000261912
0.000261436
0.000264242
0.000261493
0.000262205
0.000262262
0.000279134
0.000261867
0.000262384
0.000265096
0.000261621
0.000261384
0.000260982
0.000261784
0.000261194
0.000261494
