#time [s]
8.13e-07
7.94e-07
7.94e-07
7.99e-07
7.94e-07
7.93e-07
8.29e-07
7.89e-07
7.89e-07
7.91e-07
7.87e-07
7.89e-07
7.87e-07
7.94e-07
7.92e-07
7.91e-07
7.88e-07
7.91e-07
7.92e-07
7.93e-07
7.92e-07
7.91e-07
8.05e-07
8.02e-07
7.96e-07
8.04e-07
7.9e-07
7.94e-07
7.86e-07
7.9e-07
7.91e-07
7.86e-07
7.89e-07
7.93e-07
7.89e-07
7.92e-07
7.93e-07
7.9e-07
7.88e-07
7.93e-07
7.85e-07
7.86e-07
7.91e-07
7.87e-07
7.9e-07
7.94e-07
7.88e-07
8.07e-07
7.91e-07
7.91e-07
7.88e-07
7.96e-07
7.92e-07
7.96e-07
7.94e-07
7.88e-07
8.27e-07
7.94e-07
7.94e-07
7.92e-07
7.97e-07
7.91e-07
7.94e-07
7.93e-07
7.91e-07
7.93e-07
7.9e-07
7.9e-07
7.88e-07
7.91e-07
7.89e-07
7.91e-07
7.9e-07
7.89e-07
7.92e-07
7.94e-07
7.96e-07
7.92e-07
7.91e-07
8.02e-07
7.88e-07
7.96e-07
7.92e-07
7.94e-07
7.92e-07
7.91e-07
7.91e-07
8.07e-07
7.89e-07
7.91e-07
7.91e-07
7.91e-07
7.88e-07
7.93e-07
7.93e-07
7.92e-07
7.94e-07
7.89e-07
7.91e-07
7.95e-07
