#time [s]
0.000240983
0.000225586
0.000225676
0.000222767
0.000222678
0.000222039
0.000222314
0.000221414
0.000222218
0.000231333
0.000223022
0.000257671
0.00026939
0.000221754
0.000221008
0.000275319
0.000248343
0.000219263
0.000256322
0.00021939
0.000219432
0.000219421
0.000219525
0.000219009
0.000219032
0.000219868
0.000221111
0.000219314
0.000220923
0.000219279
0.000221202
0.000219501
0.000224118
0.000219462
0.000222864
0.000224857
0.000223261
0.000223602
0.000224996
0.000223296
0.000237593
0.000220206
0.000220026
0.000219955
0.000219957
0.000224679
0.000219719
0.000221658
0.000219974
0.000224812
0.000245001
0.000218882
0.000218881
0.000218839
0.000218841
0.00021883
0.000228011
0.000219089
0.000218953
0.000219096
0.00021911
0.000219064
0.000221132
0.000219321
0.000219311
0.000219306
0.000221256
0.000219566
0.000226919
0.000219824
0.000220021
0.000219953
0.000251421
0.000221049
0.000287932
0.000242852
0.000219444
0.000219335
0.000219248
0.000256806
0.00021916
0.000219121
0.000220154
0.000219001
0.000218993
0.000242179
0.000222903
0.000219881
0.000219115
0.000219259
0.000221264
0.00021885
0.000218917
0.000220788
0.000223481
0.000219095
0.000219106
0.000226272
0.000219354
0.000219403
