#time [s]
0.001531143
0.001524344
0.001622972
0.001534644
0.001539203
0.001524245
0.001533222
0.001697892
0.001582628
0.001537681
0.001528428
0.001529662
0.001567534
0.001563162
0.001533463
0.00152224
0.001527834
0.001520077
0.001568941
0.001530266
0.001520146
0.001554169
0.001538534
0.001551194
0.00155718
0.001524059
0.001608473
0.001559039
0.001529351
0.00153173
0.001542542
0.001527706
0.001541861
0.001561192
0.001534223
0.001564812
0.001649527
0.001517733
0.001529068
0.001524687
0.001572216
0.001520578
0.001540263
0.00152989
0.001537595
0.001631613
0.001579131
0.001533362
0.001521533
0.001529081
0.00157411
0.00154773
0.001532721
0.001523144
0.001549031
0.00159424
0.001562673
0.00154717
0.001521434
0.001560804
0.001531604
0.001562773
0.001556022
0.001544622
0.001666377
0.001607349
0.001542571
0.001521877
0.001547897
0.001523982
0.001550036
0.001555908
0.001539356
0.001598481
0.001554874
0.001530094
0.001522706
0.001540542
0.001590653
0.001528272
0.001550611
0.001521115
0.001535542
0.001627017
0.001598709
0.001537471
0.001532739
0.001585033
0.001531163
0.001558378
0.001551759
0.001534814
0.00165246
0.001545672
0.001518438
0.001538801
0.001524227
0.001549638
0.001547561
0.001547297
