#time [s]
0.003882877
0.002862397
0.002849876
0.002999763
0.002773991
0.002787897
0.002849358
0.002931656
0.002811451
0.002811117
0.002872182
0.002828679
0.002818224
0.002766116
0.002797241
0.002789639
0.002937513
0.002788796
0.002786703
0.002827655
0.002921679
0.002917605
0.002847973
0.002815964
0.0027919
0.003070854
0.002861263
0.002884227
0.002926967
0.002845679
0.002832591
0.002756073
0.002823813
0.003121665
0.002743561
0.002807327
0.002827453
0.002889295
0.002790911
0.002891636
0.002818774
0.002797304
0.002802313
0.002857133
0.002869014
0.002966623
0.002871082
0.00286464
0.002806041
0.002851424
0.002877163
0.002768188
0.002905743
0.002848171
0.003036225
0.002806253
0.00290045
0.00287888
0.002917819
0.002874754
0.002791944
0.002789443
0.002858992
0.002973965
0.002782197
0.002782073
0.002813216
0.003002632
0.002814609
0.002862378
0.002791135
0.00301072
0.002846022
0.002840725
0.00291681
0.003043227
0.002824128
0.002869833
0.002891041
0.003037631
0.002853986
0.00285588
0.002800642
0.002788598
0.002875963
0.002760345
0.002986308
0.00278725
0.003205265
0.002995107
0.002824874
0.002804995
0.002859173
0.002863087
0.002829413
0.002800496
0.002837394
0.002837888
0.002833395
0.002780683
