#time [s]
1.1069e-05
1.1021e-05
1.1055e-05
1.1048e-05
1.1048e-05
1.1069e-05
1.1025e-05
1.1056e-05
1.1048e-05
1.1036e-05
1.1067e-05
1.1027e-05
1.1052e-05
1.1049e-05
1.1042e-05
1.1066e-05
1.1037e-05
1.1057e-05
1.1045e-05
1.1038e-05
1.107e-05
1.1045e-05
1.1056e-05
1.1073e-05
1.1037e-05
1.1084e-05
1.104e-05
1.107e-05
1.1061e-05
1.1042e-05
1.1067e-05
1.1045e-05
1.105e-05
1.1065e-05
1.1035e-05
1.1069e-05
1.1047e-05
1.105e-05
1.1065e-05
1.1026e-05
1.1065e-05
1.104e-05
1.1043e-05
1.1059e-05
1.1036e-05
1.106e-05
1.1051e-05
1.1038e-05
1.1068e-05
1.1034e-05
1.1058e-05
1.1071e-05
1.1039e-05
1.1071e-05
1.1048e-05
1.1064e-05
1.1057e-05
1.1045e-05
1.1067e-05
1.1049e-05
1.1056e-05
1.1076e-05
1.1025e-05
1.1086e-05
1.1039e-05
1.1065e-05
1.1056e-05
1.1041e-05
1.1066e-05
1.1045e-05
1.1036e-05
1.1063e-05
1.1036e-05
1.1069e-05
1.1046e-05
1.1045e-05
1.1066e-05
1.7256e-05
1.1157e-05
1.1064e-05
1.1099e-05
1.1092e-05
1.1037e-05
1.107e-05
1.1038e-05
1.1059e-05
1.1048e-05
1.103e-05
1.106e-05
1.1032e-05
1.1049e-05
1.1047e-05
1.1039e-05
1.1062e-05
1.1031e-05
1.1044e-05
1.1053e-05
1.1038e-05
1.106e-05
1.1034e-05
