#time [s]
8.9e-07
7.85e-07
7.62e-07
7.64e-07
7.64e-07
7.66e-07
7.65e-07
7.66e-07
7.65e-07
7.66e-07
7.63e-07
7.7e-07
7.63e-07
7.63e-07
7.61e-07
7.63e-07
7.62e-07
7.62e-07
7.6e-07
7.62e-07
7.61e-07
7.62e-07
7.59e-07
7.61e-07
7.59e-07
7.62e-07
7.6e-07
7.6e-07
7.61e-07
7.62e-07
7.62e-07
7.63e-07
7.62e-07
7.64e-07
7.63e-07
7.63e-07
7.63e-07
7.65e-07
7.63e-07
7.64e-07
7.63e-07
7.64e-07
7.62e-07
7.63e-07
7.61e-07
7.61e-07
7.61e-07
7.62e-07
7.6e-07
7.61e-07
7.6e-07
7.62e-07
7.6e-07
7.61e-07
7.61e-07
7.63e-07
7.61e-07
7.62e-07
7.62e-07
7.63e-07
7.63e-07
7.88e-07
7.62e-07
7.64e-07
7.62e-07
7.64e-07
7.64e-07
7.64e-07
7.62e-07
7.63e-07
7.63e-07
7.63e-07
7.62e-07
7.62e-07
7.61e-07
7.62e-07
7.6e-07
7.61e-07
7.6e-07
7.61e-07
7.59e-07
7.6e-07
7.61e-07
7.62e-07
7.61e-07
7.62e-07
7.62e-07
7.62e-07
7.62e-07
7.63e-07
7.62e-07
7.63e-07
7.63e-07
7.63e-07
7.65e-07
7.63e-07
7.64e-07
7.61e-07
7.64e-07
7.63e-07
