#time [s]
1.5419e-05
1.5287e-05
1.53e-05
1.5297e-05
1.5259e-05
1.533e-05
1.5263e-05
1.5287e-05
1.5285e-05
1.5322e-05
1.5298e-05
1.5272e-05
1.5336e-05
1.5276e-05
1.5267e-05
1.5297e-05
1.5274e-05
1.5311e-05
1.5258e-05
1.5284e-05
1.5311e-05
1.5265e-05
1.5303e-05
1.5251e-05
1.5284e-05
1.5313e-05
1.5266e-05
1.5297e-05
1.5268e-05
1.5302e-05
1.5271e-05
1.5289e-05
1.5309e-05
1.5253e-05
1.5297e-05
1.5284e-05
1.529e-05
1.5301e-05
1.5266e-05
1.5322e-05
1.5281e-05
1.5287e-05
1.5269e-05
1.5286e-05
1.5294e-05
1.5268e-05
1.5298e-05
1.5269e-05
1.5266e-05
1.5298e-05
1.5266e-05
1.5309e-05
1.5269e-05
1.5288e-05
1.5291e-05
1.5265e-05
1.5293e-05
1.5264e-05
1.5281e-05
1.53e-05
1.5278e-05
1.5314e-05
1.5267e-05
1.5283e-05
1.5291e-05
1.5257e-05
1.531e-05
1.5274e-05
1.5297e-05
1.5278e-05
1.5283e-05
1.5289e-05
1.5273e-05
1.5292e-05
1.5262e-05
1.5303e-05
1.5295e-05
1.5257e-05
1.5318e-05
1.528e-05
1.529e-05
1.5295e-05
1.5293e-05
1.5309e-05
1.5269e-05
1.5277e-05
1.5285e-05
1.5269e-05
1.5304e-05
1.5264e-05
1.5284e-05
1.5286e-05
1.5297e-05
1.5292e-05
1.5269e-05
1.5306e-05
1.5283e-05
1.5276e-05
1.5289e-05
1.5271e-05
