#time [s]
3.5026e-05
2.7632e-05
2.761e-05
2.758e-05
2.7558e-05
2.7555e-05
2.7538e-05
2.7557e-05
2.7526e-05
2.7556e-05
2.7557e-05
2.7527e-05
2.7556e-05
2.7525e-05
2.752e-05
2.7528e-05
2.7533e-05
2.7518e-05
2.7518e-05
2.7542e-05
2.7536e-05
2.7531e-05
2.7521e-05
2.7527e-05
2.7525e-05
2.7504e-05
2.7553e-05
2.7572e-05
2.7518e-05
2.7534e-05
2.7543e-05
2.754e-05
2.7531e-05
2.7545e-05
2.7552e-05
2.7548e-05
2.7524e-05
2.7515e-05
2.7537e-05
2.7539e-05
2.7534e-05
2.7548e-05
2.7551e-05
2.7532e-05
2.753e-05
2.7536e-05
2.756e-05
2.7561e-05
2.7531e-05
2.7545e-05
2.755e-05
2.7552e-05
2.7553e-05
2.7538e-05
2.7535e-05
2.7525e-05
2.752e-05
2.7525e-05
2.7543e-05
2.7546e-05
2.7569e-05
2.7546e-05
2.7539e-05
2.7527e-05
2.7534e-05
2.752e-05
2.7539e-05
2.7519e-05
2.7526e-05
2.755e-05
2.7557e-05
2.7531e-05
2.7526e-05
2.7541e-05
2.7526e-05
2.7541e-05
2.7519e-05
2.7517e-05
2.7527e-05
2.7553e-05
2.7528e-05
2.7522e-05
2.7514e-05
2.7525e-05
2.7524e-05
2.7527e-05
2.7521e-05
2.7544e-05
2.7526e-05
2.7514e-05
2.7548e-05
2.7544e-05
2.7531e-05
2.7556e-05
2.753e-05
2.7541e-05
2.7535e-05
2.7518e-05
2.7544e-05
2.7518e-05
