#time [s]
6.75e-07
6.29e-07
6.26e-07
6.13e-07
6.15e-07
6.23e-07
6.59e-07
6.3e-07
6.12e-07
6.14e-07
6.17e-07
6.16e-07
6.17e-07
6.14e-07
6.13e-07
6.11e-07
6.16e-07
6.14e-07
6.11e-07
6.17e-07
6.11e-07
6.13e-07
6.15e-07
6.14e-07
6.13e-07
6.17e-07
6.13e-07
6.16e-07
6.17e-07
6.13e-07
6.13e-07
6.17e-07
6.15e-07
6.16e-07
6.19e-07
6.15e-07
6.15e-07
6.15e-07
6.13e-07
6.13e-07
6.17e-07
6.14e-07
6.14e-07
6.18e-07
6.14e-07
6.12e-07
6.15e-07
6.15e-07
6.14e-07
6.14e-07
6.13e-07
6.15e-07
6.17e-07
6.11e-07
6.14e-07
6.14e-07
6.12e-07
6.13e-07
6.14e-07
6.11e-07
6.13e-07
6.16e-07
6.13e-07
6.16e-07
6.2e-07
6.53e-07
6.15e-07
6.16e-07
6.14e-07
6.14e-07
6.18e-07
6.13e-07
6.13e-07
6.17e-07
6.15e-07
6.13e-07
6.17e-07
6.13e-07
6.15e-07
6.14e-07
6.13e-07
6.11e-07
6.15e-07
6.12e-07
6.13e-07
6.18e-07
6.13e-07
6.12e-07
6.16e-07
6.11e-07
6.11e-07
6.16e-07
6.11e-07
6.13e-07
6.14e-07
6.14e-07
6.14e-07
6.15e-07
6.11e-07
6.12e-07
