#time [s]
1.9578e-05
1.9418e-05
1.9431e-05
1.9424e-05
1.9474e-05
1.9454e-05
1.9439e-05
1.9415e-05
1.9411e-05
1.9437e-05
1.9453e-05
1.9422e-05
1.9497e-05
1.9461e-05
1.9427e-05
1.949e-05
1.9424e-05
1.9432e-05
1.9389e-05
1.9426e-05
1.9415e-05
1.9404e-05
1.9382e-05
1.9501e-05
1.9438e-05
1.943e-05
1.9413e-05
1.9415e-05
1.953e-05
1.9395e-05
1.9426e-05
1.9427e-05
1.9414e-05
1.9403e-05
1.9447e-05
1.9523e-05
1.9395e-05
1.9517e-05
1.9438e-05
1.9436e-05
1.9398e-05
1.9435e-05
1.9421e-05
1.9409e-05
1.9408e-05
1.9444e-05
1.9516e-05
1.9406e-05
1.9443e-05
1.954e-05
1.9394e-05
1.9404e-05
1.9437e-05
1.9429e-05
1.9406e-05
1.9413e-05
1.9596e-05
1.9413e-05
1.9409e-05
1.9556e-05
1.9453e-05
1.9405e-05
1.9412e-05
1.9617e-05
1.9407e-05
1.9394e-05
1.9425e-05
1.9535e-05
1.9401e-05
1.9443e-05
1.9428e-05
1.9393e-05
1.9411e-05
1.9431e-05
1.9411e-05
1.9397e-05
1.9415e-05
1.9433e-05
1.9431e-05
1.95e-05
1.9434e-05
1.9509e-05
1.9389e-05
1.9423e-05
1.9427e-05
1.9413e-05
1.9402e-05
1.945e-05
1.9432e-05
2.625e-05
1.9507e-05
1.9493e-05
1.9467e-05
1.9443e-05
1.9398e-05
1.9441e-05
1.9442e-05
1.9397e-05
1.9397e-05
1.9436e-05
