#time [s]
0.001555183
0.001507666
0.001474457
0.001489299
0.001491859
0.001483674
0.00146566
0.001499704
0.001464126
0.001505251
0.00154189
0.001564737
0.001486221
0.001467077
0.001475579
0.001497638
0.001467576
0.00148665
0.001483837
0.001460234
0.001505817
0.001529467
0.001552567
0.001534644
0.001516716
0.001526008
0.001493558
0.001499212
0.001463685
0.001462002
0.001604936
0.001463142
0.001461741
0.001483379
0.00146563
0.001500875
0.001477196
0.001471883
0.001490295
0.001474938
0.001487885
0.001556825
0.001527751
0.001474634
0.001488185
0.001458165
0.001482008
0.001480723
0.001488126
0.001470523
0.00148496
0.001553774
0.001500091
0.001471893
0.001466795
0.00146483
0.001519662
0.0014745
0.001474187
0.001478595
0.001478414
0.001537725
0.001484352
0.001471116
0.001473878
0.001464092
0.001498672
0.001488082
0.001496981
0.0014578
0.001477177
0.001490966
0.001533838
0.001497462
0.001483638
0.001459037
0.001499973
0.001468218
0.001468342
0.001472806
0.001491428
0.001479288
0.001612817
0.001495993
0.001461651
0.001461338
0.001508162
0.001461185
0.001465013
0.001482913
0.001462439
0.001479812
0.00164284
0.001516064
0.001473092
0.00146809
0.001467049
0.00147959
0.001487304
0.001484429
