#time [s]
0.00014369
0.000143675
0.000143998
0.000143824
0.00014363
0.00014371
0.00014359
0.000143602
0.000143685
0.000143587
0.000144806
0.00014361
0.000143584
0.000143616
0.000143429
0.000143631
0.000144866
0.00014997
0.00015873
0.000152108
0.000146963
0.000144025
0.000143637
0.00014361
0.000143927
0.000143966
0.000143964
0.000143676
0.000143538
0.00014403
0.000143604
0.000144011
0.000152304
0.000146002
0.000144033
0.000143854
0.000144541
0.000144511
0.000143668
0.000143586
0.00014368
0.00015062
0.000143785
0.000143988
0.000144003
0.000144001
0.000143441
0.000145861
0.000143587
0.000143615
0.000143599
0.000143622
0.000144551
0.000143997
0.000143598
0.000143644
0.000143999
0.000143454
0.000143576
0.000143734
0.00014372
0.000144804
0.000143585
0.000145784
0.0001493
0.000144133
0.000143992
0.000143996
0.000146431
0.000143577
0.000143567
0.000156302
0.000151248
0.000143977
0.000144
0.000143991
0.000143994
0.000143599
0.000143944
0.00014365
0.00014362
0.000143974
0.000144218
0.000144741
0.000143985
0.000143605
0.000152818
0.000143808
0.00014455
0.000144138
0.000144056
0.000144513
0.000144026
0.000143984
0.000143587
0.000143611
0.000144802
0.000143461
0.000143571
0.000143633
