#time [s]
0.001463755
0.001434815
0.00142596
0.001446138
0.001438334
0.001625961
0.001483584
0.001462394
0.001448038
0.00146556
0.001455051
0.001445229
0.001452965
0.001468032
0.001645223
0.001482838
0.001459817
0.001479915
0.001473721
0.001431078
0.001438769
0.001444068
0.001467027
0.00151687
0.001510692
0.001441951
0.001451442
0.001479371
0.001481512
0.001436538
0.001474485
0.001475935
0.001513713
0.00146356
0.001479915
0.001450452
0.001452889
0.001470171
0.001442845
0.001516614
0.00143142
0.001458441
0.00148941
0.001537325
0.001506062
0.001454141
0.001494267
0.001445387
0.001486553
0.001471781
0.00151033
0.001445922
0.001474413
0.001513418
0.00150559
0.001471046
0.001456556
0.001440049
0.001434137
0.001498866
0.0015953
0.00144627
0.001446511
0.00144109
0.001480888
0.001432074
0.001427681
0.001474865
0.001448493
0.001575163
0.001476955
0.001454101
0.00144177
0.001453931
0.001443635
0.001448883
0.001478397
0.001451504
0.00147619
0.00148517
0.001470456
0.001427219
0.001463025
0.001454328
0.001472106
0.00145834
0.001470695
0.001456349
0.001666015
0.001439943
0.001458693
0.001497988
0.001434902
0.001451836
0.001475266
0.001452941
0.001464859
0.001635732
0.001444239
0.001432602
