#time [s]
8.0594e-05
7.9335e-05
7.917e-05
7.9243e-05
7.9205e-05
7.9229e-05
7.9193e-05
7.9242e-05
7.9153e-05
7.9122e-05
7.916e-05
7.9247e-05
7.9198e-05
7.9206e-05
7.9187e-05
7.9133e-05
7.9242e-05
7.9226e-05
7.9201e-05
7.9159e-05
7.9135e-05
7.9211e-05
7.9078e-05
7.9227e-05
7.9188e-05
7.9259e-05
7.9246e-05
7.9222e-05
7.9262e-05
7.9191e-05
7.923e-05
7.9201e-05
7.9163e-05
8.4842e-05
7.9191e-05
7.9204e-05
7.9212e-05
7.9318e-05
7.9189e-05
7.9204e-05
7.9195e-05
7.9235e-05
8.6386e-05
7.9269e-05
7.922e-05
7.9234e-05
7.9183e-05
7.9198e-05
7.9229e-05
7.9153e-05
7.9197e-05
7.9167e-05
7.921e-05
7.9213e-05
7.9213e-05
7.9169e-05
7.9207e-05
7.9191e-05
7.9158e-05
7.9179e-05
7.922e-05
7.9157e-05
7.9186e-05
7.9223e-05
7.9162e-05
7.9192e-05
7.9167e-05
7.9178e-05
7.9185e-05
7.9227e-05
7.9229e-05
7.9221e-05
7.9209e-05
7.9184e-05
7.9165e-05
7.9202e-05
7.9143e-05
7.9238e-05
7.9221e-05
7.9139e-05
7.9176e-05
7.9229e-05
7.9204e-05
7.907e-05
7.9216e-05
7.9164e-05
7.9133e-05
7.9189e-05
7.9138e-05
7.9158e-05
7.9212e-05
7.9189e-05
7.9185e-05
7.9198e-05
7.9204e-05
7.9203e-05
0.000100302
8.6835e-05
8.7246e-05
7.9283e-05
