#time [s]
0.000929024
0.000892274
0.000923519
0.000890641
0.000976916
0.000953942
0.001065212
0.001017541
0.001082168
0.000904446
0.000943767
0.000907998
0.00089211
0.000893489
0.000965387
0.000903152
0.000892465
0.000893844
0.000895511
0.00093661
0.000949811
0.000926024
0.000892318
0.000901576
0.000893368
0.000893759
0.000892086
0.000897304
0.000930045
0.000928437
0.0009007
0.00089245
0.000898431
0.000900755
0.000897364
0.000894259
0.001035631
0.00096078
0.000901543
0.000890493
0.000892437
0.000893617
0.000895463
0.000898432
0.000920754
0.00089046
0.000892359
0.000922554
0.000890725
0.000892394
0.000894013
0.000909124
0.000983889
0.000931956
0.000890552
0.000899066
0.000919526
0.00089231
0.000890643
0.000929342
0.000890422
0.000892399
0.000898522
0.00091081
0.000900126
0.000908103
0.00089081
0.000890642
0.001011753
0.000893422
0.000891187
0.000890604
0.000901398
0.000894918
0.000931805
0.000911814
0.00090441
0.000892152
0.000894852
0.000895549
0.000913872
0.000893547
0.000893758
0.000902547
0.001003495
0.000928313
0.000979362
0.000894084
0.000901747
0.00089349
0.000895573
0.000897409
0.000926008
0.000922046
0.000890475
0.000892483
0.000905135
0.000897983
0.00089761
0.000895761
