#time [s]
1.7744e-05
1.7684e-05
1.7709e-05
1.7706e-05
1.7652e-05
1.7696e-05
1.7693e-05
1.7683e-05
1.7691e-05
1.7739e-05
1.7714e-05
1.769e-05
1.7659e-05
1.7703e-05
1.7713e-05
1.7672e-05
1.7685e-05
1.772e-05
1.7699e-05
1.7674e-05
1.7682e-05
1.7712e-05
1.7678e-05
1.7689e-05
1.7713e-05
1.7724e-05
1.7672e-05
1.767e-05
1.7694e-05
1.7697e-05
1.7662e-05
1.7689e-05
1.7709e-05
1.77e-05
1.7706e-05
1.7694e-05
1.7697e-05
1.7674e-05
1.7678e-05
1.7702e-05
1.7696e-05
1.7682e-05
1.7681e-05
1.772e-05
1.7679e-05
1.768e-05
1.7699e-05
1.7688e-05
1.7677e-05
1.7692e-05
1.7727e-05
1.7693e-05
1.7655e-05
1.7688e-05
1.7728e-05
1.7693e-05
1.7642e-05
1.7683e-05
1.7729e-05
1.7695e-05
1.7678e-05
1.7703e-05
1.7685e-05
1.7663e-05
1.7696e-05
1.7709e-05
1.7695e-05
1.7666e-05
1.7706e-05
1.7693e-05
2.3737e-05
1.7693e-05
1.7686e-05
1.7708e-05
1.7667e-05
1.7674e-05
1.7703e-05
1.77e-05
1.7666e-05
1.7695e-05
1.7697e-05
1.768e-05
1.7687e-05
1.7698e-05
1.7705e-05
1.7687e-05
1.765e-05
1.7695e-05
1.77e-05
1.7667e-05
1.7685e-05
1.7723e-05
1.7705e-05
1.7677e-05
1.7701e-05
1.7693e-05
1.7698e-05
1.7681e-05
1.7686e-05
1.7726e-05
