#time [s]
2.5179e-05
2.5077e-05
2.5094e-05
2.5098e-05
2.509e-05
2.51e-05
2.5124e-05
2.5076e-05
2.508e-05
2.5117e-05
2.5129e-05
2.5082e-05
2.508e-05
2.5096e-05
2.5076e-05
2.5102e-05
2.5094e-05
2.5104e-05
2.5081e-05
2.509e-05
2.5095e-05
2.5109e-05
3.1706e-05
2.5202e-05
2.5156e-05
2.5145e-05
2.5101e-05
2.5102e-05
2.5111e-05
2.5064e-05
2.5084e-05
2.5069e-05
2.5081e-05
2.5091e-05
2.51e-05
2.5089e-05
2.5095e-05
2.5102e-05
2.5114e-05
2.5088e-05
2.5081e-05
2.5105e-05
2.5078e-05
2.5097e-05
2.5095e-05
2.507e-05
2.5104e-05
2.5121e-05
2.5082e-05
2.5101e-05
2.5102e-05
2.51e-05
2.5125e-05
2.5096e-05
2.5097e-05
2.5087e-05
2.5086e-05
2.5073e-05
2.5069e-05
2.5098e-05
2.5105e-05
2.5123e-05
2.5094e-05
2.5095e-05
2.5093e-05
2.5101e-05
2.5091e-05
2.5094e-05
2.5096e-05
3.3193e-05
2.6225e-05
2.5209e-05
2.5701e-05
2.8678e-05
2.6431e-05
3.267e-05
2.5193e-05
2.5108e-05
2.5109e-05
2.5074e-05
2.5111e-05
2.509e-05
2.5109e-05
2.509e-05
2.5088e-05
2.5082e-05
2.5095e-05
2.5069e-05
2.5166e-05
2.5101e-05
2.5135e-05
2.5114e-05
2.5098e-05
2.5078e-05
2.509e-05
2.5107e-05
2.5088e-05
2.5089e-05
2.5101e-05
2.5074e-05
