#time [s]
0.000196006
0.000196089
0.000196089
0.000203564
0.000196314
0.000195986
0.00019611
0.000196025
0.000196077
0.000195963
0.000196003
0.000196117
0.000196005
0.000196038
0.000196161
0.000195993
0.000195972
0.00019605
0.000195974
0.0001961
0.000195963
0.000196096
0.000196077
0.000207906
0.000196572
0.000195948
0.000196077
0.000196027
0.00019607
0.000202596
0.00019597
0.000196109
0.000195933
0.000196089
0.000196041
0.000196076
0.000196017
0.000196079
0.000196131
0.000196037
0.000195963
0.00019606
0.000225807
0.000196046
0.000196057
0.000196133
0.000196054
0.00019607
0.00019602
0.000195972
0.00019608
0.000196127
0.000196018
0.000196091
0.000196058
0.000195984
0.000196077
0.000196114
0.000196015
0.00019602
0.000203234
0.000196632
0.00019611
0.000196162
0.000246566
0.000202878
0.00019609
0.00019604
0.000195981
0.000196075
0.000196092
0.000196014
0.000205434
0.000205009
0.000196039
0.000195997
0.000196165
0.000196004
0.000196025
0.000203124
0.000196225
0.000196043
0.000196016
0.000196098
0.000196137
0.000196077
0.000196
0.000196098
0.000196073
0.000196083
0.000196053
0.00019605
0.000196
0.000196101
0.000196042
0.000196099
0.000196062
0.000196053
0.000196378
0.000196098
