#time [s]
1.0928e-05
1.0725e-05
1.0673e-05
1.0702e-05
1.0688e-05
1.0665e-05
1.0706e-05
1.0659e-05
1.0699e-05
1.0688e-05
1.0673e-05
1.0694e-05
1.0652e-05
1.0686e-05
1.0672e-05
1.0703e-05
1.0684e-05
1.0659e-05
1.0697e-05
1.0673e-05
1.0686e-05
1.0681e-05
1.688e-05
1.0775e-05
1.0693e-05
1.0731e-05
1.068e-05
1.0694e-05
1.0665e-05
1.0716e-05
1.0685e-05
1.0664e-05
1.07e-05
1.0665e-05
1.0697e-05
1.0663e-05
1.0701e-05
1.0691e-05
1.0664e-05
1.0737e-05
1.0672e-05
1.0697e-05
1.0691e-05
1.0673e-05
1.0701e-05
1.066e-05
1.0693e-05
1.068e-05
1.0669e-05
1.0698e-05
1.0661e-05
1.0726e-05
1.0667e-05
1.0684e-05
1.0688e-05
1.0665e-05
1.0691e-05
1.0666e-05
1.0689e-05
1.0679e-05
1.0679e-05
1.0708e-05
1.0666e-05
1.0687e-05
1.0676e-05
1.0673e-05
1.0676e-05
1.0669e-05
1.0701e-05
1.0661e-05
1.0687e-05
1.0706e-05
1.0674e-05
1.0688e-05
1.0654e-05
1.0693e-05
1.0698e-05
1.0679e-05
1.0674e-05
1.0657e-05
1.0697e-05
1.0661e-05
1.0684e-05
1.0681e-05
1.0706e-05
1.069e-05
1.0665e-05
1.0686e-05
1.0678e-05
1.0678e-05
1.0685e-05
1.0664e-05
1.069e-05
1.0664e-05
1.0681e-05
1.0682e-05
1.0669e-05
1.0725e-05
1.0653e-05
1.0681e-05
