#time [s]
1.226e-06
6.39e-07
6.25e-07
6.37e-07
6.32e-07
6.24e-07
6.31e-07
6.35e-07
6.33e-07
6.13e-07
6.15e-07
6.11e-07
6.15e-07
6.13e-07
6.13e-07
6.13e-07
6.15e-07
6.14e-07
6.09e-07
6.12e-07
6.11e-07
6.11e-07
6.13e-07
6.1e-07
6.12e-07
6.09e-07
6.11e-07
6.12e-07
6.11e-07
6.08e-07
6.12e-07
6.13e-07
6.08e-07
6.12e-07
6.11e-07
6.08e-07
6.08e-07
6.29e-07
6.09e-07
6.09e-07
6.11e-07
6.12e-07
6.08e-07
6.12e-07
6.12e-07
6.1e-07
6.08e-07
6.12e-07
6.11e-07
6.11e-07
6.13e-07
6.13e-07
6.11e-07
6.11e-07
6.14e-07
6.12e-07
6.12e-07
6.13e-07
6.13e-07
6.13e-07
6.13e-07
6.1e-07
6.1e-07
6.1e-07
6.12e-07
6.13e-07
6.12e-07
6.13e-07
6.1e-07
6.13e-07
6.11e-07
6.12e-07
6.1e-07
6.11e-07
6.11e-07
6.12e-07
6.11e-07
6.11e-07
6.1e-07
6.28e-07
6.1e-07
6.12e-07
6.11e-07
6.1e-07
6.11e-07
6.11e-07
6.12e-07
6.12e-07
6.12e-07
6.11e-07
6.12e-07
6.09e-07
6.1e-07
6.15e-07
6.11e-07
6.13e-07
6.11e-07
6.14e-07
6.14e-07
6.11e-07
