#time [s]
4.894e-06
4.895e-06
4.897e-06
4.886e-06
4.888e-06
4.862e-06
4.883e-06
4.884e-06
4.892e-06
4.876e-06
4.858e-06
4.855e-06
4.881e-06
4.885e-06
4.894e-06
4.888e-06
4.884e-06
4.873e-06
4.863e-06
4.863e-06
4.881e-06
4.876e-06
4.855e-06
4.847e-06
4.874e-06
4.865e-06
4.865e-06
4.861e-06
4.855e-06
4.858e-06
4.87e-06
4.879e-06
4.872e-06
4.854e-06
4.861e-06
4.884e-06
4.873e-06
4.899e-06
4.873e-06
4.856e-06
4.848e-06
4.853e-06
4.884e-06
4.87e-06
4.873e-06
4.869e-06
4.853e-06
4.868e-06
4.863e-06
4.868e-06
4.883e-06
4.859e-06
4.85e-06
4.874e-06
4.892e-06
4.875e-06
4.855e-06
4.862e-06
4.88e-06
4.877e-06
4.893e-06
4.873e-06
4.873e-06
4.862e-06
4.868e-06
4.872e-06
4.881e-06
4.859e-06
4.864e-06
4.852e-06
4.873e-06
4.868e-06
4.879e-06
4.856e-06
4.86e-06
4.854e-06
4.876e-06
4.876e-06
4.875e-06
4.855e-06
4.857e-06
4.857e-06
4.872e-06
4.891e-06
4.874e-06
4.853e-06
4.861e-06
4.858e-06
4.874e-06
4.889e-06
4.871e-06
4.851e-06
4.867e-06
4.861e-06
4.864e-06
4.887e-06
4.863e-06
4.849e-06
4.868e-06
4.864e-06
