#time [s]
0.001546649
0.001428636
0.001487991
0.001451021
0.001430297
0.001435353
0.001457514
0.001428997
0.001478076
0.001498853
0.001430692
0.001584266
0.001531976
0.001464724
0.001443983
0.001458325
0.001471097
0.001433561
0.001436625
0.001475369
0.001473104
0.001444057
0.001534159
0.001463417
0.001437236
0.0014293
0.001458827
0.00145735
0.001433793
0.001426951
0.001441418
0.001437527
0.001476647
0.001583511
0.001466699
0.001438838
0.00142939
0.001432964
0.001541902
0.001436881
0.001442989
0.001431204
0.001445543
0.001587846
0.001490871
0.001437856
0.00144563
0.001430073
0.001485148
0.001437901
0.001450094
0.001472061
0.001427135
0.001436447
0.001579262
0.001464434
0.001461144
0.001425581
0.001432082
0.001453686
0.001447401
0.00145249
0.00146581
0.001432882
0.001454199
0.00151914
0.001476478
0.001429477
0.001489343
0.001444305
0.001428726
0.001428742
0.001450746
0.001446969
0.001452266
0.001521622
0.001477553
0.001447885
0.001430735
0.001430894
0.001481981
0.001426937
0.001442096
0.001430204
0.001433749
0.001579612
0.001476269
0.001428564
0.001440654
0.001432266
0.001461443
0.001457635
0.00144182
0.001468632
0.0014274
0.001430541
0.001514036
0.001463188
0.001449483
0.001453738
