#time [s]
8.46e-07
8.37e-07
8.29e-07
8.28e-07
8.29e-07
8.26e-07
8.28e-07
8.27e-07
8.28e-07
8.31e-07
8.3e-07
8.26e-07
8.27e-07
8.26e-07
8.27e-07
8.27e-07
8.28e-07
8.3e-07
8.29e-07
8.28e-07
8.3e-07
8.28e-07
8.3e-07
8.28e-07
8.29e-07
8.29e-07
8.31e-07
8.29e-07
8.3e-07
8.28e-07
8.3e-07
8.28e-07
8.29e-07
8.28e-07
8.29e-07
8.27e-07
8.3e-07
8.26e-07
8.27e-07
8.25e-07
8.28e-07
8.26e-07
8.28e-07
8.26e-07
8.28e-07
8.27e-07
8.28e-07
8.27e-07
8.29e-07
8.28e-07
8.29e-07
8.28e-07
8.3e-07
8.28e-07
8.3e-07
8.28e-07
8.3e-07
8.29e-07
8.3e-07
8.27e-07
8.28e-07
8.28e-07
8.28e-07
8.27e-07
8.28e-07
8.29e-07
8.28e-07
8.25e-07
8.28e-07
8.25e-07
8.26e-07
8.28e-07
8.28e-07
8.28e-07
8.27e-07
8.28e-07
8.27e-07
8.32e-07
8.27e-07
8.28e-07
8.27e-07
8.29e-07
8.29e-07
8.31e-07
8.29e-07
8.31e-07
8.28e-07
8.29e-07
8.28e-07
8.3e-07
8.27e-07
8.28e-07
8.27e-07
8.28e-07
8.27e-07
8.27e-07
8.26e-07
8.27e-07
8.26e-07
8.27e-07
