#time [s]
5.1448e-05
5.1386e-05
5.1381e-05
5.8012e-05
5.1477e-05
5.147e-05
5.1386e-05
5.1416e-05
5.1406e-05
5.1415e-05
5.1454e-05
5.1419e-05
5.143e-05
5.1395e-05
5.1413e-05
5.1373e-05
5.1398e-05
6.1525e-05
5.1536e-05
5.1432e-05
5.1441e-05
5.1419e-05
5.1398e-05
5.1432e-05
5.1418e-05
5.1406e-05
5.1385e-05
5.1376e-05
5.1351e-05
5.1395e-05
5.1429e-05
5.1388e-05
5.1384e-05
5.1417e-05
5.1391e-05
5.139e-05
5.1394e-05
5.1367e-05
5.1388e-05
5.1381e-05
5.1404e-05
5.1403e-05
5.14e-05
5.139e-05
5.14e-05
5.1402e-05
5.1366e-05
5.1424e-05
5.1406e-05
5.1413e-05
5.1391e-05
5.1401e-05
5.1455e-05
5.1448e-05
5.1398e-05
5.1367e-05
5.14e-05
5.1396e-05
5.1382e-05
5.1382e-05
5.1408e-05
5.1422e-05
5.1405e-05
5.1368e-05
5.1361e-05
5.1389e-05
5.1394e-05
5.1388e-05
5.14e-05
5.14e-05
5.1436e-05
5.1387e-05
5.1404e-05
5.1374e-05
5.1398e-05
5.1384e-05
5.1357e-05
5.1401e-05
5.139e-05
5.1416e-05
5.1406e-05
5.1386e-05
5.1382e-05
5.1375e-05
5.1391e-05
5.1397e-05
5.1347e-05
5.1403e-05
5.1401e-05
5.141e-05
5.141e-05
5.1401e-05
5.1378e-05
5.7673e-05
5.1486e-05
5.146e-05
5.1461e-05
5.1416e-05
5.1418e-05
5.1396e-05
