#time [s]
0.00350394
0.003492839
0.003557524
0.00361163
0.003525786
0.003567957
0.003452568
0.003572802
0.003617796
0.003519612
0.003537732
0.003581196
0.003578178
0.003561682
0.003562633
0.003618406
0.003466012
0.003528585
0.003555474
0.003594305
0.004188913
0.003359286
0.002887517
0.002889995
0.002847512
0.002881179
0.002811493
0.00282508
0.002831209
0.003102366
0.002819188
0.002841716
0.002914599
0.002813592
0.002918576
0.002905271
0.002812884
0.002823552
0.002913386
0.002803968
0.002918594
0.002902394
0.002798458
0.002824822
0.002909323
0.002817467
0.0029175
0.002894158
0.002825754
0.002810857
0.00290458
0.002894551
0.002842894
0.002812542
0.002850698
0.002819777
0.002814165
0.002974385
0.002861455
0.002797891
0.002877822
0.002832753
0.002845349
0.002851734
0.002810026
0.002836454
0.002851947
0.002825644
0.002902929
0.002854103
0.002823682
0.002840267
0.002813962
0.002837339
0.00302686
0.002898063
0.002906288
0.002822092
0.002836394
0.002895148
0.002895495
0.002801623
0.002888106
0.002821785
0.002825154
0.002983743
0.002845906
0.002834219
0.002845952
0.002841402
0.002893087
0.002887998
0.002854139
0.002820013
0.002825099
0.00284946
0.002881414
0.002845878
0.00282733
0.002847785
