#time [s]
0.000773443
0.000772705
0.000775662
0.000856255
0.000794751
0.000775312
0.000766711
0.000783441
0.000779034
0.000767657
0.000783085
0.000770282
0.000767314
0.000767229
0.000776203
0.00078422
0.000769525
0.000785358
0.000767133
0.000765231
0.000789239
0.000773023
0.000798594
0.000834332
0.000796015
0.000775759
0.000766153
0.00077002
0.000767159
0.000783559
0.000782054
0.000780821
0.000772411
0.000773196
0.000768436
0.000784286
0.000767958
0.000774411
0.000768585
0.000767667
0.000780681
0.000795247
0.000814509
0.000797958
0.000769295
0.000767296
0.00077713
0.000770212
0.000774203
0.000768481
0.000777206
0.000784302
0.000775869
0.000767642
0.000774579
0.000768742
0.000778598
0.000769837
0.000767113
0.000766921
0.000773969
0.000825984
0.000811849
0.000767576
0.000795856
0.000766072
0.000772486
0.00077568
0.000769225
0.000767114
0.000774853
0.000768493
0.000786777
0.000767898
0.000768759
0.000771654
0.000791272
0.000776103
0.000767681
0.000768546
0.000769041
0.000768135
0.000776028
0.000813831
0.000765637
0.000776602
0.000768037
0.000782299
0.000796058
0.000772207
0.000767176
0.000770826
0.000782529
0.000768999
0.000769587
0.000770884
0.000774197
0.000783283
0.000774289
0.000771157
