#time [s]
0.000598156
0.000598428
0.000600051
0.000621548
0.000590591
0.000590531
0.000623757
0.000590582
0.000590547
0.00060786
0.000592954
0.000590463
0.000591797
0.000600647
0.00059091
0.000590792
0.000590482
0.000590483
0.000591371
0.000590398
0.000606263
0.000591325
0.000608753
0.000590587
0.000603222
0.000592454
0.000594736
0.000611285
0.000596044
0.000596658
0.000595115
0.000595519
0.000598291
0.000592261
0.00067153
0.000629164
0.00059057
0.000590612
0.000615012
0.000591531
0.000597175
0.000599963
0.000590617
0.000590469
0.000592115
0.000591797
0.00059053
0.000591723
0.000604283
0.000590823
0.000591849
0.000614265
0.000590534
0.000590406
0.000590353
0.000601204
0.000597992
0.000594372
0.000592439
0.000590392
0.000595293
0.000592974
0.000610311
0.000693797
0.000590952
0.000590663
0.000618481
0.000607257
0.00059044
0.000598701
0.000590545
0.000598654
0.000593536
0.000590536
0.000591945
0.000590599
0.000606068
0.000593218
0.000590752
0.000590705
0.000597588
0.000597355
0.000590646
0.000612107
0.000599847
0.000590553
0.00062502
0.000613516
0.000590842
0.000590452
0.00060001
0.000679291
0.000591059
0.000592046
0.000626754
0.000590813
0.000590462
0.000598418
0.000591437
0.000605741
