#time [s]
2.155e-05
2.2058e-05
2.2083e-05
2.2058e-05
2.2009e-05
2.1483e-05
2.1989e-05
2.1996e-05
2.1457e-05
2.1967e-05
2.1484e-05
2.1483e-05
2.1471e-05
2.1648e-05
2.1976e-05
2.1963e-05
2.1951e-05
2.1471e-05
2.1486e-05
2.1462e-05
2.147e-05
2.1908e-05
2.1906e-05
2.1905e-05
2.1901e-05
2.1911e-05
2.1471e-05
2.1489e-05
2.1934e-05
2.1469e-05
2.1465e-05
2.1444e-05
2.1453e-05
2.1449e-05
2.1457e-05
2.1473e-05
2.1475e-05
2.1935e-05
2.1485e-05
2.1462e-05
2.1913e-05
2.146e-05
2.1458e-05
2.145e-05
2.1462e-05
2.1467e-05
2.1486e-05
2.1926e-05
2.1483e-05
2.1482e-05
2.1459e-05
2.1457e-05
2.1445e-05
2.1468e-05
2.1478e-05
2.149e-05
2.1479e-05
2.1493e-05
2.1458e-05
2.1447e-05
2.1444e-05
2.1444e-05
2.1464e-05
2.1467e-05
2.148e-05
2.1501e-05
2.1485e-05
2.1471e-05
2.1448e-05
2.1457e-05
2.1452e-05
2.1467e-05
2.1476e-05
2.1477e-05
2.1491e-05
2.1483e-05
2.1471e-05
2.1469e-05
2.1442e-05
2.1459e-05
2.1448e-05
2.1467e-05
2.1921e-05
2.1469e-05
2.1469e-05
2.1465e-05
2.1445e-05
2.1452e-05
2.1459e-05
2.1456e-05
2.1469e-05
2.1476e-05
2.1476e-05
2.1476e-05
2.1455e-05
2.1449e-05
2.1454e-05
2.1447e-05
2.1457e-05
2.1468e-05
