#time [s]
9.9851e-05
9.9846e-05
9.9737e-05
9.9713e-05
9.9727e-05
9.9739e-05
9.9739e-05
9.9774e-05
9.9745e-05
9.9687e-05
0.000153653
9.9871e-05
9.9709e-05
9.9865e-05
9.9743e-05
9.9831e-05
9.9737e-05
9.9754e-05
9.9816e-05
9.9709e-05
9.9696e-05
9.9713e-05
9.9792e-05
9.983e-05
9.9714e-05
9.9687e-05
9.9749e-05
9.9765e-05
9.9811e-05
0.000105835
9.99e-05
9.976e-05
9.9886e-05
9.9732e-05
9.9687e-05
9.9741e-05
9.9771e-05
9.9763e-05
9.9711e-05
9.9771e-05
9.971e-05
9.9663e-05
9.9707e-05
9.9706e-05
9.9753e-05
9.9739e-05
9.9758e-05
9.9682e-05
9.9753e-05
9.9714e-05
9.9705e-05
9.9699e-05
9.9696e-05
9.9745e-05
9.9741e-05
9.9754e-05
9.9687e-05
9.966e-05
9.9771e-05
9.9784e-05
9.9788e-05
9.9736e-05
9.9756e-05
9.9699e-05
9.9676e-05
9.9735e-05
9.9709e-05
9.9717e-05
9.9805e-05
9.9774e-05
9.9699e-05
0.000109157
9.9878e-05
9.99e-05
9.9795e-05
9.9782e-05
9.9768e-05
9.9769e-05
9.9818e-05
9.9758e-05
9.9695e-05
9.9739e-05
9.9865e-05
9.9758e-05
9.9812e-05
9.9687e-05
9.9684e-05
9.9735e-05
9.9725e-05
9.9762e-05
9.9806e-05
0.000103942
9.9746e-05
9.9802e-05
9.969e-05
9.979e-05
9.9758e-05
9.9659e-05
9.983e-05
9.969e-05
