#time [s]
4.5817e-05
4.385e-05
4.3689e-05
4.3714e-05
4.36e-05
4.3665e-05
4.3558e-05
4.3835e-05
4.3632e-05
4.3573e-05
4.3534e-05
6.4462e-05
4.3532e-05
4.3524e-05
4.354e-05
4.3553e-05
4.3536e-05
4.3495e-05
4.3524e-05
4.3558e-05
4.3534e-05
4.3447e-05
4.3478e-05
4.3525e-05
4.3571e-05
4.3591e-05
4.349e-05
4.3503e-05
4.3528e-05
4.3528e-05
4.3514e-05
4.3553e-05
4.3515e-05
4.3568e-05
4.3573e-05
4.3548e-05
4.3516e-05
4.3525e-05
4.3511e-05
4.3484e-05
4.3504e-05
4.3503e-05
4.3509e-05
4.3521e-05
4.3497e-05
4.3524e-05
4.3514e-05
4.3537e-05
4.3552e-05
4.3504e-05
4.3499e-05
4.3509e-05
4.3547e-05
4.3524e-05
4.9853e-05
4.3643e-05
4.3614e-05
4.3605e-05
4.3544e-05
4.3524e-05
4.3518e-05
4.3533e-05
4.3551e-05
4.3544e-05
4.3513e-05
4.351e-05
4.3523e-05
4.3558e-05
4.3513e-05
4.3497e-05
4.3535e-05
4.3558e-05
4.3531e-05
4.3523e-05
4.3495e-05
4.3521e-05
4.3526e-05
4.356e-05
4.3506e-05
4.3493e-05
4.353e-05
4.3576e-05
4.3559e-05
4.353e-05
4.3513e-05
4.3536e-05
4.3546e-05
4.3519e-05
4.3511e-05
4.3514e-05
4.3509e-05
4.3545e-05
4.3547e-05
4.3518e-05
4.3494e-05
4.3548e-05
4.3556e-05
4.3477e-05
4.3504e-05
4.3545e-05
