#time [s]
1.1332e-05
1.1137e-05
1.1087e-05
1.1103e-05
1.1077e-05
1.1109e-05
1.1081e-05
1.1078e-05
1.11e-05
1.1057e-05
1.1095e-05
1.1071e-05
1.1076e-05
1.1105e-05
1.1071e-05
1.11e-05
1.1082e-05
1.1084e-05
1.1091e-05
1.1077e-05
1.1096e-05
1.1085e-05
1.1083e-05
1.1095e-05
1.1069e-05
1.1109e-05
1.1069e-05
1.1102e-05
1.1089e-05
1.1095e-05
1.111e-05
1.1062e-05
1.1096e-05
1.1064e-05
1.1095e-05
1.1085e-05
1.1068e-05
1.1099e-05
1.1066e-05
1.1069e-05
1.109e-05
1.1072e-05
1.1096e-05
1.1071e-05
1.1105e-05
1.1088e-05
1.1069e-05
1.11e-05
1.1079e-05
1.1082e-05
1.1091e-05
1.1065e-05
1.111e-05
1.1054e-05
1.1092e-05
1.1081e-05
1.109e-05
1.1113e-05
1.1077e-05
1.11e-05
1.1082e-05
1.1091e-05
1.1098e-05
1.1083e-05
1.1102e-05
1.1067e-05
1.1101e-05
1.1072e-05
1.1083e-05
1.1107e-05
1.1065e-05
1.1099e-05
1.1079e-05
1.1088e-05
1.1096e-05
1.1073e-05
1.1105e-05
1.1057e-05
1.1095e-05
1.1072e-05
1.1091e-05
1.1105e-05
1.1077e-05
1.1101e-05
1.109e-05
1.1076e-05
1.1115e-05
1.107e-05
1.1107e-05
1.1103e-05
1.1086e-05
1.1086e-05
1.1072e-05
1.1103e-05
1.1068e-05
1.1093e-05
1.1098e-05
1.1067e-05
1.1106e-05
1.1071e-05
