#time [s]
2.309e-06
2.263e-06
2.265e-06
2.27e-06
2.266e-06
2.265e-06
2.263e-06
2.261e-06
2.261e-06
2.256e-06
2.256e-06
2.258e-06
2.26e-06
2.261e-06
2.271e-06
2.267e-06
2.263e-06
2.263e-06
2.258e-06
2.259e-06
2.256e-06
2.256e-06
2.257e-06
2.262e-06
2.261e-06
2.265e-06
2.265e-06
2.265e-06
2.263e-06
2.261e-06
2.26e-06
2.256e-06
2.256e-06
2.257e-06
2.26e-06
2.261e-06
2.265e-06
2.266e-06
2.264e-06
2.262e-06
2.261e-06
2.259e-06
2.256e-06
2.256e-06
2.257e-06
2.259e-06
2.26e-06
2.264e-06
2.264e-06
2.264e-06
2.263e-06
2.261e-06
2.261e-06
2.256e-06
2.256e-06
2.257e-06
2.26e-06
2.261e-06
2.264e-06
2.265e-06
2.264e-06
2.263e-06
2.261e-06
2.258e-06
2.257e-06
2.255e-06
2.257e-06
2.261e-06
2.261e-06
2.264e-06
2.264e-06
2.265e-06
2.263e-06
2.262e-06
2.259e-06
2.257e-06
2.255e-06
2.258e-06
2.26e-06
2.26e-06
2.263e-06
2.266e-06
2.267e-06
2.264e-06
2.261e-06
2.258e-06
2.258e-06
2.256e-06
2.257e-06
2.258e-06
2.26e-06
2.264e-06
2.265e-06
2.265e-06
2.265e-06
2.262e-06
2.262e-06
2.257e-06
2.257e-06
2.256e-06
