#time [s]
0.000712753
0.000713656
0.000711777
0.000714978
0.000713526
0.000737994
0.000721957
0.00071079
0.000722038
0.000711848
0.000713122
0.00071392
0.000713526
0.000822343
0.000731604
0.000708767
0.000742874
0.00073192
0.000723736
0.000709127
0.000710629
0.000709648
0.000711611
0.000732339
0.000713994
0.00071171
0.000711702
0.000711751
0.000723602
0.000710846
0.000741426
0.000709029
0.000708748
0.00071053
0.000711991
0.000791276
0.000709138
0.000743567
0.000709021
0.00071669
0.000710911
0.000711562
0.000742703
0.00070864
0.000721876
0.000710786
0.000711685
0.000714915
0.000711796
0.000713711
0.000710871
0.000713624
0.000710633
0.00071529
0.000748232
0.000720386
0.000814969
0.000709708
0.000741697
0.000708956
0.000716926
0.000733523
0.000711761
0.000715585
0.000711728
0.000709648
0.000754538
0.000709093
0.000708885
0.00071077
0.000709653
0.000721091
0.000712568
0.000716528
0.000715205
0.000711411
0.000718626
0.00079042
0.000741679
0.000710224
0.000708916
0.000708936
0.000717106
0.000712029
0.000712674
0.000712744
0.000710372
0.000710607
0.000728582
0.000712012
0.000717025
0.000735374
0.000708933
0.00071803
0.000710845
0.000711738
0.000712722
0.000714824
0.00072671
0.000786353
