#time [s]
0.000834732
0.000848557
0.00084213
0.000846465
0.000837403
0.000856349
0.000836201
0.000835974
0.000994825
0.000859136
0.000836388
0.000855137
0.000835824
0.000836734
0.000876424
0.000836275
0.000835848
0.000845691
0.000837079
0.000837658
0.000834034
0.000840726
0.000850559
0.000837485
0.000837921
0.000839339
0.000838934
0.000846518
0.000836153
0.00083782
0.000874612
0.000889264
0.000845011
0.000898794
0.000833962
0.000833987
0.000839493
0.000855502
0.000838176
0.000839508
0.000868336
0.000835889
0.000834081
0.000849895
0.00083702
0.0008381
0.000839403
0.000837244
0.000848064
0.000985889
0.000835088
0.000852642
0.000841208
0.000846189
0.000872482
0.000833978
0.000837498
0.000842279
0.000838202
0.00083743
0.000838949
0.000862226
0.000857017
0.000833889
0.000840589
0.000844129
0.000838436
0.00084992
0.000835941
0.000835934
0.000944482
0.000856813
0.000851347
0.00083395
0.000871572
0.000844993
0.000852537
0.000839376
0.000837154
0.000837463
0.000844573
0.00085173
0.000866128
0.000835746
0.000835388
0.000846918
0.000837726
0.000839438
0.000839032
0.000835797
0.001040537
0.000888847
0.000877382
0.000835947
0.000864795
0.000835064
0.00083496
0.000837511
0.00084034
0.000845483
