#time [s]
3.9234e-05
3.9188e-05
3.9152e-05
3.9127e-05
3.9189e-05
3.9192e-05
3.9184e-05
3.9165e-05
3.9166e-05
3.9169e-05
3.9179e-05
3.919e-05
3.9185e-05
3.9173e-05
3.9191e-05
3.9178e-05
3.9189e-05
3.9177e-05
3.9165e-05
3.9192e-05
3.9195e-05
3.9171e-05
3.9188e-05
3.917e-05
3.9198e-05
3.9189e-05
3.9164e-05
3.9196e-05
3.9162e-05
3.9189e-05
3.9181e-05
3.9164e-05
4.8907e-05
3.9284e-05
3.9235e-05
3.9171e-05
3.9181e-05
3.911e-05
3.9142e-05
3.9142e-05
3.9137e-05
3.9135e-05
3.9138e-05
3.9127e-05
3.9176e-05
3.9203e-05
3.9194e-05
3.9166e-05
3.9132e-05
3.9134e-05
3.9127e-05
3.9155e-05
3.9174e-05
3.9118e-05
3.9111e-05
3.9203e-05
3.9161e-05
3.9184e-05
3.9189e-05
3.9178e-05
3.9185e-05
3.9173e-05
3.9199e-05
3.9187e-05
3.9185e-05
3.9178e-05
3.9186e-05
3.9154e-05
3.9193e-05
3.9172e-05
3.9189e-05
3.9179e-05
3.9166e-05
3.9188e-05
3.9165e-05
3.9188e-05
3.9206e-05
3.9158e-05
3.9197e-05
3.9166e-05
3.9181e-05
3.9197e-05
3.9189e-05
3.9175e-05
3.9202e-05
3.9168e-05
3.9206e-05
3.9187e-05
3.9178e-05
3.9193e-05
3.9166e-05
3.9199e-05
3.9184e-05
3.9144e-05
3.9194e-05
3.9178e-05
3.9177e-05
3.9201e-05
3.9141e-05
3.9196e-05
