#time [s]
1.195e-06
1.155e-06
1.159e-06
1.156e-06
1.157e-06
1.155e-06
1.149e-06
1.156e-06
1.154e-06
1.151e-06
1.153e-06
1.158e-06
1.154e-06
1.152e-06
1.159e-06
1.157e-06
1.156e-06
1.155e-06
1.155e-06
1.153e-06
1.158e-06
1.152e-06
1.154e-06
1.154e-06
1.151e-06
1.152e-06
1.151e-06
1.152e-06
1.152e-06
1.147e-06
1.151e-06
1.153e-06
1.152e-06
1.153e-06
1.155e-06
1.156e-06
1.158e-06
1.155e-06
1.158e-06
1.154e-06
1.162e-06
1.159e-06
1.155e-06
1.154e-06
1.155e-06
1.157e-06
1.157e-06
1.151e-06
1.156e-06
1.154e-06
1.152e-06
1.155e-06
1.152e-06
1.154e-06
1.147e-06
1.157e-06
1.153e-06
1.153e-06
1.157e-06
1.159e-06
1.156e-06
1.165e-06
1.157e-06
1.16e-06
1.159e-06
1.154e-06
1.193e-06
1.152e-06
1.152e-06
1.153e-06
1.153e-06
1.158e-06
1.156e-06
1.15e-06
1.153e-06
1.152e-06
1.148e-06
1.154e-06
1.151e-06
1.154e-06
1.158e-06
1.155e-06
1.159e-06
1.155e-06
1.157e-06
1.159e-06
1.158e-06
1.16e-06
1.162e-06
1.155e-06
1.157e-06
1.16e-06
1.153e-06
1.155e-06
1.154e-06
1.153e-06
1.148e-06
1.152e-06
1.15e-06
1.154e-06
