#time [s]
0.000300708
0.000301056
0.000319861
0.00029952
0.000298758
0.000298551
0.000298198
0.000323817
0.000296282
0.000296202
0.000296201
0.000296125
0.000297995
0.000297035
0.000298201
0.000296704
0.000299355
0.00030056
0.000297145
0.000299346
0.000297914
0.000297978
0.000300084
0.000297921
0.00031513
0.0003044
0.000298854
0.000298558
0.000339677
0.000360752
0.000297451
0.000299418
0.000325557
0.000319479
0.000308138
0.000310297
0.000297178
0.000298899
0.000299116
0.000296637
0.000298439
0.000296639
0.000296607
0.000298865
0.000296807
0.000296887
0.000317047
0.000297185
0.000296767
0.000296553
0.000318354
0.000297388
0.000302015
0.000297633
0.00029746
0.000299629
0.000303467
0.000298274
0.000297098
0.00031807
0.000323557
0.000296308
0.000296155
0.000297937
0.000296154
0.00029606
0.000299522
0.000296655
0.0002986
0.000309812
0.000298062
0.000331916
0.000394983
0.000297781
0.000296869
0.000303541
0.00033032
0.000296929
0.000296451
0.000296251
0.000296248
0.000298671
0.000298426
0.000296827
0.000300865
0.000321104
0.000297258
0.000297314
0.000299384
0.000298048
0.000298055
0.000304539
0.000312118
0.000299035
0.000303827
0.00029834
0.000298113
0.000298075
0.000301314
0.000303047
