#time [s]
3.8244e-05
3.8237e-05
3.8102e-05
3.8115e-05
4.4088e-05
3.8165e-05
3.8099e-05
3.8075e-05
3.8118e-05
3.807e-05
3.8078e-05
3.8069e-05
3.8068e-05
3.81e-05
3.8076e-05
3.8113e-05
3.8082e-05
3.8081e-05
3.8104e-05
3.8048e-05
3.8065e-05
3.8073e-05
3.8102e-05
3.8084e-05
3.8078e-05
3.8092e-05
3.809e-05
3.8064e-05
3.806e-05
3.809e-05
3.8086e-05
3.8063e-05
3.8074e-05
3.8073e-05
3.8042e-05
3.8095e-05
4.3012e-05
3.8115e-05
3.811e-05
3.8081e-05
3.8096e-05
3.8102e-05
3.8059e-05
3.8091e-05
3.8067e-05
3.8082e-05
3.8068e-05
3.809e-05
3.8082e-05
3.8078e-05
3.8058e-05
3.8092e-05
3.8083e-05
3.8077e-05
3.807e-05
3.8098e-05
3.8071e-05
3.8093e-05
3.8084e-05
3.8058e-05
3.8088e-05
3.8077e-05
3.8072e-05
3.8082e-05
3.8073e-05
3.8084e-05
3.8053e-05
3.8128e-05
3.8088e-05
3.8121e-05
3.8084e-05
3.8073e-05
3.8083e-05
3.8065e-05
3.8073e-05
3.8114e-05
3.8072e-05
3.8108e-05
3.8071e-05
3.8088e-05
3.8116e-05
3.8068e-05
3.8096e-05
3.8072e-05
3.8097e-05
3.8082e-05
3.8071e-05
3.8095e-05
3.8051e-05
3.8075e-05
3.8127e-05
3.8066e-05
3.8084e-05
3.8094e-05
3.8094e-05
3.8079e-05
3.8063e-05
3.8067e-05
3.8073e-05
3.808e-05
