#time [s]
1.8667e-05
1.8561e-05
1.8537e-05
1.8531e-05
1.8515e-05
1.8572e-05
1.8543e-05
1.8524e-05
1.8556e-05
1.8543e-05
1.8516e-05
1.8557e-05
1.8555e-05
1.8541e-05
1.8548e-05
1.8556e-05
1.8529e-05
1.8516e-05
1.8561e-05
1.853e-05
1.8505e-05
1.8547e-05
1.8533e-05
1.8525e-05
1.8542e-05
1.8542e-05
1.853e-05
1.8535e-05
1.8544e-05
1.8527e-05
1.8549e-05
1.8557e-05
1.853e-05
1.8534e-05
1.8559e-05
1.8559e-05
1.8526e-05
1.8553e-05
1.8536e-05
1.8512e-05
1.8561e-05
1.8535e-05
1.8506e-05
1.8559e-05
1.8543e-05
1.8521e-05
1.8529e-05
1.8551e-05
1.8581e-05
1.8536e-05
1.8534e-05
1.8551e-05
1.8521e-05
1.8537e-05
1.855e-05
1.8511e-05
1.8526e-05
1.8574e-05
1.8522e-05
1.8519e-05
1.8541e-05
1.8527e-05
1.8531e-05
1.8555e-05
1.8535e-05
1.8527e-05
1.8542e-05
1.855e-05
1.8526e-05
1.8535e-05
1.853e-05
1.8529e-05
1.8536e-05
1.8559e-05
1.8556e-05
1.8526e-05
1.8555e-05
1.8548e-05
1.8512e-05
1.8556e-05
1.8551e-05
1.8518e-05
1.8564e-05
1.8527e-05
1.8512e-05
1.8539e-05
1.8529e-05
1.8517e-05
1.8545e-05
1.8584e-05
2.5252e-05
1.8642e-05
1.8562e-05
1.8583e-05
1.853e-05
1.8518e-05
1.8576e-05
1.8537e-05
1.8527e-05
1.8555e-05
