#time [s]
5.624e-06
5.599e-06
5.563e-06
5.567e-06
5.582e-06
5.59e-06
5.581e-06
5.558e-06
5.57e-06
5.581e-06
5.597e-06
5.592e-06
5.569e-06
5.558e-06
5.566e-06
5.601e-06
5.595e-06
5.586e-06
5.583e-06
5.593e-06
5.579e-06
5.581e-06
5.566e-06
5.571e-06
5.573e-06
5.595e-06
5.594e-06
5.586e-06
5.564e-06
5.571e-06
5.591e-06
5.585e-06
5.572e-06
5.581e-06
5.587e-06
5.595e-06
5.574e-06
5.581e-06
5.572e-06
5.58e-06
5.589e-06
5.596e-06
5.574e-06
5.571e-06
5.582e-06
5.587e-06
5.577e-06
5.569e-06
5.572e-06
5.577e-06
5.578e-06
5.611e-06
5.575e-06
5.584e-06
5.582e-06
5.599e-06
5.594e-06
5.577e-06
5.582e-06
5.569e-06
5.592e-06
5.585e-06
5.574e-06
5.582e-06
5.581e-06
5.603e-06
5.585e-06
5.585e-06
5.571e-06
5.592e-06
5.593e-06
5.596e-06
5.575e-06
5.582e-06
5.576e-06
5.584e-06
5.574e-06
5.57e-06
5.577e-06
5.569e-06
5.597e-06
5.593e-06
5.564e-06
5.583e-06
5.581e-06
5.589e-06
5.584e-06
5.572e-06
5.583e-06
5.569e-06
5.585e-06
5.584e-06
5.588e-06
5.571e-06
1.2021e-05
5.678e-06
5.612e-06
5.62e-06
5.611e-06
5.586e-06
