#time [s]
2.8633e-05
2.8576e-05
2.852e-05
2.8524e-05
2.8625e-05
2.8521e-05
2.8516e-05
2.851e-05
2.8514e-05
2.852e-05
2.8515e-05
2.8518e-05
2.853e-05
2.8503e-05
2.8522e-05
2.8509e-05
2.8515e-05
2.8518e-05
2.8517e-05
2.8527e-05
2.8526e-05
2.8514e-05
2.8524e-05
2.8535e-05
2.8511e-05
2.8522e-05
2.852e-05
2.8521e-05
2.8522e-05
2.8513e-05
2.8525e-05
2.852e-05
2.8532e-05
2.8525e-05
2.8511e-05
2.8525e-05
2.8524e-05
2.8518e-05
2.8524e-05
2.8532e-05
2.8531e-05
2.8529e-05
2.8523e-05
2.8514e-05
2.8537e-05
2.8513e-05
2.8539e-05
2.8535e-05
2.8526e-05
2.8516e-05
2.8525e-05
2.8545e-05
2.8529e-05
2.8517e-05
2.8526e-05
2.853e-05
2.8533e-05
2.8531e-05
2.8527e-05
2.8532e-05
2.8525e-05
2.8528e-05
2.8515e-05
2.8552e-05
2.8525e-05
2.8534e-05
2.8535e-05
2.852e-05
2.8535e-05
2.8527e-05
2.8515e-05
2.8517e-05
2.8537e-05
2.8524e-05
2.8508e-05
2.8531e-05
2.852e-05
2.8525e-05
2.8515e-05
2.8518e-05
2.8513e-05
2.8535e-05
2.8534e-05
2.8511e-05
2.8518e-05
2.8527e-05
2.8519e-05
2.852e-05
2.8525e-05
2.8522e-05
2.8508e-05
2.852e-05
2.856e-05
2.8513e-05
2.8525e-05
2.852e-05
2.8521e-05
2.8513e-05
2.8524e-05
2.8533e-05
