#time [s]
1.1177e-05
1.116e-05
1.115e-05
1.1112e-05
1.1164e-05
1.1115e-05
1.1114e-05
1.1129e-05
1.1123e-05
1.1128e-05
1.1116e-05
1.1107e-05
1.1152e-05
1.1109e-05
1.1126e-05
1.1144e-05
1.1107e-05
1.1139e-05
1.1129e-05
1.1117e-05
1.1149e-05
1.1107e-05
1.1153e-05
1.1128e-05
1.1109e-05
1.1141e-05
1.1124e-05
1.1122e-05
1.1147e-05
1.1107e-05
1.1136e-05
1.1133e-05
1.1113e-05
1.114e-05
1.1121e-05
1.1127e-05
1.1142e-05
1.1107e-05
1.1138e-05
1.1127e-05
1.1117e-05
1.1139e-05
1.1118e-05
1.1133e-05
1.1138e-05
1.111e-05
1.114e-05
1.1123e-05
1.1123e-05
1.1135e-05
1.1118e-05
1.1137e-05
1.1131e-05
1.1114e-05
1.6399e-05
1.1136e-05
1.1177e-05
1.1122e-05
1.1124e-05
1.1142e-05
1.1107e-05
1.1134e-05
1.1122e-05
1.1113e-05
1.1138e-05
1.1112e-05
1.1102e-05
1.1105e-05
1.1105e-05
1.1113e-05
1.109e-05
1.1118e-05
1.1113e-05
1.1105e-05
1.113e-05
1.11e-05
1.1108e-05
1.114e-05
1.1086e-05
1.1122e-05
1.111e-05
1.1106e-05
1.1133e-05
1.1119e-05
1.1112e-05
1.1114e-05
1.1106e-05
1.1126e-05
1.1105e-05
1.1105e-05
1.1136e-05
1.109e-05
1.1117e-05
1.1136e-05
1.1082e-05
1.1132e-05
1.1123e-05
1.1084e-05
1.1137e-05
1.1111e-05
