#time [s]
2.684e-06
2.671e-06
2.671e-06
2.668e-06
2.668e-06
2.664e-06
2.662e-06
2.662e-06
2.665e-06
2.667e-06
2.67e-06
2.672e-06
2.665e-06
2.667e-06
2.66e-06
2.663e-06
2.658e-06
2.665e-06
2.663e-06
2.671e-06
2.667e-06
2.67e-06
2.662e-06
2.662e-06
2.661e-06
2.661e-06
2.664e-06
2.668e-06
2.666e-06
2.671e-06
2.664e-06
2.665e-06
2.659e-06
2.66e-06
2.659e-06
2.666e-06
2.665e-06
2.672e-06
2.671e-06
2.668e-06
2.665e-06
2.664e-06
2.662e-06
2.664e-06
2.667e-06
2.671e-06
2.673e-06
2.672e-06
2.668e-06
2.666e-06
2.675e-06
2.663e-06
2.666e-06
2.672e-06
2.67e-06
2.674e-06
2.67e-06
2.669e-06
2.659e-06
2.664e-06
2.657e-06
2.667e-06
2.663e-06
2.672e-06
2.669e-06
2.67e-06
6.649e-06
2.689e-06
2.68e-06
2.677e-06
2.681e-06
2.679e-06
2.674e-06
2.667e-06
2.664e-06
2.663e-06
2.659e-06
2.664e-06
2.665e-06
2.67e-06
2.67e-06
2.671e-06
2.666e-06
2.665e-06
2.626e-06
2.662e-06
2.605e-06
2.612e-06
2.667e-06
2.669e-06
2.669e-06
2.666e-06
2.661e-06
2.659e-06
2.663e-06
2.662e-06
2.665e-06
2.668e-06
2.668e-06
2.667e-06
