#time [s]
0.003986082
0.003820254
0.003797569
0.003866672
0.003904882
0.003815291
0.003827299
0.003779093
0.003878084
0.003958096
0.003801338
0.003859355
0.003785291
0.003934796
0.00381647
0.003819506
0.00380847
0.003790776
0.003920701
0.0038108
0.003810405
0.003790527
0.003919894
0.003835138
0.003792671
0.003839134
0.003864811
0.003826315
0.003833939
0.00379465
0.003844478
0.003841332
0.003828843
0.003810149
0.003790473
0.003974676
0.003804076
0.003816204
0.003821761
0.003883692
0.003837563
0.003812231
0.003805527
0.00381935
0.003921223
0.003803361
0.003801593
0.003829562
0.003950921
0.003803321
0.00382137
0.003814755
0.003903826
0.00383183
0.003811704
0.003800671
0.003808782
0.003900301
0.003810855
0.003806761
0.003818505
0.003893398
0.003797488
0.00382947
0.0038371
0.003945242
0.003799397
0.003796276
0.003805368
0.003885478
0.003823083
0.003811497
0.003820644
0.003807797
0.003971353
0.003785889
0.003831985
0.003794068
0.003855962
0.003849389
0.003801864
0.003843229
0.003788745
0.003907491
0.003805908
0.003801653
0.003823454
0.003917537
0.003815873
0.003821402
0.003833404
0.003880612
0.003801995
0.003823679
0.003833404
0.003799748
0.00397711
0.003795723
0.003879423
0.00378872
