#time [s]
0.000173087
0.000172959
0.000172995
0.000172918
0.000172965
0.000172922
0.000172899
0.000172942
0.000172913
0.000172939
0.000172935
0.000172943
0.000172939
0.00017295
0.000172944
0.00017297
0.000172939
0.000172956
0.000172915
0.000172897
0.00017293
0.000172946
0.000180207
0.00017302
0.000172948
0.000172945
0.000172952
0.000172937
0.000172968
0.000172965
0.000172968
0.000172897
0.000172923
0.000172945
0.0001729
0.000172916
0.000172914
0.000172927
0.000172944
0.000172949
0.000172946
0.000172931
0.000172858
0.000172903
0.000177619
0.000179942
0.000173063
0.00017296
0.000172949
0.000172924
0.000172914
0.000172963
0.000172948
0.000188206
0.000173139
0.000172944
0.000172973
0.000172954
0.000172949
0.000172932
0.000172944
0.000203541
0.000173042
0.000172946
0.000172943
0.000172994
0.000172934
0.000172929
0.000179598
0.000173025
0.000172972
0.000172961
0.000172965
0.000172884
0.000172926
0.000172925
0.000172937
0.000172904
0.000172916
0.000172916
0.000172931
0.000172952
0.000172949
0.000172949
0.000172956
0.000172914
0.000172883
0.000172918
0.000172934
0.000172928
0.000172963
0.000182627
0.000173016
0.000172959
0.000172955
0.000172953
0.000177269
0.000172991
0.000172969
0.000172901
