#time [s]
4.27e-06
4.191e-06
4.177e-06
4.174e-06
4.154e-06
4.156e-06
4.162e-06
4.144e-06
4.151e-06
4.143e-06
4.159e-06
4.146e-06
4.146e-06
4.113e-06
4.113e-06
4.147e-06
4.153e-06
4.158e-06
4.123e-06
4.115e-06
4.136e-06
4.113e-06
4.14e-06
4.156e-06
4.148e-06
4.147e-06
4.113e-06
4.145e-06
4.136e-06
4.16e-06
4.145e-06
4.12e-06
4.15e-06
4.164e-06
4.145e-06
4.123e-06
4.156e-06
4.146e-06
4.153e-06
4.134e-06
4.112e-06
4.142e-06
4.148e-06
4.15e-06
4.148e-06
4.115e-06
4.11e-06
4.143e-06
4.12e-06
4.149e-06
4.123e-06
4.118e-06
4.139e-06
4.115e-06
4.15e-06
4.158e-06
4.15e-06
4.142e-06
4.14e-06
4.134e-06
4.148e-06
4.147e-06
4.156e-06
4.123e-06
4.144e-06
4.133e-06
4.15e-06
4.144e-06
4.126e-06
4.125e-06
4.148e-06
4.114e-06
4.167e-06
4.148e-06
4.147e-06
4.162e-06
4.144e-06
4.114e-06
4.133e-06
4.142e-06
4.147e-06
4.156e-06
4.125e-06
4.116e-06
4.137e-06
4.142e-06
4.142e-06
4.125e-06
4.126e-06
4.15e-06
4.116e-06
4.14e-06
4.148e-06
4.145e-06
4.161e-06
4.145e-06
4.115e-06
1.1542e-05
4.254e-06
4.192e-06
