#time [s]
1.28e-06
1.234e-06
1.23e-06
1.23e-06
1.225e-06
1.228e-06
1.228e-06
1.228e-06
1.228e-06
1.226e-06
1.225e-06
1.228e-06
1.226e-06
1.227e-06
1.226e-06
1.229e-06
1.229e-06
1.229e-06
1.23e-06
1.228e-06
1.229e-06
1.227e-06
1.227e-06
1.225e-06
1.228e-06
1.225e-06
1.23e-06
1.225e-06
1.225e-06
1.224e-06
1.226e-06
1.224e-06
1.228e-06
1.225e-06
1.227e-06
1.227e-06
1.23e-06
1.231e-06
1.229e-06
1.226e-06
1.225e-06
1.225e-06
1.228e-06
1.228e-06
1.226e-06
1.228e-06
1.225e-06
1.228e-06
1.226e-06
1.221e-06
1.226e-06
1.223e-06
1.224e-06
1.225e-06
1.225e-06
1.226e-06
1.232e-06
1.228e-06
1.227e-06
1.229e-06
1.228e-06
1.226e-06
1.226e-06
1.223e-06
1.225e-06
1.225e-06
1.222e-06
1.226e-06
1.222e-06
1.226e-06
1.223e-06
1.228e-06
1.224e-06
1.226e-06
1.226e-06
1.228e-06
1.226e-06
1.228e-06
1.227e-06
1.229e-06
1.226e-06
1.227e-06
1.225e-06
1.226e-06
1.224e-06
1.225e-06
1.222e-06
1.221e-06
1.223e-06
1.222e-06
1.23e-06
1.228e-06
1.227e-06
1.226e-06
1.228e-06
1.228e-06
1.229e-06
1.232e-06
1.23e-06
1.228e-06
