#time [s]
9.75e-06
9.724e-06
9.69e-06
9.672e-06
9.682e-06
9.664e-06
9.677e-06
9.651e-06
9.669e-06
9.677e-06
9.648e-06
9.678e-06
9.654e-06
9.654e-06
9.673e-06
9.638e-06
9.685e-06
9.661e-06
9.652e-06
9.678e-06
9.644e-06
9.676e-06
9.643e-06
9.666e-06
9.655e-06
9.646e-06
9.681e-06
9.651e-06
9.657e-06
1.7489e-05
9.736e-06
9.729e-06
9.677e-06
9.796e-06
9.653e-06
9.666e-06
9.66e-06
9.751e-06
9.684e-06
9.652e-06
9.656e-06
9.753e-06
9.657e-06
9.676e-06
9.658e-06
9.657e-06
9.66e-06
9.644e-06
9.682e-06
9.66e-06
9.671e-06
9.677e-06
9.651e-06
9.676e-06
9.653e-06
9.677e-06
9.651e-06
9.644e-06
9.665e-06
9.646e-06
9.674e-06
9.669e-06
9.644e-06
9.676e-06
9.646e-06
9.663e-06
9.661e-06
9.649e-06
9.681e-06
9.639e-06
9.665e-06
9.682e-06
9.659e-06
9.674e-06
9.665e-06
9.676e-06
9.674e-06
9.645e-06
9.688e-06
9.64e-06
9.672e-06
9.671e-06
9.655e-06
9.679e-06
9.646e-06
9.672e-06
9.653e-06
9.648e-06
9.678e-06
9.642e-06
9.679e-06
9.664e-06
9.669e-06
9.694e-06
9.642e-06
9.661e-06
9.667e-06
9.646e-06
9.667e-06
9.652e-06
