#time [s]
0.0022877
0.0023605
0.002387644
0.002273808
0.00242502
0.002414083
0.002305829
0.002310008
0.002379599
0.002324767
0.002294906
0.002539608
0.002341542
0.002302257
0.002305545
0.002302717
0.002281887
0.002495677
0.002320667
0.002324025
0.002330594
0.002277073
0.002312121
0.002349543
0.002441605
0.002320153
0.002321187
0.002309774
0.002306789
0.00228646
0.002487615
0.002317936
0.002337533
0.002270977
0.00230092
0.002333581
0.002282282
0.002539922
0.002369387
0.002310087
0.002306329
0.002303476
0.002353637
0.002321869
0.00231474
0.002306185
0.002286908
0.00232701
0.002352174
0.002291042
0.002467246
0.00232543
0.002297638
0.002330174
0.002315846
0.002269808
0.002334489
0.002449338
0.002294195
0.00233767
0.002316376
0.00230471
0.002334593
0.00245947
0.002290533
0.002311236
0.002299348
0.002333613
0.002296981
0.00240085
0.002332951
0.002289054
0.002321623
0.002316695
0.002313746
0.002286509
0.002577231
0.002313337
0.002302898
0.00234016
0.002301841
0.002290121
0.002402721
0.002321129
0.002320962
0.002322834
0.002284807
0.002312417
0.002301616
0.00243633
0.002362296
0.002280278
0.002362024
0.002312287
0.002303458
0.00244127
0.0023299
0.002278008
0.002323173
0.002303315
