#time [s]
0.000749017
0.000746458
0.000745775
0.000746733
0.000745526
0.000749536
0.000810939
0.000745469
0.000745694
0.000773509
0.000752668
0.000753695
0.000745501
0.000745293
0.000746477
0.00074644
0.000746825
0.000759377
0.00075543
0.000750706
0.000754704
0.000745521
0.00075565
0.000764557
0.000745061
0.000745092
0.000746312
0.000754448
0.000770511
0.000814397
0.000752707
0.000771402
0.000745792
0.000745854
0.000746773
0.000746672
0.000763348
0.000745044
0.00075801
0.000746621
0.000746631
0.000746636
0.000745688
0.000764688
0.000750296
0.000750843
0.000758868
0.000745572
0.000754968
0.000745386
0.000745198
0.000796919
0.00077243
0.000745956
0.000753522
0.000752791
0.000746445
0.000746867
0.00074651
0.000761235
0.00074907
0.000767653
0.000745472
0.000745366
0.00074701
0.000756254
0.000789792
0.000745555
0.000772866
0.000745132
0.000754541
0.000747217
0.000823374
0.000774218
0.000763095
0.000745248
0.000753574
0.000746894
0.000746457
0.000746889
0.000753062
0.000749421
0.00076446
0.000746286
0.000745926
0.000745647
0.000767602
0.000755114
0.000749825
0.000745486
0.000747036
0.000747055
0.000747367
0.00084579
0.000746153
0.00074581
0.000776286
0.000745622
0.000745261
0.00077249
