#time [s]
8.894e-06
8.851e-06
8.794e-06
8.814e-06
8.823e-06
8.8e-06
8.814e-06
8.816e-06
8.792e-06
8.804e-06
8.813e-06
8.804e-06
8.8e-06
8.816e-06
8.789e-06
8.797e-06
8.821e-06
8.794e-06
8.805e-06
8.825e-06
8.804e-06
8.796e-06
8.814e-06
8.811e-06
8.796e-06
8.826e-06
8.833e-06
8.821e-06
8.823e-06
8.811e-06
8.798e-06
8.82e-06
8.8e-06
8.792e-06
8.825e-06
8.832e-06
8.801e-06
8.821e-06
8.812e-06
8.803e-06
8.822e-06
8.797e-06
8.795e-06
8.808e-06
8.813e-06
8.787e-06
8.82e-06
8.813e-06
8.8e-06
8.81e-06
8.819e-06
8.795e-06
8.815e-06
8.807e-06
8.806e-06
8.814e-06
8.824e-06
8.791e-06
8.808e-06
8.815e-06
8.801e-06
8.811e-06
8.812e-06
8.791e-06
8.815e-06
1.4692e-05
8.86e-06
8.837e-06
8.809e-06
8.806e-06
8.814e-06
8.806e-06
8.789e-06
8.817e-06
8.797e-06
8.8e-06
8.841e-06
8.813e-06
8.779e-06
8.816e-06
8.802e-06
8.79e-06
8.815e-06
8.805e-06
8.805e-06
8.81e-06
8.82e-06
8.794e-06
8.805e-06
8.813e-06
8.786e-06
8.803e-06
8.809e-06
8.793e-06
8.807e-06
8.814e-06
8.798e-06
8.812e-06
8.818e-06
8.793e-06
