#time [s]
0.000560042
0.000582237
0.000556919
0.000580576
0.000555642
0.000555313
0.000555162
0.00055833
0.000558274
0.000568122
0.000559655
0.000646347
0.000555323
0.000555264
0.000588924
0.000564269
0.000555331
0.000555103
0.000588911
0.000555131
0.000555108
0.000555482
0.000557136
0.000565685
0.000566439
0.000559763
0.000572335
0.000567313
0.000564281
0.000555064
0.000555134
0.00055519
0.000565452
0.000559694
0.000557884
0.000559759
0.000613152
0.000589622
0.000555255
0.000555431
0.000557017
0.000556333
0.000566411
0.000556287
0.000558161
0.00056989
0.000559555
0.00055996
0.000559596
0.000564155
0.000569482
0.000572704
0.000561782
0.000561574
0.00056371
0.000561727
0.000559812
0.000564993
0.00055528
0.000610357
0.000555265
0.000555579
0.000555131
0.000563448
0.000557386
0.0005563
0.000560757
0.000559901
0.000561613
0.000578834
0.00058841
0.000561556
0.000561569
0.000561692
0.000555159
0.000564289
0.00055721
0.000558486
0.000557748
0.0005599
0.000561566
0.00056159
0.000649149
0.000557885
0.000578499
0.000588318
0.000555272
0.000555333
0.000563369
0.000556364
0.000566276
0.000560208
0.000559671
0.000561752
0.000578714
0.000562132
0.000561707
0.000555432
0.000579969
0.000555098
