#time [s]
0.000128408
0.000123016
0.000123072
0.000122977
0.000123041
0.000123029
0.000130356
0.000125529
0.000123087
0.000123134
0.000123087
0.000123058
0.000123105
0.000123052
0.000131688
0.000143058
0.000123204
0.000123085
0.000123054
0.000123064
0.000123035
0.000123056
0.000122962
0.000123006
0.000122997
0.000122978
0.000123027
0.000131484
0.00013818
0.000123098
0.000123067
0.000123078
0.000123046
0.000123195
0.000123057
0.000122968
0.000123047
0.000123033
0.000123089
0.000123042
0.000123045
0.000123078
0.000123043
0.000123009
0.000123022
0.000123025
0.000123047
0.000123029
0.00012298
0.000123036
0.000123015
0.000122904
0.000123052
0.000123061
0.000122855
0.000123034
0.000123001
0.000123034
0.00012297
0.000134919
0.000123209
0.000123121
0.000123101
0.000123505
0.000123044
0.000123017
0.00012306
0.000123048
0.000123048
0.000123021
0.000123059
0.000123035
0.000122804
0.00012304
0.000122985
0.000123023
0.000123067
0.000122985
0.000122952
0.000123029
0.000123011
0.000123033
0.000122906
0.000123031
0.000123102
0.000130308
0.000123167
0.00012314
0.00012309
0.000123027
0.000123067
0.000123091
0.00012301
0.000123024
0.000123017
0.000123039
0.000123007
0.000123029
0.000123023
0.000123063
