#time [s]
0.001291852
0.001269294
0.001290698
0.001265658
0.00139297
0.001308536
0.001303627
0.001270029
0.001293427
0.001284459
0.001267544
0.001266788
0.001337327
0.001296512
0.001265103
0.001314645
0.001293281
0.001288284
0.001289495
0.001288731
0.001274986
0.001294397
0.001278444
0.001277567
0.001288229
0.001296455
0.001277797
0.001283412
0.001357091
0.001336177
0.001276554
0.001268229
0.001276607
0.001288928
0.001272313
0.001273982
0.001306406
0.001264905
0.001265446
0.001341079
0.001279836
0.001323929
0.001285007
0.001323761
0.001266169
0.001283567
0.001278341
0.001272255
0.001278825
0.001269999
0.001297284
0.001366471
0.001328016
0.001306161
0.001278282
0.001268148
0.001268502
0.001317575
0.001267218
0.001280393
0.001280341
0.001270447
0.001270161
0.001271473
0.001356122
0.001301843
0.00128468
0.001269499
0.001272516
0.001277386
0.001290543
0.001269472
0.00127197
0.001275832
0.001269555
0.001271526
0.001388397
0.001302317
0.001276137
0.001273696
0.00126855
0.001295199
0.001276598
0.001267833
0.001305516
0.001265102
0.001273822
0.001280126
0.00140961
0.001303315
0.001274968
0.001290872
0.00127319
0.001296375
0.001267184
0.001272591
0.001284998
0.00128086
0.001299297
0.001282086
