#time [s]
0.001636838
0.00170621
0.001661987
0.001710156
0.001694543
0.001679098
0.001961526
0.001657856
0.00164652
0.001680461
0.001674321
0.001664968
0.001656093
0.001727319
0.001816054
0.001663074
0.001650236
0.001693281
0.001634322
0.001666852
0.001648194
0.001755728
0.001722083
0.001664688
0.001639365
0.001679099
0.001675898
0.001685342
0.001640643
0.001671066
0.001796979
0.001707644
0.001649219
0.001663492
0.001642129
0.001702224
0.001697408
0.001664128
0.001677206
0.001654318
0.001641363
0.001669782
0.001641949
0.001665498
0.00164501
0.001735382
0.001681975
0.001652423
0.001646822
0.001675406
0.001719812
0.001657563
0.001645532
0.001699187
0.001628602
0.001646568
0.001636213
0.00167554
0.001681828
0.001704535
0.00162867
0.001674217
0.001827811
0.001639334
0.00168443
0.001668723
0.001648444
0.001654311
0.001658546
0.00163471
0.001727842
0.001625997
0.001632515
0.001697346
0.0016359
0.001642828
0.001653454
0.001773018
0.001703885
0.001648659
0.001634401
0.001702805
0.001658597
0.001644824
0.001642756
0.001763311
0.001710302
0.001675245
0.001629199
0.001675173
0.001645823
0.001694171
0.001668598
0.001804883
0.001683403
0.001646193
0.001666478
0.00162653
0.001629388
0.001647846
