#time [s]
1.033e-06
9.7e-07
9.71e-07
9.89e-07
9.7e-07
9.73e-07
9.7e-07
9.73e-07
9.74e-07
9.73e-07
9.72e-07
9.74e-07
9.72e-07
9.73e-07
9.7e-07
9.7e-07
9.72e-07
9.71e-07
9.68e-07
9.7e-07
9.68e-07
9.69e-07
9.7e-07
9.72e-07
9.69e-07
9.69e-07
9.73e-07
9.73e-07
9.7e-07
9.72e-07
9.71e-07
9.72e-07
9.74e-07
9.73e-07
9.74e-07
9.7e-07
9.73e-07
9.7e-07
9.7e-07
9.71e-07
9.7e-07
9.69e-07
9.7e-07
9.69e-07
9.71e-07
9.69e-07
9.7e-07
9.68e-07
9.71e-07
9.72e-07
9.72e-07
9.73e-07
9.72e-07
9.71e-07
9.74e-07
9.74e-07
9.73e-07
9.74e-07
9.7e-07
9.72e-07
9.72e-07
9.72e-07
9.7e-07
9.69e-07
9.72e-07
9.7e-07
9.7e-07
9.7e-07
9.72e-07
9.68e-07
9.7e-07
9.71e-07
9.72e-07
9.72e-07
9.74e-07
9.7e-07
9.74e-07
9.74e-07
9.75e-07
9.71e-07
9.73e-07
9.73e-07
9.74e-07
9.73e-07
9.7e-07
9.72e-07
9.68e-07
9.69e-07
9.69e-07
9.71e-07
9.69e-07
9.72e-07
9.69e-07
9.69e-07
9.73e-07
9.74e-07
9.74e-07
9.71e-07
9.74e-07
9.75e-07
