#time [s]
7.1399e-05
7.0379e-05
7.1392e-05
6.9803e-05
6.9792e-05
6.9641e-05
6.9747e-05
7.1348e-05
7.1377e-05
7.1367e-05
7.1278e-05
7.1391e-05
7.1382e-05
7.1384e-05
7.139e-05
7.1395e-05
7.1352e-05
7.1367e-05
7.1354e-05
7.1277e-05
7.1272e-05
7.136e-05
7.1284e-05
7.1315e-05
7.1293e-05
7.1362e-05
7.1361e-05
6.9814e-05
7.1371e-05
7.1358e-05
7.1346e-05
6.9948e-05
7.0226e-05
7.019e-05
7.0177e-05
7.0764e-05
7.012e-05
7.0138e-05
7.0144e-05
7.0202e-05
7.0153e-05
7.0166e-05
7.0178e-05
7.0152e-05
7.0134e-05
7.0165e-05
7.0196e-05
6.9713e-05
7.0173e-05
7.0158e-05
7.0108e-05
7.0137e-05
7.0158e-05
7.0149e-05
7.0139e-05
7.0079e-05
7.0171e-05
7.0147e-05
7.0165e-05
7.0152e-05
7.0166e-05
7.0144e-05
7.0138e-05
7.0097e-05
7.0122e-05
7.0147e-05
7.0166e-05
7.0109e-05
7.0168e-05
7.015e-05
6.9731e-05
7.0147e-05
7.0118e-05
7.0156e-05
7.0087e-05
7.017e-05
6.97e-05
7.0146e-05
7.0157e-05
7.0179e-05
8.3857e-05
7.2962e-05
8.4005e-05
6.992e-05
7.0074e-05
6.9763e-05
6.9718e-05
6.9768e-05
6.9643e-05
6.9703e-05
6.9674e-05
6.9678e-05
7.0084e-05
7.0162e-05
7.0198e-05
6.9723e-05
6.973e-05
7.0167e-05
7.0144e-05
7.015e-05
