#time [s]
7.03e-07
6.74e-07
6.35e-07
6.23e-07
6.13e-07
5.99e-07
6e-07
5.99e-07
6e-07
6.01e-07
5.99e-07
6.01e-07
6.01e-07
6.03e-07
6e-07
6.01e-07
6e-07
6.02e-07
6e-07
6.01e-07
6e-07
6.01e-07
5.98e-07
6e-07
6e-07
6e-07
5.98e-07
5.99e-07
5.99e-07
6e-07
5.98e-07
5.99e-07
5.98e-07
5.99e-07
5.98e-07
5.99e-07
5.98e-07
5.99e-07
5.99e-07
6e-07
5.98e-07
6e-07
5.99e-07
6e-07
5.99e-07
6.01e-07
5.99e-07
6e-07
5.99e-07
6.01e-07
6.01e-07
6.01e-07
6.01e-07
6.02e-07
6e-07
6e-07
6e-07
6.01e-07
6e-07
6.01e-07
6e-07
6e-07
5.99e-07
5.99e-07
5.99e-07
5.98e-07
5.98e-07
5.98e-07
5.98e-07
5.98e-07
5.98e-07
5.98e-07
5.98e-07
5.97e-07
5.98e-07
5.99e-07
5.98e-07
5.99e-07
5.98e-07
6.01e-07
5.99e-07
5.99e-07
6e-07
6e-07
6e-07
6e-07
6e-07
6e-07
6.01e-07
6.02e-07
6e-07
6e-07
6.01e-07
6.01e-07
6e-07
6e-07
6e-07
5.99e-07
5.99e-07
6e-07
