#time [s]
0.008746403
0.008673807
0.008716905
0.008667446
0.008913106
0.008631621
0.008797103
0.008789031
0.008936354
0.008647556
0.008609806
0.008653631
0.008678265
0.008743097
0.00863947
0.008742773
0.008617667
0.008900633
0.008633691
0.008825368
0.008641456
0.008795904
0.008623381
0.008729354
0.008641883
0.008627006
0.008824351
0.008609855
0.008830478
0.008595695
0.008758115
0.008644292
0.008716755
0.008610399
0.008715546
0.008576885
0.008592753
0.008828952
0.00862866
0.008711482
0.008592421
0.008775575
0.00858209
0.00876822
0.008633595
0.009504906
0.011024798
0.011517236
0.010018288
0.00942684
0.011561327
0.011422702
0.008994566
0.008588397
0.008840773
0.008629042
0.008896674
0.008715654
0.008848423
0.008712968
0.008830396
0.008669577
0.008779194
0.008685346
0.008667387
0.008806715
0.008602995
0.00865571
0.008660632
0.008725565
0.008550106
0.00872258
0.008568774
0.008841271
0.008612571
0.00882925
0.008621927
0.008609508
0.008766873
0.008600359
0.008999869
0.00858101
0.008674248
0.008615501
0.008755967
0.008593205
0.008774063
0.008592736
0.008688663
0.008613769
0.008677724
0.00870253
0.00860051
0.008788009
0.008565561
0.0087647
0.00857907
0.00876675
0.00859329
0.008920327
