#time [s]
1.0956e-05
1.0864e-05
1.0877e-05
1.0834e-05
1.0844e-05
1.0843e-05
1.0844e-05
1.0802e-05
1.084e-05
1.0818e-05
1.0826e-05
1.0844e-05
1.0815e-05
1.0843e-05
1.729e-05
1.0956e-05
1.0884e-05
1.0902e-05
1.0837e-05
1.0869e-05
1.0815e-05
1.0837e-05
1.0827e-05
1.0842e-05
1.0825e-05
1.0815e-05
1.0848e-05
1.0802e-05
1.0846e-05
1.0817e-05
1.0849e-05
1.0817e-05
1.082e-05
1.0825e-05
1.0825e-05
1.0849e-05
1.0818e-05
1.0855e-05
1.0812e-05
1.0841e-05
1.0812e-05
1.0836e-05
1.0827e-05
1.0809e-05
1.088e-05
1.0806e-05
1.0852e-05
1.0803e-05
1.0841e-05
1.0816e-05
1.0834e-05
1.0837e-05
1.0824e-05
1.0827e-05
1.0813e-05
1.0852e-05
1.0809e-05
1.0836e-05
1.0793e-05
1.0852e-05
1.0812e-05
1.0826e-05
1.087e-05
1.083e-05
1.082e-05
1.0811e-05
1.0844e-05
1.0816e-05
1.0842e-05
1.0814e-05
1.0857e-05
1.0822e-05
1.0818e-05
1.0834e-05
1.0803e-05
1.085e-05
1.0819e-05
1.0858e-05
1.0824e-05
1.0818e-05
1.0821e-05
1.083e-05
1.0839e-05
1.0822e-05
1.0835e-05
1.0808e-05
1.0836e-05
1.0824e-05
1.0832e-05
1.0808e-05
1.0843e-05
1.0847e-05
1.0813e-05
1.0828e-05
1.0809e-05
1.0844e-05
1.0809e-05
1.0845e-05
1.0844e-05
1.0857e-05
