#time [s]
3.8881e-05
3.8886e-05
3.8818e-05
3.8834e-05
3.8791e-05
3.8805e-05
3.8796e-05
3.8791e-05
3.8773e-05
3.8799e-05
3.8783e-05
3.8766e-05
3.8751e-05
3.8836e-05
3.8799e-05
3.8795e-05
3.8754e-05
3.8761e-05
3.8825e-05
3.8772e-05
3.8797e-05
3.8739e-05
3.8735e-05
3.8761e-05
3.8756e-05
3.8783e-05
3.8813e-05
3.8796e-05
4.5368e-05
3.8907e-05
3.8835e-05
3.8834e-05
3.8792e-05
3.8846e-05
3.8791e-05
3.8785e-05
3.881e-05
3.8812e-05
3.8804e-05
3.8784e-05
3.8853e-05
3.878e-05
3.8787e-05
3.8793e-05
3.8742e-05
3.8753e-05
3.8729e-05
3.8788e-05
3.8805e-05
3.8762e-05
3.8779e-05
3.8802e-05
3.8778e-05
3.8794e-05
3.8714e-05
3.8782e-05
3.8805e-05
3.8785e-05
3.8789e-05
3.8786e-05
3.8801e-05
3.8776e-05
3.8785e-05
3.8768e-05
3.8782e-05
3.8802e-05
3.8784e-05
3.8817e-05
3.8806e-05
5.399e-05
3.8945e-05
3.8809e-05
3.8775e-05
3.8778e-05
4.1951e-05
3.8789e-05
3.8813e-05
3.8789e-05
3.8792e-05
3.8791e-05
3.8776e-05
3.8822e-05
3.8775e-05
3.8785e-05
3.8762e-05
3.8809e-05
3.8806e-05
3.8795e-05
3.8811e-05
3.879e-05
3.8783e-05
3.88e-05
3.8776e-05
3.8759e-05
3.879e-05
3.8792e-05
3.8761e-05
3.8793e-05
3.8817e-05
3.8782e-05
