#time [s]
6.95e-07
6.31e-07
6.31e-07
6.34e-07
6.29e-07
6.3e-07
6.28e-07
6.29e-07
6.3e-07
6.31e-07
6.67e-07
6.31e-07
6.31e-07
6.31e-07
6.29e-07
6.31e-07
6.3e-07
6.32e-07
6.31e-07
6.84e-07
6.71e-07
6.32e-07
6.32e-07
6.33e-07
6.33e-07
6.41e-07
6.3e-07
6.32e-07
6.31e-07
6.32e-07
6.31e-07
6.32e-07
6.31e-07
6.32e-07
6.3e-07
6.3e-07
6.82e-07
6.29e-07
6.29e-07
6.27e-07
6.29e-07
6.27e-07
6.39e-07
6.29e-07
6.28e-07
6.29e-07
6.29e-07
6.3e-07
6.29e-07
6.3e-07
6.3e-07
6.3e-07
6.3e-07
6.68e-07
6.31e-07
6.31e-07
6.31e-07
6.31e-07
6.31e-07
6.32e-07
6.31e-07
6.29e-07
6.31e-07
6.31e-07
6.31e-07
6.29e-07
6.32e-07
6.31e-07
6.31e-07
6.31e-07
6.31e-07
6.67e-07
6.29e-07
6.31e-07
6.3e-07
6.3e-07
6.29e-07
6.31e-07
6.3e-07
6.31e-07
6.3e-07
6.31e-07
6.31e-07
6.32e-07
6.31e-07
6.31e-07
6.31e-07
6.32e-07
6.32e-07
6.33e-07
6.32e-07
6.33e-07
6.31e-07
6.34e-07
6.33e-07
6.3e-07
6.31e-07
6.32e-07
6.31e-07
6.67e-07
