#time [s]
4.8015e-05
4.7916e-05
4.7937e-05
4.7972e-05
4.7952e-05
4.7909e-05
4.7909e-05
4.7972e-05
4.7957e-05
4.7953e-05
4.794e-05
4.7961e-05
4.801e-05
4.7979e-05
4.7929e-05
4.7957e-05
4.7978e-05
4.7974e-05
4.7954e-05
4.7929e-05
4.7953e-05
4.7965e-05
4.7963e-05
4.7951e-05
5.7238e-05
4.8054e-05
4.806e-05
4.804e-05
4.8007e-05
4.7927e-05
4.7972e-05
4.7972e-05
4.7917e-05
4.7935e-05
4.7959e-05
4.7975e-05
4.7963e-05
4.7917e-05
4.7978e-05
4.796e-05
4.7972e-05
4.7938e-05
4.793e-05
4.797e-05
4.7979e-05
5.3206e-05
4.7968e-05
4.798e-05
4.7978e-05
4.7961e-05
4.7971e-05
4.7925e-05
4.798e-05
4.7949e-05
4.7914e-05
4.7986e-05
4.7962e-05
4.7998e-05
4.7939e-05
4.7962e-05
4.7919e-05
4.7958e-05
4.7957e-05
4.7907e-05
4.7917e-05
4.7976e-05
4.7981e-05
4.7966e-05
4.7963e-05
4.7937e-05
4.795e-05
4.7969e-05
4.7947e-05
4.7935e-05
4.795e-05
4.7964e-05
4.7932e-05
4.7921e-05
4.7969e-05
4.7989e-05
4.7948e-05
4.7915e-05
4.7966e-05
4.7999e-05
4.7956e-05
4.7996e-05
4.7951e-05
4.7963e-05
4.7956e-05
4.7914e-05
4.7917e-05
4.7979e-05
4.7974e-05
4.7926e-05
4.7945e-05
4.7963e-05
4.7994e-05
4.794e-05
4.7923e-05
4.795e-05
