#time [s]
3.7767e-05
3.7724e-05
3.7723e-05
3.7707e-05
3.769e-05
3.7688e-05
3.7674e-05
3.7666e-05
3.7694e-05
3.7708e-05
3.7672e-05
3.7695e-05
3.765e-05
3.7662e-05
3.7679e-05
3.765e-05
3.7658e-05
3.7654e-05
3.7663e-05
3.7654e-05
3.767e-05
3.7656e-05
3.7645e-05
3.7711e-05
3.7657e-05
3.7675e-05
3.7674e-05
3.7663e-05
3.7673e-05
3.7689e-05
3.7656e-05
3.7649e-05
3.7665e-05
3.7654e-05
3.7653e-05
3.7655e-05
3.7657e-05
3.7652e-05
3.767e-05
3.7687e-05
3.7641e-05
3.7675e-05
3.7649e-05
3.7651e-05
3.7666e-05
3.7657e-05
3.7652e-05
3.7661e-05
3.7669e-05
3.7652e-05
3.7662e-05
3.7663e-05
3.7659e-05
3.7674e-05
3.7665e-05
3.7666e-05
3.7684e-05
3.7655e-05
3.7643e-05
3.7691e-05
3.7675e-05
3.7651e-05
3.7672e-05
3.7651e-05
3.7651e-05
3.767e-05
3.7667e-05
3.7652e-05
3.7671e-05
3.7658e-05
3.7635e-05
3.7654e-05
3.7685e-05
4.427e-05
3.7766e-05
3.7708e-05
3.7728e-05
3.7722e-05
3.7652e-05
3.7668e-05
3.7667e-05
3.765e-05
3.7679e-05
3.7649e-05
3.7661e-05
3.7682e-05
3.7653e-05
3.7656e-05
3.7671e-05
3.7676e-05
3.7643e-05
3.7668e-05
3.7661e-05
3.7645e-05
3.7693e-05
3.7665e-05
3.765e-05
3.7654e-05
3.7682e-05
3.7666e-05
