#time [s]
1.696e-06
1.719e-06
1.643e-06
1.64e-06
1.67e-06
1.646e-06
1.639e-06
1.638e-06
1.665e-06
1.64e-06
1.641e-06
1.644e-06
1.643e-06
1.646e-06
1.644e-06
1.639e-06
1.638e-06
1.639e-06
1.642e-06
1.638e-06
1.634e-06
1.636e-06
1.639e-06
1.638e-06
1.64e-06
1.642e-06
1.64e-06
1.643e-06
1.644e-06
1.639e-06
1.644e-06
1.64e-06
1.642e-06
1.636e-06
1.641e-06
1.634e-06
1.633e-06
1.638e-06
1.633e-06
1.638e-06
1.634e-06
1.641e-06
1.639e-06
1.645e-06
1.646e-06
1.643e-06
1.647e-06
1.642e-06
1.643e-06
1.64e-06
1.641e-06
1.638e-06
1.64e-06
1.639e-06
1.64e-06
1.641e-06
1.639e-06
1.642e-06
1.643e-06
1.64e-06
1.671e-06
1.646e-06
1.643e-06
1.644e-06
1.644e-06
1.643e-06
1.641e-06
1.638e-06
1.639e-06
1.637e-06
1.64e-06
1.637e-06
1.642e-06
1.641e-06
1.644e-06
1.645e-06
1.646e-06
1.644e-06
1.643e-06
1.644e-06
1.641e-06
1.642e-06
1.638e-06
1.639e-06
1.638e-06
1.639e-06
1.641e-06
1.639e-06
1.642e-06
1.641e-06
1.645e-06
1.642e-06
1.647e-06
1.641e-06
1.644e-06
1.639e-06
1.642e-06
1.641e-06
1.639e-06
1.639e-06
