#time [s]
0.001641789
0.001647127
0.001637468
0.001639887
0.001651484
0.001644798
0.001676048
0.00161323
0.00168533
0.001636448
0.001681428
0.001637358
0.001812974
0.001657349
0.001668932
0.001649498
0.00164192
0.001639877
0.001630594
0.001634646
0.001791086
0.001716798
0.001680697
0.001631641
0.001721441
0.001640482
0.001655863
0.001657418
0.001729278
0.001659819
0.001630785
0.001704429
0.001609938
0.001644139
0.001634467
0.00163384
0.001735503
0.001613391
0.001634509
0.001648987
0.001681481
0.001645612
0.001658643
0.001644702
0.001737866
0.001606435
0.00166305
0.001611186
0.001602007
0.001634717
0.001621894
0.001806689
0.001675042
0.001634745
0.001618358
0.001626735
0.001620329
0.0016888
0.001634728
0.001731752
0.001655581
0.001643525
0.001632345
0.001681067
0.001639836
0.001674384
0.001642187
0.001792043
0.001725659
0.001682754
0.001631456
0.001678441
0.001655567
0.001695609
0.00161138
0.001775352
0.001665726
0.001644795
0.001609886
0.001667091
0.00167892
0.001650522
0.001609712
0.001664328
0.001681935
0.001628728
0.001607478
0.00169495
0.001643274
0.001673488
0.001644666
0.001652728
0.001701273
0.001629656
0.001670798
0.001646194
0.001643053
0.001653524
0.001610496
0.001737604
