#time [s]
9.417e-06
9.251e-06
9.263e-06
9.265e-06
9.051e-06
9.059e-06
9.052e-06
9.041e-06
9.069e-06
9.031e-06
9.039e-06
9.058e-06
9.019e-06
9.063e-06
9.044e-06
9.024e-06
9.053e-06
9.034e-06
9.05e-06
9.075e-06
9.028e-06
9.061e-06
9.035e-06
9.038e-06
9.065e-06
9.023e-06
9.058e-06
9.056e-06
9.028e-06
9.057e-06
9.042e-06
9.045e-06
9.074e-06
9.028e-06
9.048e-06
9.052e-06
9.035e-06
9.062e-06
9.039e-06
9.038e-06
9.071e-06
9.037e-06
9.07e-06
9.035e-06
9.018e-06
9.06e-06
9.036e-06
9.063e-06
9.047e-06
9.034e-06
9.063e-06
9.07e-06
9.04e-06
9.063e-06
9.031e-06
9.051e-06
9.062e-06
9.036e-06
9.069e-06
9.052e-06
9.046e-06
9.057e-06
9.038e-06
9.043e-06
9.053e-06
9.026e-06
9.058e-06
9.035e-06
9.044e-06
9.059e-06
9.023e-06
9.058e-06
9.052e-06
9.028e-06
9.058e-06
9.045e-06
9.045e-06
9.068e-06
9.04e-06
9.052e-06
1.5017e-05
9.165e-06
9.321e-06
9.26e-06
9.073e-06
9.048e-06
9.042e-06
9.06e-06
9.037e-06
9.051e-06
9.042e-06
9.048e-06
9.061e-06
9.036e-06
9.053e-06
9.074e-06
9.023e-06
9.043e-06
9.045e-06
9.051e-06
