#time [s]
0.006466569
0.005702557
0.005892184
0.005695499
0.005802518
0.005780467
0.005693056
0.005725019
0.005822654
0.005852051
0.005753464
0.005773933
0.005879893
0.005755325
0.005775596
0.005960603
0.005656144
0.005860752
0.00576404
0.005657485
0.005763895
0.00567225
0.005695785
0.00588992
0.00573938
0.005782592
0.005663088
0.005745725
0.005805417
0.005668573
0.005674296
0.005760148
0.005703163
0.005862493
0.00565298
0.005698634
0.005852835
0.005689213
0.00577252
0.005789565
0.005731248
0.005947982
0.005738816
0.005764281
0.005904332
0.005651088
0.005697424
0.00571451
0.005640037
0.005895705
0.005726695
0.005640634
0.00588043
0.005690013
0.005660939
0.005926982
0.005686969
0.005659489
0.005756097
0.005702296
0.005880108
0.005734568
0.005732408
0.005651817
0.005691299
0.006249148
0.005820717
0.005689132
0.005774227
0.00572986
0.00571225
0.005672028
0.005699202
0.005749808
0.005683545
0.005663969
0.005740264
0.005670037
0.005704908
0.005708798
0.005709722
0.005909558
0.005695033
0.005691082
0.005804957
0.005682246
0.005924593
0.005680514
0.005671185
0.005819072
0.005680024
0.005641493
0.006188689
0.005665383
0.005642291
0.00568039
0.005672259
0.005940217
0.005693639
0.005656119
