#time [s]
1.369e-05
1.3669e-05
1.362e-05
1.3632e-05
1.3597e-05
1.3592e-05
1.3571e-05
1.358e-05
1.3576e-05
1.3574e-05
1.3603e-05
1.358e-05
1.3587e-05
1.356e-05
1.3587e-05
1.3555e-05
1.359e-05
1.3562e-05
1.3589e-05
1.3565e-05
1.3596e-05
1.3556e-05
1.3585e-05
1.3569e-05
1.3587e-05
1.358e-05
1.3592e-05
1.3572e-05
1.3602e-05
1.359e-05
1.3564e-05
1.3606e-05
1.3567e-05
1.3598e-05
1.3599e-05
1.3597e-05
1.3573e-05
1.3595e-05
1.3556e-05
1.3595e-05
1.3572e-05
1.3595e-05
1.357e-05
1.3603e-05
1.357e-05
1.357e-05
1.3589e-05
1.3574e-05
1.3575e-05
1.3562e-05
1.3593e-05
1.3567e-05
1.3599e-05
1.3561e-05
1.3581e-05
1.3551e-05
1.36e-05
1.3567e-05
1.3615e-05
1.3581e-05
1.3603e-05
1.3556e-05
1.3594e-05
1.3587e-05
1.3601e-05
1.3581e-05
1.3581e-05
1.3572e-05
1.3577e-05
1.3595e-05
1.3587e-05
1.3601e-05
1.3577e-05
1.3615e-05
1.3557e-05
1.361e-05
1.3588e-05
1.3605e-05
1.3586e-05
1.3582e-05
1.3569e-05
1.3593e-05
1.3569e-05
1.3582e-05
1.3583e-05
1.3589e-05
1.3587e-05
1.3572e-05
1.3581e-05
1.3571e-05
1.3582e-05
1.3583e-05
1.3594e-05
1.3565e-05
1.3582e-05
1.3565e-05
1.3598e-05
1.3572e-05
1.3599e-05
1.3571e-05
