#time [s]
1.245e-06
1.214e-06
1.196e-06
1.197e-06
1.197e-06
1.195e-06
1.198e-06
1.197e-06
1.202e-06
1.199e-06
1.196e-06
1.194e-06
1.197e-06
1.19e-06
1.195e-06
1.192e-06
1.192e-06
1.192e-06
1.194e-06
1.194e-06
1.193e-06
1.195e-06
1.198e-06
1.196e-06
1.198e-06
1.199e-06
1.198e-06
1.196e-06
1.199e-06
1.199e-06
1.195e-06
1.194e-06
1.194e-06
1.192e-06
1.193e-06
1.193e-06
1.193e-06
1.195e-06
1.192e-06
1.192e-06
1.194e-06
1.19e-06
1.194e-06
1.194e-06
1.195e-06
1.197e-06
1.197e-06
1.194e-06
1.193e-06
1.2e-06
1.195e-06
1.194e-06
1.191e-06
1.192e-06
1.194e-06
1.194e-06
1.191e-06
1.19e-06
1.192e-06
1.191e-06
1.194e-06
1.198e-06
1.192e-06
1.193e-06
1.194e-06
1.197e-06
1.196e-06
1.199e-06
1.196e-06
1.194e-06
1.194e-06
1.195e-06
1.195e-06
1.197e-06
1.194e-06
1.192e-06
1.192e-06
1.189e-06
1.19e-06
1.196e-06
1.192e-06
1.191e-06
1.194e-06
1.192e-06
1.193e-06
1.2e-06
1.198e-06
1.197e-06
1.194e-06
1.193e-06
1.196e-06
1.198e-06
1.194e-06
1.192e-06
1.196e-06
1.192e-06
1.192e-06
1.193e-06
1.192e-06
1.19e-06
