#time [s]
0.000107015
0.000106858
0.000106959
0.000106981
0.000106926
0.00010686
0.000113183
0.000107026
0.000106975
0.000107102
0.000106939
0.000106856
0.000106914
0.000106921
0.000106908
0.000106889
0.000106922
0.000106932
0.00010683
0.00010692
0.000106927
0.000106863
0.000106907
0.000106938
0.000106849
0.000106845
0.00010694
0.000106935
0.000106874
0.000106869
0.000111552
0.000106974
0.000106898
0.000106876
0.000106892
0.000106911
0.000106904
0.00010693
0.000106942
0.000106934
0.000106896
0.000106864
0.000106978
0.000106894
0.00010692
0.000106912
0.000116853
0.000107012
0.00010699
0.000107012
0.000106938
0.000106938
0.000106874
0.00010689
0.000106906
0.00010696
0.000106988
0.000106898
0.000106914
0.000106871
0.000106889
0.000106934
0.000106916
0.000106915
0.000106908
0.000106891
0.000106891
0.000106865
0.000106882
0.000106911
0.000106901
0.000106934
0.000106887
0.000106956
0.000106954
0.000106942
0.000106884
0.00010692
0.000106903
0.000106947
0.000106867
0.000106906
0.000106894
0.000107043
0.000106946
0.000106897
0.00011376
0.00010703
0.000106917
0.000106918
0.000106932
0.000106947
0.000106939
0.000106921
0.000106876
0.000106888
0.00010694
0.000106912
0.000106895
0.000106912
