#time [s]
3.921e-06
3.902e-06
3.894e-06
3.891e-06
3.866e-06
3.87e-06
3.86e-06
3.886e-06
3.869e-06
3.89e-06
3.882e-06
3.884e-06
3.866e-06
3.882e-06
3.884e-06
3.883e-06
3.89e-06
3.879e-06
3.86e-06
3.876e-06
3.878e-06
3.882e-06
3.887e-06
3.89e-06
3.865e-06
3.881e-06
3.873e-06
3.88e-06
3.881e-06
3.882e-06
3.89e-06
3.89e-06
3.884e-06
3.872e-06
3.875e-06
3.872e-06
3.883e-06
3.888e-06
3.89e-06
3.886e-06
3.859e-06
3.876e-06
3.855e-06
3.875e-06
3.865e-06
3.887e-06
3.887e-06
3.883e-06
3.878e-06
3.868e-06
3.88e-06
3.882e-06
3.89e-06
3.884e-06
3.884e-06
3.88e-06
3.875e-06
3.878e-06
3.861e-06
3.888e-06
3.885e-06
3.886e-06
3.881e-06
3.883e-06
3.876e-06
3.88e-06
3.886e-06
3.884e-06
3.888e-06
3.876e-06
3.879e-06
3.878e-06
3.88e-06
3.884e-06
3.868e-06
3.89e-06
3.864e-06
3.883e-06
3.875e-06
3.874e-06
3.883e-06
3.891e-06
3.89e-06
3.881e-06
3.882e-06
3.874e-06
3.875e-06
3.873e-06
3.886e-06
3.89e-06
3.888e-06
3.885e-06
3.858e-06
3.875e-06
3.876e-06
3.876e-06
3.888e-06
3.884e-06
3.885e-06
3.883e-06
