#time [s]
5.88e-07
5.48e-07
5.47e-07
5.21e-07
5.19e-07
4.82e-07
5.14e-07
4.84e-07
4.82e-07
5.15e-07
5.15e-07
4.83e-07
5.16e-07
4.83e-07
4.83e-07
4.84e-07
4.84e-07
4.83e-07
4.84e-07
4.84e-07
4.84e-07
4.84e-07
4.85e-07
4.85e-07
4.83e-07
4.85e-07
4.85e-07
4.84e-07
4.81e-07
4.82e-07
4.84e-07
4.84e-07
4.81e-07
4.84e-07
4.85e-07
4.81e-07
4.81e-07
4.81e-07
4.82e-07
4.83e-07
4.85e-07
4.81e-07
4.83e-07
4.8e-07
4.82e-07
4.84e-07
4.84e-07
4.81e-07
4.83e-07
4.82e-07
5.29e-07
4.82e-07
5.21e-07
4.82e-07
5.22e-07
4.85e-07
4.81e-07
4.81e-07
4.84e-07
4.84e-07
4.84e-07
4.85e-07
4.85e-07
4.83e-07
4.84e-07
4.83e-07
4.85e-07
4.84e-07
4.84e-07
4.85e-07
4.83e-07
5.18e-07
5.3e-07
4.86e-07
4.84e-07
4.83e-07
4.81e-07
4.82e-07
4.81e-07
4.83e-07
4.83e-07
4.83e-07
4.83e-07
4.82e-07
4.85e-07
4.82e-07
4.81e-07
4.78e-07
4.82e-07
4.84e-07
4.8e-07
5.15e-07
4.82e-07
4.81e-07
4.8e-07
4.85e-07
4.83e-07
4.83e-07
4.83e-07
4.83e-07
