#time [s]
0.005122181
0.005191098
0.005098963
0.005004474
0.005238957
0.00507861
0.005061021
0.005139208
0.005086194
0.005079874
0.005006574
0.00511165
0.005000592
0.005091753
0.005128695
0.00507488
0.005042023
0.005160092
0.005026512
0.005057928
0.005187697
0.005050466
0.005052259
0.005028604
0.005237082
0.005006408
0.005100437
0.005160766
0.005048483
0.005024776
0.00515314
0.005022678
0.005046726
0.005228938
0.005050423
0.005039365
0.005045923
0.005218158
0.005046906
0.00503877
0.005272272
0.005022943
0.005062368
0.005140842
0.005032409
0.005061146
0.005124612
0.005041241
0.005020744
0.005042487
0.005017898
0.005047062
0.005003316
0.005184133
0.00503308
0.005107207
0.005238488
0.005345914
0.005099165
0.005185043
0.005085581
0.005028228
0.005047247
0.005124945
0.005075491
0.005039214
0.00511074
0.005023304
0.005013541
0.005122061
0.005042307
0.005095015
0.004998575
0.005124725
0.005050672
0.005066229
0.0051593
0.00516899
0.005124209
0.005183626
0.00507381
0.005054923
0.005197762
0.005037258
0.005077842
0.005039549
0.005185822
0.005029554
0.005055028
0.005788308
0.005030363
0.005073769
0.005126189
0.005068705
0.005009566
0.005118323
0.005041164
0.005082502
0.005042598
0.005082059
