#time [s]
5.71e-07
5.61e-07
5.96e-07
5.61e-07
5.55e-07
5.58e-07
5.57e-07
5.58e-07
5.57e-07
5.56e-07
5.6e-07
5.55e-07
5.55e-07
5.55e-07
5.56e-07
5.95e-07
5.56e-07
5.56e-07
5.61e-07
5.55e-07
5.59e-07
5.57e-07
5.59e-07
5.59e-07
5.57e-07
5.6e-07
5.56e-07
5.58e-07
5.59e-07
5.98e-07
5.58e-07
5.57e-07
5.57e-07
5.57e-07
5.58e-07
5.57e-07
5.57e-07
5.56e-07
5.55e-07
5.56e-07
5.58e-07
5.62e-07
5.57e-07
5.6e-07
5.95e-07
5.56e-07
5.56e-07
5.58e-07
5.58e-07
5.57e-07
5.56e-07
5.57e-07
5.6e-07
5.55e-07
5.56e-07
5.57e-07
5.61e-07
5.56e-07
5.98e-07
5.56e-07
5.58e-07
5.59e-07
5.59e-07
5.59e-07
5.57e-07
5.6e-07
5.59e-07
5.58e-07
5.61e-07
5.59e-07
5.58e-07
5.62e-07
5.59e-07
5.96e-07
5.58e-07
5.56e-07
5.61e-07
5.58e-07
5.57e-07
5.55e-07
5.58e-07
5.55e-07
5.56e-07
5.57e-07
5.58e-07
5.58e-07
5.59e-07
5.57e-07
5.95e-07
5.55e-07
5.56e-07
5.56e-07
5.6e-07
5.56e-07
5.56e-07
5.58e-07
5.58e-07
5.56e-07
5.58e-07
5.55e-07
