#time [s]
8.73e-06
8.027e-06
7.998e-06
8.007e-06
7.997e-06
7.974e-06
7.982e-06
8.012e-06
7.983e-06
7.985e-06
8.002e-06
8.012e-06
7.994e-06
7.989e-06
7.995e-06
8.004e-06
7.97e-06
7.998e-06
7.986e-06
7.999e-06
7.987e-06
7.988e-06
8.011e-06
7.974e-06
7.991e-06
8.01e-06
8.004e-06
7.97e-06
7.998e-06
7.995e-06
7.997e-06
7.971e-06
8.006e-06
7.993e-06
7.989e-06
7.976e-06
8.012e-06
8.002e-06
7.986e-06
7.983e-06
8.012e-06
7.977e-06
7.988e-06
7.991e-06
7.991e-06
7.988e-06
7.978e-06
8.012e-06
7.985e-06
7.986e-06
8.002e-06
8.061e-06
7.976e-06
7.988e-06
7.992e-06
8.007e-06
7.971e-06
7.997e-06
8.014e-06
7.998e-06
7.969e-06
8.004e-06
7.995e-06
7.992e-06
7.975e-06
8.011e-06
7.986e-06
7.987e-06
7.982e-06
7.996e-06
7.99e-06
7.97e-06
8.006e-06
7.994e-06
7.982e-06
7.992e-06
8.011e-06
7.989e-06
7.978e-06
7.982e-06
8.013e-06
7.979e-06
7.978e-06
8.006e-06
8.01e-06
7.973e-06
7.985e-06
7.998e-06
8.002e-06
7.97e-06
7.993e-06
7.995e-06
7.977e-06
7.987e-06
8.008e-06
8.007e-06
7.987e-06
7.996e-06
7.995e-06
8.001e-06
7.97e-06
8.002e-06
8.011e-06
7.993e-06
7.971e-06
8.01e-06
7.993e-06
7.986e-06
7.996e-06
8.014e-06
7.981e-06
7.987e-06
7.987e-06
8.01e-06
7.991e-06
7.991e-06
8.011e-06
7.989e-06
7.986e-06
7.982e-06
8.014e-06
7.981e-06
7.987e-06
7.989e-06
8.01e-06
7.974e-06
7.994e-06
8.012e-06
8.002e-06
7.969e-06
8e-06
7.995e-06
7.995e-06
7.971e-06
8.008e-06
7.992e-06
7.987e-06
7.979e-06
7.996e-06
8e-06
7.985e-06
8.004e-06
7.996e-06
7.993e-06
7.977e-06
8.01e-06
7.99e-06
7.987e-06
7.978e-06
8.012e-06
7.981e-06
7.985e-06
8.002e-06
8.012e-06
7.975e-06
7.99e-06
7.992e-06
8.005e-06
7.97e-06
7.997e-06
7.997e-06
7.979e-06
7.985e-06
7.992e-06
8.001e-06
7.99e-06
7.993e-06
7.994e-06
7.995e-06
7.968e-06
7.999e-06
8.012e-06
7.996e-06
7.987e-06
7.99e-06
8.009e-06
7.972e-06
7.994e-06
8.013e-06
8e-06
7.968e-06
8.001e-06
8e-06
7.993e-06
7.988e-06
8.009e-06
7.989e-06
7.987e-06
7.978e-06
8.013e-06
8e-06
7.985e-06
7.986e-06
8.012e-06
7.974e-06
7.991e-06
8.01e-06
8.005e-06
7.986e-06
7.981e-06
8.014e-06
7.985e-06
7.985e-06
7.988e-06
8.01e-06
7.973e-06
7.991e-06
7.994e-06
8.004e-06
7.987e-06
7.998e-06
7.997e-06
7.996e-06
7.969e-06
8.006e-06
7.993e-06
7.989e-06
7.977e-06
8.012e-06
7.986e-06
7.97e-06
8e-06
8.011e-06
7.996e-06
7.971e-06
8.008e-06
7.99e-06
7.988e-06
7.978e-06
8.013e-06
7.984e-06
7.986e-06
7.986e-06
8.012e-06
7.993e-06
7.989e-06
7.993e-06
8.006e-06
7.969e-06
7.997e-06
7.996e-06
7.999e-06
7.985e-06
8.004e-06
7.995e-06
7.975e-06
7.982e-06
8.01e-06
8.005e-06
7.97e-06
7.99e-06
7.995e-06
7.997e-06
7.97e-06
7.997e-06
7.994e-06
7.99e-06
7.975e-06
8.003e-06
8.003e-06
7.987e-06
7.984e-06
8.005e-06
7.978e-06
7.986e-06
7.99e-06
8e-06
7.989e-06
7.993e-06
7.996e-06
7.983e-06
7.986e-06
8.001e-06
8.012e-06
7.978e-06
7.988e-06
7.99e-06
8.007e-06
7.987e-06
7.997e-06
8.014e-06
8e-06
7.968e-06
8.003e-06
7.996e-06
7.992e-06
7.99e-06
8.01e-06
7.988e-06
7.987e-06
7.985e-06
8.013e-06
7.998e-06
7.97e-06
8.005e-06
7.994e-06
7.992e-06
7.975e-06
8.011e-06
8.003e-06
7.986e-06
7.983e-06
8.015e-06
7.98e-06
7.988e-06
7.989e-06
8.009e-06
7.972e-06
7.992e-06
7.996e-06
8.001e-06
7.986e-06
8e-06
7.997e-06
7.995e-06
7.97e-06
8.008e-06
7.992e-06
7.971e-06
7.994e-06
7.996e-06
8e-06
7.97e-06
8.002e-06
8.013e-06
7.993e-06
7.973e-06
8.009e-06
7.993e-06
7.988e-06
7.98e-06
8.013e-06
7.98e-06
7.986e-06
7.987e-06
8.011e-06
7.991e-06
7.992e-06
7.994e-06
8.004e-06
7.969e-06
7.981e-06
8.014e-06
7.99e-06
7.978e-06
7.988e-06
7.989e-06
7.974e-06
7.971e-06
7.995e-06
7.982e-06
7.969e-06
7.979e-06
7.996e-06
7.975e-06
7.97e-06
7.986e-06
7.993e-06
7.969e-06
7.978e-06
8.019e-06
7.986e-06
7.965e-06
7.984e-06
7.991e-06
7.978e-06
7.967e-06
7.991e-06
7.986e-06
7.971e-06
7.974e-06
7.996e-06
7.979e-06
7.969e-06
7.981e-06
7.996e-06
7.999e-06
7.973e-06
7.988e-06
7.991e-06
7.966e-06
7.979e-06
7.993e-06
7.983e-06
7.965e-06
7.986e-06
7.99e-06
7.975e-06
7.969e-06
7.993e-06
7.984e-06
7.97e-06
8.003e-06
7.997e-06
7.977e-06
7.97e-06
7.983e-06
7.994e-06
7.969e-06
7.975e-06
7.99e-06
7.988e-06
7.965e-06
7.983e-06
7.992e-06
7.981e-06
7.966e-06
7.99e-06
8.015e-06
7.972e-06
7.971e-06
7.995e-06
7.98e-06
7.969e-06
7.978e-06
7.996e-06
7.973e-06
7.971e-06
7.986e-06
7.99e-06
7.967e-06
7.978e-06
7.991e-06
7.985e-06
7.992e-06
7.984e-06
7.992e-06
7.978e-06
7.968e-06
7.992e-06
7.986e-06
7.97e-06
7.974e-06
7.996e-06
7.979e-06
7.969e-06
7.983e-06
7.996e-06
7.971e-06
7.974e-06
8.016e-06
7.99e-06
7.965e-06
7.98e-06
7.991e-06
7.982e-06
7.965e-06
7.987e-06
7.99e-06
7.975e-06
7.97e-06
7.995e-06
7.983e-06
7.97e-06
7.977e-06
7.995e-06
8.004e-06
7.97e-06
7.985e-06
7.993e-06
7.969e-06
7.975e-06
7.989e-06
7.986e-06
7.964e-06
7.984e-06
7.992e-06
7.978e-06
7.966e-06
7.992e-06
7.987e-06
7.972e-06
8e-06
7.996e-06
7.98e-06
7.97e-06
7.98e-06
7.996e-06
7.974e-06
7.972e-06
7.987e-06
7.991e-06
7.967e-06
7.979e-06
7.992e-06
7.984e-06
7.965e-06
7.987e-06
8.017e-06
7.976e-06
7.968e-06
7.992e-06
7.984e-06
7.971e-06
7.976e-06
7.997e-06
7.978e-06
7.97e-06
7.983e-06
7.994e-06
7.971e-06
7.975e-06
7.989e-06
7.988e-06
7.992e-06
7.981e-06
7.992e-06
7.981e-06
7.966e-06
7.989e-06
7.989e-06
7.974e-06
7.971e-06
1.7899e-05
8.076e-06
8.025e-06
8.032e-06
7.989e-06
7.986e-06
8.013e-06
7.997e-06
7.989e-06
7.975e-06
8.013e-06
7.988e-06
7.988e-06
8e-06
7.992e-06
7.985e-06
7.984e-06
8.003e-06
7.994e-06
7.979e-06
7.982e-06
8.012e-06
7.977e-06
7.984e-06
7.999e-06
8.036e-06
7.984e-06
7.996e-06
8.011e-06
8.003e-06
7.981e-06
8.004e-06
8.005e-06
7.996e-06
7.965e-06
8.001e-06
7.998e-06
7.979e-06
7.971e-06
8.029e-06
7.996e-06
7.978e-06
7.997e-06
8.002e-06
7.993e-06
7.979e-06
7.988e-06
7.986e-06
7.983e-06
8.002e-06
8.007e-06
8.014e-06
7.98e-06
7.995e-06
8.007e-06
7.982e-06
7.984e-06
8.012e-06
8.001e-06
7.986e-06
7.991e-06
8.004e-06
8.004e-06
8.003e-06
8.004e-06
7.998e-06
7.985e-06
7.984e-06
8.018e-06
7.993e-06
7.986e-06
7.992e-06
8.009e-06
7.996e-06
7.968e-06
8.007e-06
8.001e-06
7.969e-06
7.992e-06
8.004e-06
7.994e-06
7.978e-06
7.975e-06
8.027e-06
7.99e-06
7.98e-06
8e-06
7.997e-06
7.995e-06
7.985e-06
8.004e-06
7.98e-06
7.982e-06
7.995e-06
8.005e-06
7.973e-06
7.987e-06
8.027e-06
8.002e-06
7.987e-06
7.992e-06
8.014e-06
7.994e-06
7.988e-06
7.996e-06
8.002e-06
8.003e-06
7.979e-06
8.006e-06
7.993e-06
7.983e-06
7.986e-06
7.994e-06
7.982e-06
7.981e-06
8.023e-06
8.005e-06
7.989e-06
7.986e-06
8.003e-06
7.992e-06
7.987e-06
7.978e-06
8.004e-06
7.987e-06
7.98e-06
8.003e-06
7.989e-06
7.977e-06
7.977e-06
8.01e-06
7.991e-06
7.979e-06
8.018e-06
8.001e-06
7.981e-06
7.986e-06
8.001e-06
7.997e-06
7.988e-06
7.994e-06
8.014e-06
7.99e-06
7.978e-06
8.013e-06
7.997e-06
7.984e-06
7.982e-06
8.008e-06
7.99e-06
7.967e-06
7.985e-06
8.008e-06
8.012e-06
7.985e-06
8.007e-06
8.001e-06
7.98e-06
7.985e-06
8.013e-06
7.979e-06
7.977e-06
7.994e-06
8.005e-06
7.989e-06
7.969e-06
7.998e-06
7.99e-06
7.985e-06
7.986e-06
8.007e-06
8.015e-06
7.975e-06
7.99e-06
8.009e-06
7.985e-06
7.982e-06
8.01e-06
8.003e-06
7.988e-06
7.988e-06
8.005e-06
8.008e-06
7.972e-06
7.997e-06
8.002e-06
7.988e-06
7.977e-06
7.99e-06
7.996e-06
7.98e-06
8.014e-06
8.009e-06
7.998e-06
7.978e-06
7.997e-06
8.002e-06
7.991e-06
7.969e-06
8.003e-06
7.998e-06
7.977e-06
7.993e-06
7.995e-06
7.985e-06
7.969e-06
8.003e-06
8.001e-06
7.982e-06
8.01e-06
8.001e-06
7.991e-06
7.982e-06
7.992e-06
8.004e-06
7.995e-06
7.985e-06
8.009e-06
7.999e-06
7.979e-06
8.003e-06
7.998e-06
7.993e-06
7.977e-06
7.999e-06
7.999e-06
7.973e-06
7.976e-06
8.003e-06
8.021e-06
7.983e-06
7.998e-06
8.005e-06
7.99e-06
7.978e-06
8.005e-06
7.988e-06
7.983e-06
7.984e-06
8.003e-06
7.998e-06
7.968e-06
7.986e-06
7.995e-06
7.994e-06
7.978e-06
7.999e-06
8.025e-06
7.98e-06
7.98e-06
8.01e-06
7.994e-06
7.978e-06
8e-06
8.01e-06
7.997e-06
7.979e-06
7.998e-06
8.017e-06
7.976e-06
7.988e-06
8.004e-06
7.997e-06
7.973e-06
7.982e-06
7.998e-06
7.987e-06
8.004e-06
8.006e-06
8.009e-06
7.979e-06
7.986e-06
8.003e-06
8.001e-06
7.962e-06
7.994e-06
8.004e-06
7.985e-06
7.984e-06
7.991e-06
7.994e-06
7.968e-06
7.994e-06
8.005e-06
7.993e-06
8.003e-06
7.993e-06
7.998e-06
7.988e-06
7.982e-06
8.003e-06
8.004e-06
7.983e-06
7.999e-06
8.005e-06
7.989e-06
7.994e-06
7.993e-06
8.002e-06
7.98e-06
7.99e-06
7.999e-06
7.983e-06
7.972e-06
7.994e-06
8.03e-06
7.991e-06
7.99e-06
8e-06
8.001e-06
7.979e-06
7.995e-06
7.989e-06
7.993e-06
7.979e-06
7.993e-06
8.006e-06
7.976e-06
7.977e-06
7.992e-06
8.003e-06
7.979e-06
7.99e-06
8.029e-06
7.988e-06
7.974e-06
8e-06
8.003e-06
7.985e-06
7.991e-06
8.007e-06
8.006e-06
7.978e-06
7.989e-06
8.022e-06
7.984e-06
7.98e-06
7.997e-06
8.007e-06
7.977e-06
7.973e-06
8.003e-06
7.997e-06
8.002e-06
7.994e-06
8.005e-06
7.989e-06
7.979e-06
8.008e-06
7.998e-06
7.986e-06
7.994e-06
8.005e-06
7.993e-06
7.979e-06
8.017e-06
7.989e-06
7.983e-06
7.986e-06
8e-06
8e-06
7.988e-06
7.995e-06
8.014e-06
7.992e-06
7.978e-06
8.014e-06
7.994e-06
7.991e-06
7.971e-06
8.007e-06
7.993e-06
7.999e-06
7.988e-06
8.007e-06
8.015e-06
7.982e-06
7.995e-06
8.019e-06
7.983e-06
7.992e-06
8.011e-06
7.981e-06
7.978e-06
7.989e-06
8.005e-06
7.972e-06
8.002e-06
8.002e-06
8.001e-06
7.982e-06
7.984e-06
8.013e-06
7.992e-06
7.963e-06
7.982e-06
8.01e-06
7.987e-06
7.98e-06
8.023e-06
7.998e-06
7.978e-06
7.99e-06
8.004e-06
7.994e-06
7.986e-06
7.997e-06
8.014e-06
7.992e-06
7.98e-06
8.018e-06
8.023e-06
7.985e-06
7.984e-06
8.009e-06
7.992e-06
7.994e-06
7.995e-06
8.012e-06
7.984e-06
7.986e-06
8.011e-06
7.986e-06
7.973e-06
7.99e-06
7.995e-06
7.995e-06
7.977e-06
7.998e-06
8.003e-06
7.966e-06
8.009e-06
8.008e-06
7.995e-06
7.978e-06
7.99e-06
8.021e-06
7.986e-06
7.976e-06
7.987e-06
8.006e-06
7.981e-06
7.986e-06
7.994e-06
7.999e-06
8.002e-06
7.997e-06
8.015e-06
7.987e-06
7.989e-06
8.005e-06
8.01e-06
7.98e-06
7.986e-06
8.025e-06
7.987e-06
7.98e-06
7.993e-06
8.009e-06
7.98e-06
7.969e-06
8e-06
8e-06
8.003e-06
7.992e-06
8.004e-06
7.991e-06
7.978e-06
8.004e-06
8.001e-06
7.988e-06
7.992e-06
8.004e-06
7.997e-06
7.98e-06
8.013e-06
7.99e-06
7.986e-06
7.983e-06
7.996e-06
8.003e-06
7.991e-06
7.993e-06
8.013e-06
7.994e-06
7.977e-06
8.011e-06
