#time [s]
1.7604e-05
1.7571e-05
1.7495e-05
1.7493e-05
1.7509e-05
1.7486e-05
1.7489e-05
1.7505e-05
1.7476e-05
1.7511e-05
1.7485e-05
1.7482e-05
1.7514e-05
1.7479e-05
1.749e-05
1.7488e-05
1.7472e-05
1.7502e-05
1.7486e-05
1.7472e-05
1.7503e-05
1.7485e-05
1.749e-05
1.7502e-05
1.7466e-05
1.7505e-05
1.75e-05
1.7479e-05
1.7504e-05
1.7468e-05
1.7495e-05
1.7478e-05
1.7455e-05
1.7496e-05
1.7476e-05
1.7482e-05
1.7504e-05
1.7473e-05
1.7496e-05
1.7476e-05
1.7497e-05
1.7498e-05
1.7472e-05
1.7478e-05
1.7491e-05
1.7467e-05
1.7492e-05
1.7505e-05
1.7472e-05
1.7497e-05
1.7469e-05
1.7476e-05
1.749e-05
1.7472e-05
1.7515e-05
1.7488e-05
1.7473e-05
1.7506e-05
1.7475e-05
1.7481e-05
1.7502e-05
1.7472e-05
1.7516e-05
1.7489e-05
1.7473e-05
1.7501e-05
1.7475e-05
1.7488e-05
1.7518e-05
1.747e-05
1.7517e-05
1.7509e-05
1.7469e-05
1.7496e-05
1.7481e-05
1.7491e-05
1.7506e-05
1.7473e-05
1.7501e-05
1.7496e-05
1.7474e-05
1.7497e-05
1.749e-05
1.7492e-05
1.7516e-05
1.7462e-05
1.75e-05
1.7488e-05
1.7474e-05
1.7506e-05
1.7471e-05
1.7481e-05
1.7499e-05
1.7472e-05
1.7498e-05
1.7494e-05
1.7475e-05
1.7498e-05
1.7472e-05
1.7493e-05
1.7488e-05
1.7473e-05
1.7498e-05
1.7477e-05
1.7481e-05
1.7505e-05
1.7474e-05
1.7494e-05
1.7497e-05
1.747e-05
1.7506e-05
1.7471e-05
1.7481e-05
1.7506e-05
1.7467e-05
1.7498e-05
1.7496e-05
1.7475e-05
1.7499e-05
1.7487e-05
1.7474e-05
1.7501e-05
1.7474e-05
1.7499e-05
1.75e-05
1.7472e-05
1.7516e-05
1.7488e-05
1.7494e-05
1.749e-05
1.7458e-05
1.7496e-05
1.7489e-05
1.7471e-05
1.7502e-05
1.7493e-05
1.749e-05
1.7502e-05
1.747e-05
1.7494e-05
1.7486e-05
1.7475e-05
1.7501e-05
1.7482e-05
1.7481e-05
1.7503e-05
1.7479e-05
1.7497e-05
1.7489e-05
1.7476e-05
1.7506e-05
1.7471e-05
1.7492e-05
1.7492e-05
1.7467e-05
1.7504e-05
1.7487e-05
1.748e-05
1.7497e-05
1.7472e-05
1.7494e-05
1.7507e-05
1.7471e-05
1.7497e-05
1.7471e-05
1.748e-05
1.7506e-05
1.7471e-05
1.75e-05
1.7485e-05
1.7472e-05
1.7503e-05
1.7481e-05
1.7481e-05
1.7492e-05
1.7464e-05
1.7499e-05
1.7495e-05
1.7468e-05
1.7506e-05
1.7476e-05
1.7488e-05
1.7512e-05
1.7469e-05
1.7507e-05
1.7482e-05
1.7472e-05
1.7528e-05
1.7476e-05
1.7486e-05
1.7502e-05
1.7477e-05
1.7494e-05
1.7486e-05
1.7476e-05
1.7514e-05
1.7482e-05
1.749e-05
1.7502e-05
1.7471e-05
1.7498e-05
1.7476e-05
1.7475e-05
1.7513e-05
1.7465e-05
1.7498e-05
1.749e-05
1.747e-05
1.7505e-05
1.749e-05
1.7484e-05
1.752e-05
1.7481e-05
1.7492e-05
1.7499e-05
1.7479e-05
1.7503e-05
1.749e-05
1.7479e-05
1.7506e-05
1.747e-05
1.7496e-05
1.7498e-05
1.7478e-05
1.7506e-05
1.748e-05
1.7481e-05
1.7505e-05
1.7472e-05
1.752e-05
1.7499e-05
1.7473e-05
1.7505e-05
1.7488e-05
1.7477e-05
1.7528e-05
1.7469e-05
1.7493e-05
1.7503e-05
1.7472e-05
1.7508e-05
1.7479e-05
1.7482e-05
1.7506e-05
1.7468e-05
1.7499e-05
1.7489e-05
1.7496e-05
1.7513e-05
1.7484e-05
1.7481e-05
1.7504e-05
1.7471e-05
1.7503e-05
1.749e-05
1.747e-05
1.7512e-05
1.7475e-05
1.7489e-05
1.7502e-05
1.747e-05
1.7502e-05
1.7478e-05
1.7477e-05
1.7506e-05
1.7475e-05
1.7499e-05
1.7506e-05
1.7471e-05
1.7499e-05
1.748e-05
1.7492e-05
1.7508e-05
1.7468e-05
1.7492e-05
1.7496e-05
1.7479e-05
1.7504e-05
1.7481e-05
1.7489e-05
1.7506e-05
1.7476e-05
1.7485e-05
1.7497e-05
1.7471e-05
1.7505e-05
1.7475e-05
1.7478e-05
1.7505e-05
2.7368e-05
1.7543e-05
1.7538e-05
1.7508e-05
1.7493e-05
1.7513e-05
1.7481e-05
1.7482e-05
1.7486e-05
1.7456e-05
1.7503e-05
1.7499e-05
1.7458e-05
1.7521e-05
1.7466e-05
1.7493e-05
1.7506e-05
1.7468e-05
1.7509e-05
1.7487e-05
1.7486e-05
1.7503e-05
1.7478e-05
1.7498e-05
1.7503e-05
1.7475e-05
1.7496e-05
1.7487e-05
1.7498e-05
1.7499e-05
1.7466e-05
1.7489e-05
1.7497e-05
1.7467e-05
1.75e-05
1.7496e-05
1.7476e-05
1.7498e-05
1.7476e-05
1.7515e-05
1.7493e-05
1.747e-05
1.7513e-05
1.7486e-05
1.7499e-05
1.7513e-05
1.7462e-05
1.7517e-05
1.7496e-05
1.7459e-05
1.7501e-05
1.7461e-05
1.7486e-05
1.7499e-05
1.7508e-05
1.7505e-05
1.7483e-05
1.748e-05
1.7515e-05
1.748e-05
1.7499e-05
1.7499e-05
1.7474e-05
1.7502e-05
1.7472e-05
1.7484e-05
1.7504e-05
1.7484e-05
1.7489e-05
1.7505e-05
1.7476e-05
1.7505e-05
1.7476e-05
1.7499e-05
1.751e-05
1.7464e-05
1.7491e-05
1.7504e-05
1.7471e-05
1.7509e-05
1.7481e-05
1.7478e-05
1.7498e-05
1.7467e-05
1.7497e-05
1.7513e-05
1.7471e-05
1.7498e-05
1.7464e-05
1.7479e-05
1.7496e-05
1.7465e-05
1.7506e-05
1.7482e-05
1.7469e-05
1.7498e-05
1.7469e-05
1.7509e-05
1.7506e-05
1.7464e-05
1.7497e-05
1.7478e-05
1.747e-05
1.7504e-05
1.7467e-05
1.7491e-05
1.7492e-05
1.7475e-05
1.7524e-05
1.7486e-05
1.7477e-05
1.7499e-05
1.7481e-05
1.7488e-05
1.7489e-05
1.7472e-05
1.7499e-05
1.7477e-05
1.7479e-05
1.7508e-05
1.7464e-05
1.7495e-05
1.7486e-05
1.7468e-05
1.7526e-05
1.7481e-05
1.7477e-05
1.7495e-05
1.7466e-05
1.7492e-05
1.7481e-05
1.7495e-05
1.7504e-05
1.7479e-05
1.7491e-05
1.7521e-05
1.7465e-05
1.7495e-05
1.7474e-05
1.7492e-05
1.7493e-05
1.7476e-05
1.7496e-05
1.7498e-05
1.7466e-05
1.7513e-05
1.748e-05
1.7491e-05
1.7499e-05
1.7464e-05
1.749e-05
1.7517e-05
1.7465e-05
1.7515e-05
1.7472e-05
1.7487e-05
1.75e-05
1.7492e-05
1.7496e-05
1.7497e-05
1.7465e-05
1.75e-05
1.7484e-05
1.7502e-05
1.7495e-05
1.7467e-05
1.7492e-05
1.7488e-05
1.7464e-05
1.7492e-05
1.7476e-05
1.7489e-05
1.7477e-05
1.7482e-05
1.7522e-05
1.7471e-05
1.7469e-05
1.7503e-05
1.7474e-05
1.7483e-05
1.7491e-05
1.7489e-05
1.7524e-05
1.7479e-05
1.7486e-05
1.7516e-05
1.7492e-05
1.7489e-05
1.7491e-05
1.7471e-05
1.7509e-05
1.7476e-05
1.7484e-05
1.7508e-05
1.7471e-05
1.75e-05
1.7512e-05
1.7477e-05
1.7492e-05
1.747e-05
1.7483e-05
1.7503e-05
1.7476e-05
1.7495e-05
1.7494e-05
1.7467e-05
1.75e-05
1.7469e-05
1.7494e-05
1.7505e-05
1.7478e-05
1.7496e-05
1.7492e-05
1.7478e-05
1.7498e-05
1.7478e-05
1.7493e-05
1.7503e-05
1.7477e-05
1.7496e-05
1.749e-05
1.7484e-05
1.7496e-05
1.7464e-05
1.7483e-05
1.7498e-05
1.7464e-05
1.7493e-05
1.7499e-05
1.7471e-05
1.7504e-05
1.7462e-05
1.7487e-05
1.7484e-05
1.7461e-05
1.7509e-05
1.7482e-05
1.75e-05
1.7508e-05
1.7473e-05
1.7521e-05
1.7476e-05
1.7473e-05
1.7498e-05
1.7463e-05
1.7482e-05
1.7491e-05
1.7457e-05
1.7494e-05
1.7472e-05
1.7484e-05
1.7511e-05
1.7485e-05
1.7512e-05
1.7488e-05
1.7463e-05
1.7507e-05
1.7469e-05
1.7471e-05
1.7492e-05
1.7471e-05
1.7488e-05
1.7482e-05
1.7464e-05
1.7509e-05
1.7465e-05
1.7488e-05
1.7524e-05
1.7458e-05
1.7491e-05
1.7494e-05
1.7461e-05
1.7498e-05
1.7473e-05
1.7474e-05
1.7535e-05
1.7459e-05
1.7504e-05
1.7479e-05
1.7493e-05
1.752e-05
1.7458e-05
1.7507e-05
1.7518e-05
1.7488e-05
1.7516e-05
1.7472e-05
1.7494e-05
1.7509e-05
1.7458e-05
1.7509e-05
1.7517e-05
1.7488e-05
1.7506e-05
1.7474e-05
1.7497e-05
1.7498e-05
1.7476e-05
1.7513e-05
1.752e-05
1.7488e-05
1.7511e-05
1.747e-05
1.75e-05
1.7505e-05
1.7454e-05
1.7488e-05
1.7493e-05
1.7491e-05
1.7523e-05
1.7482e-05
1.7477e-05
1.7521e-05
1.7484e-05
1.7492e-05
1.7493e-05
1.7467e-05
1.7524e-05
1.7481e-05
1.7491e-05
1.7486e-05
1.7486e-05
1.7504e-05
1.7479e-05
1.7482e-05
1.7499e-05
1.7492e-05
1.751e-05
1.75e-05
1.7456e-05
1.7521e-05
1.7476e-05
1.7464e-05
1.7506e-05
1.7473e-05
1.7496e-05
1.7489e-05
1.7466e-05
1.7498e-05
1.7473e-05
1.7477e-05
1.7505e-05
1.7464e-05
1.7492e-05
1.7486e-05
1.7467e-05
1.7498e-05
1.7467e-05
1.7498e-05
1.7497e-05
1.7463e-05
1.7501e-05
1.7506e-05
1.7472e-05
1.7507e-05
1.7465e-05
1.7499e-05
1.7518e-05
1.749e-05
1.7509e-05
1.7479e-05
1.7497e-05
1.75e-05
1.7465e-05
1.7488e-05
1.7502e-05
1.7473e-05
1.7525e-05
2.4575e-05
1.752e-05
1.7521e-05
1.7516e-05
1.748e-05
1.7505e-05
1.7479e-05
1.748e-05
1.7504e-05
1.7483e-05
1.7496e-05
1.7493e-05
1.747e-05
1.7511e-05
1.7473e-05
1.7477e-05
1.75e-05
1.748e-05
1.7485e-05
1.7484e-05
1.7461e-05
1.7498e-05
1.7465e-05
2.6979e-05
0.000251614
1.938e-05
1.8547e-05
1.756e-05
1.7487e-05
1.774e-05
1.7484e-05
1.7488e-05
1.7567e-05
1.7469e-05
1.7488e-05
1.7493e-05
1.7469e-05
1.7524e-05
1.748e-05
1.7473e-05
1.7512e-05
1.748e-05
1.7725e-05
1.75e-05
1.7505e-05
1.746e-05
1.7508e-05
1.7472e-05
1.7471e-05
1.7522e-05
1.7478e-05
1.7499e-05
1.7503e-05
1.7476e-05
1.7509e-05
1.7491e-05
1.7474e-05
1.7513e-05
1.7487e-05
1.7501e-05
1.749e-05
1.7478e-05
1.7511e-05
1.7494e-05
1.7489e-05
1.7519e-05
1.754e-05
1.7568e-05
2.5769e-05
1.7617e-05
1.7482e-05
1.7498e-05
1.7472e-05
1.7488e-05
1.7499e-05
1.7461e-05
1.7496e-05
1.7464e-05
1.7473e-05
1.7502e-05
1.7482e-05
1.7481e-05
1.7472e-05
1.7491e-05
1.7486e-05
1.7482e-05
1.749e-05
1.7482e-05
1.7495e-05
1.751e-05
1.7497e-05
1.7472e-05
2.5909e-05
1.763e-05
1.7543e-05
1.7535e-05
1.7542e-05
1.7477e-05
1.751e-05
1.7478e-05
1.7481e-05
1.7524e-05
1.7494e-05
1.7494e-05
1.7487e-05
1.746e-05
1.7499e-05
1.748e-05
1.7481e-05
1.7494e-05
1.7474e-05
1.7495e-05
1.7475e-05
1.7468e-05
1.7494e-05
1.7466e-05
1.7489e-05
1.7488e-05
1.7473e-05
1.7496e-05
1.7473e-05
1.7497e-05
1.7521e-05
1.749e-05
1.7492e-05
1.749e-05
1.7462e-05
1.752e-05
1.7494e-05
1.7497e-05
1.7518e-05
1.7486e-05
1.7488e-05
1.7491e-05
1.7464e-05
1.7498e-05
1.747e-05
1.7477e-05
1.7496e-05
1.7464e-05
1.749e-05
1.7487e-05
1.7468e-05
1.75e-05
1.7471e-05
1.7503e-05
1.7497e-05
1.7459e-05
1.7499e-05
1.75e-05
1.7475e-05
1.75e-05
1.7487e-05
1.7507e-05
1.7495e-05
1.7469e-05
1.7518e-05
1.7497e-05
1.7477e-05
1.7523e-05
1.7486e-05
1.751e-05
1.7492e-05
1.7486e-05
1.7503e-05
1.7476e-05
1.7497e-05
1.7518e-05
1.7531e-05
1.7496e-05
1.7507e-05
1.7488e-05
1.7566e-05
1.756e-05
1.7483e-05
1.7517e-05
1.7468e-05
1.7515e-05
1.7486e-05
1.7488e-05
1.752e-05
1.749e-05
1.7504e-05
1.7515e-05
1.7459e-05
1.7518e-05
1.7483e-05
1.7491e-05
1.7496e-05
1.7488e-05
1.7495e-05
1.7488e-05
1.7468e-05
1.7501e-05
1.7472e-05
1.7476e-05
1.7502e-05
1.7469e-05
1.7495e-05
1.7493e-05
1.7469e-05
1.7502e-05
1.7477e-05
1.7479e-05
1.7501e-05
1.7467e-05
1.7495e-05
1.749e-05
1.7454e-05
1.7511e-05
1.7459e-05
1.7467e-05
1.7484e-05
1.7475e-05
1.7482e-05
1.7486e-05
1.7472e-05
1.7504e-05
1.7473e-05
1.7485e-05
1.7497e-05
1.7468e-05
1.75e-05
1.7482e-05
1.7475e-05
1.7504e-05
1.747e-05
1.7507e-05
1.7497e-05
1.7468e-05
1.7498e-05
1.7479e-05
1.747e-05
1.7494e-05
1.7486e-05
1.749e-05
1.7484e-05
1.7469e-05
1.7502e-05
1.7475e-05
1.7472e-05
1.7518e-05
1.7469e-05
1.7489e-05
1.7488e-05
1.7486e-05
1.7509e-05
1.7473e-05
1.7484e-05
1.7499e-05
1.746e-05
1.749e-05
1.7477e-05
1.7473e-05
1.7499e-05
1.7489e-05
1.7489e-05
1.7498e-05
1.7485e-05
1.7496e-05
1.7473e-05
1.7492e-05
1.7499e-05
1.7462e-05
1.7485e-05
1.7494e-05
1.746e-05
1.7503e-05
1.747e-05
1.7492e-05
1.7532e-05
1.7468e-05
1.7492e-05
1.7489e-05
1.7467e-05
1.7521e-05
1.7472e-05
1.7499e-05
1.7498e-05
1.7467e-05
1.7498e-05
1.7488e-05
1.7471e-05
1.7502e-05
1.7473e-05
1.7486e-05
1.7497e-05
1.7468e-05
1.7498e-05
1.748e-05
1.7465e-05
1.7498e-05
1.747e-05
1.749e-05
1.7496e-05
1.7469e-05
1.7501e-05
1.748e-05
1.7476e-05
1.7502e-05
1.7469e-05
1.7492e-05
1.7493e-05
1.7469e-05
1.7502e-05
1.7476e-05
1.7479e-05
1.75e-05
2.4391e-05
1.7591e-05
1.753e-05
1.7497e-05
1.7523e-05
1.75e-05
1.7477e-05
1.7495e-05
1.7483e-05
1.7469e-05
1.752e-05
1.747e-05
1.748e-05
1.7529e-05
1.7463e-05
1.7497e-05
1.7483e-05
1.7466e-05
1.7535e-05
1.7475e-05
1.7482e-05
1.7519e-05
1.7463e-05
1.7521e-05
1.7477e-05
1.7465e-05
1.7494e-05
1.7459e-05
1.7481e-05
1.7484e-05
1.7455e-05
1.7489e-05
1.7466e-05
1.7465e-05
1.7492e-05
