#time [s]
9.258e-06
9.232e-06
9.179e-06
9.187e-06
9.151e-06
9.165e-06
9.172e-06
9.152e-06
9.157e-06
9.188e-06
9.145e-06
9.171e-06
9.175e-06
9.157e-06
9.159e-06
9.183e-06
9.152e-06
9.166e-06
9.182e-06
9.158e-06
9.163e-06
9.186e-06
9.161e-06
9.157e-06
9.178e-06
9.158e-06
9.158e-06
9.179e-06
9.163e-06
9.154e-06
9.162e-06
9.159e-06
9.156e-06
9.177e-06
9.171e-06
9.161e-06
9.181e-06
9.161e-06
9.16e-06
9.186e-06
9.162e-06
9.157e-06
9.182e-06
9.165e-06
9.138e-06
9.17e-06
9.172e-06
9.15e-06
9.178e-06
9.169e-06
9.152e-06
9.169e-06
9.167e-06
9.152e-06
9.172e-06
9.168e-06
9.149e-06
9.168e-06
9.174e-06
9.154e-06
9.173e-06
9.181e-06
9.156e-06
9.168e-06
9.176e-06
9.154e-06
9.163e-06
9.18e-06
9.157e-06
9.182e-06
9.177e-06
9.153e-06
9.158e-06
9.181e-06
9.151e-06
9.163e-06
9.177e-06
9.155e-06
9.154e-06
9.186e-06
9.157e-06
9.144e-06
9.176e-06
9.153e-06
9.15e-06
9.184e-06
9.165e-06
9.155e-06
9.173e-06
9.162e-06
9.149e-06
9.183e-06
9.165e-06
9.148e-06
9.179e-06
9.165e-06
9.148e-06
9.172e-06
9.165e-06
9.153e-06
9.182e-06
9.167e-06
9.154e-06
9.169e-06
9.179e-06
9.147e-06
9.178e-06
9.176e-06
9.145e-06
9.171e-06
9.173e-06
9.155e-06
9.163e-06
9.179e-06
9.166e-06
9.169e-06
9.179e-06
9.149e-06
9.162e-06
9.18e-06
1.5817e-05
9.241e-06
9.215e-06
9.196e-06
9.211e-06
9.182e-06
9.193e-06
9.206e-06
9.188e-06
9.176e-06
9.203e-06
9.189e-06
9.176e-06
9.204e-06
9.19e-06
9.179e-06
9.205e-06
9.196e-06
9.177e-06
9.202e-06
9.196e-06
9.176e-06
9.2e-06
9.198e-06
9.174e-06
9.198e-06
9.201e-06
9.177e-06
9.197e-06
9.198e-06
9.175e-06
9.194e-06
9.188e-06
9.175e-06
9.194e-06
9.2e-06
9.175e-06
9.191e-06
9.201e-06
9.176e-06
9.19e-06
9.202e-06
9.177e-06
9.19e-06
9.203e-06
9.177e-06
9.188e-06
9.204e-06
9.178e-06
9.187e-06
9.203e-06
9.179e-06
9.185e-06
9.204e-06
9.181e-06
9.183e-06
9.205e-06
9.182e-06
9.183e-06
9.204e-06
9.183e-06
9.181e-06
9.203e-06
9.185e-06
9.18e-06
9.204e-06
9.186e-06
9.178e-06
9.204e-06
9.187e-06
9.177e-06
9.203e-06
9.188e-06
9.176e-06
9.202e-06
9.19e-06
9.176e-06
9.201e-06
9.192e-06
9.175e-06
9.201e-06
9.193e-06
9.175e-06
9.2e-06
9.194e-06
9.176e-06
9.198e-06
9.195e-06
9.175e-06
9.197e-06
9.197e-06
9.175e-06
9.195e-06
9.199e-06
9.176e-06
9.195e-06
9.2e-06
9.175e-06
9.194e-06
9.2e-06
9.176e-06
9.191e-06
9.201e-06
9.176e-06
9.189e-06
9.203e-06
9.177e-06
9.188e-06
9.204e-06
9.178e-06
9.188e-06
9.203e-06
9.179e-06
9.185e-06
9.204e-06
9.18e-06
9.184e-06
9.203e-06
9.182e-06
9.183e-06
9.204e-06
9.183e-06
9.181e-06
9.206e-06
9.185e-06
9.18e-06
9.203e-06
9.186e-06
9.179e-06
9.204e-06
9.186e-06
9.178e-06
9.204e-06
9.187e-06
9.177e-06
9.204e-06
9.189e-06
9.176e-06
9.202e-06
9.19e-06
9.176e-06
9.2e-06
9.192e-06
9.175e-06
9.2e-06
9.192e-06
9.174e-06
9.198e-06
9.196e-06
9.174e-06
9.197e-06
9.205e-06
9.183e-06
9.206e-06
9.206e-06
9.184e-06
9.204e-06
9.208e-06
1.7114e-05
9.244e-06
9.778e-06
9.732e-06
2.3823e-05
9.277e-06
9.207e-06
9.197e-06
9.193e-06
9.176e-06
9.142e-06
9.178e-06
9.167e-06
9.16e-06
9.24e-06
9.169e-06
9.214e-06
9.196e-06
9.176e-06
9.161e-06
9.186e-06
9.178e-06
9.16e-06
9.166e-06
9.18e-06
9.161e-06
9.186e-06
9.171e-06
9.161e-06
9.222e-06
9.183e-06
9.16e-06
9.183e-06
9.17e-06
9.15e-06
9.166e-06
9.186e-06
9.161e-06
9.178e-06
9.186e-06
9.151e-06
9.164e-06
9.188e-06
9.162e-06
9.174e-06
9.17e-06
9.174e-06
9.182e-06
9.199e-06
9.164e-06
9.17e-06
9.19e-06
9.164e-06
9.169e-06
9.2e-06
9.167e-06
9.168e-06
9.19e-06
9.169e-06
9.167e-06
9.19e-06
9.171e-06
9.164e-06
9.174e-06
9.173e-06
9.166e-06
9.176e-06
9.173e-06
9.163e-06
9.189e-06
9.176e-06
9.162e-06
9.174e-06
9.177e-06
9.148e-06
9.187e-06
9.166e-06
9.161e-06
9.171e-06
9.181e-06
9.147e-06
9.184e-06
9.168e-06
9.16e-06
9.168e-06
9.171e-06
9.147e-06
9.182e-06
9.172e-06
9.149e-06
9.177e-06
9.173e-06
9.148e-06
9.177e-06
9.174e-06
9.162e-06
9.162e-06
9.175e-06
9.163e-06
9.172e-06
9.176e-06
9.152e-06
9.159e-06
9.191e-06
9.152e-06
9.171e-06
9.178e-06
9.154e-06
9.155e-06
9.192e-06
9.155e-06
9.167e-06
9.189e-06
9.158e-06
9.153e-06
9.19e-06
9.158e-06
9.167e-06
9.189e-06
9.174e-06
9.164e-06
9.189e-06
9.161e-06
9.162e-06
9.189e-06
9.177e-06
9.149e-06
9.188e-06
9.178e-06
9.162e-06
9.186e-06
9.18e-06
9.147e-06
9.172e-06
9.167e-06
9.162e-06
9.17e-06
9.183e-06
9.148e-06
9.182e-06
9.169e-06
9.16e-06
9.167e-06
9.185e-06
9.147e-06
9.167e-06
9.174e-06
9.163e-06
9.164e-06
9.175e-06
9.162e-06
9.162e-06
9.175e-06
9.162e-06
9.342e-06
9.198e-06
9.2e-06
9.216e-06
9.185e-06
9.174e-06
9.202e-06
9.196e-06
9.178e-06
9.191e-06
9.177e-06
9.176e-06
9.202e-06
9.182e-06
9.175e-06
9.201e-06
9.184e-06
9.175e-06
9.2e-06
9.186e-06
9.173e-06
9.2e-06
9.187e-06
9.174e-06
9.198e-06
9.189e-06
9.172e-06
9.198e-06
9.189e-06
9.174e-06
9.199e-06
9.181e-06
9.174e-06
9.185e-06
9.184e-06
9.175e-06
9.197e-06
9.196e-06
9.175e-06
9.194e-06
9.196e-06
9.174e-06
9.192e-06
9.184e-06
9.184e-06
9.192e-06
9.189e-06
9.175e-06
9.19e-06
9.2e-06
9.177e-06
9.19e-06
9.201e-06
9.176e-06
9.186e-06
9.201e-06
9.175e-06
9.174e-06
9.204e-06
9.178e-06
9.186e-06
9.202e-06
9.181e-06
9.186e-06
9.202e-06
9.18e-06
9.182e-06
9.202e-06
9.18e-06
9.181e-06
9.206e-06
9.182e-06
9.18e-06
9.178e-06
9.185e-06
9.179e-06
9.202e-06
9.185e-06
9.177e-06
9.201e-06
9.185e-06
9.176e-06
9.205e-06
9.188e-06
9.177e-06
9.2e-06
9.192e-06
9.176e-06
9.2e-06
9.19e-06
9.174e-06
9.199e-06
9.21e-06
9.173e-06
9.201e-06
9.192e-06
9.174e-06
9.198e-06
9.196e-06
9.174e-06
9.195e-06
9.196e-06
9.174e-06
9.194e-06
9.197e-06
9.172e-06
9.197e-06
9.197e-06
9.175e-06
9.194e-06
9.201e-06
9.174e-06
9.19e-06
9.2e-06
1.5453e-05
9.241e-06
9.195e-06
9.202e-06
9.21e-06
9.195e-06
9.166e-06
9.176e-06
9.157e-06
9.15e-06
9.167e-06
9.155e-06
9.142e-06
9.186e-06
9.152e-06
9.152e-06
9.165e-06
9.155e-06
9.149e-06
9.183e-06
9.154e-06
9.172e-06
9.197e-06
9.166e-06
9.159e-06
9.17e-06
9.191e-06
9.146e-06
9.181e-06
9.192e-06
9.17e-06
9.192e-06
9.17e-06
9.148e-06
9.168e-06
9.196e-06
9.171e-06
9.189e-06
9.172e-06
9.138e-06
9.164e-06
9.196e-06
9.173e-06
9.162e-06
9.199e-06
9.148e-06
9.184e-06
9.189e-06
9.174e-06
9.182e-06
9.177e-06
9.151e-06
9.182e-06
9.171e-06
9.177e-06
9.151e-06
9.2e-06
9.149e-06
9.178e-06
9.201e-06
9.178e-06
9.178e-06
9.2e-06
9.182e-06
9.147e-06
9.2e-06
9.182e-06
9.162e-06
9.178e-06
9.185e-06
9.174e-06
9.184e-06
9.184e-06
9.15e-06
9.198e-06
9.163e-06
9.171e-06
9.173e-06
9.187e-06
9.172e-06
9.172e-06
9.189e-06
9.147e-06
9.195e-06
9.191e-06
9.171e-06
9.184e-06
9.166e-06
9.172e-06
9.193e-06
9.194e-06
9.171e-06
9.19e-06
9.195e-06
9.17e-06
9.188e-06
9.197e-06
9.173e-06
9.188e-06
9.173e-06
9.156e-06
9.167e-06
9.188e-06
9.173e-06
9.156e-06
9.188e-06
9.178e-06
9.16e-06
9.2e-06
9.155e-06
9.152e-06
9.2e-06
9.149e-06
9.156e-06
9.187e-06
9.177e-06
9.149e-06
9.177e-06
9.166e-06
9.178e-06
9.187e-06
9.159e-06
9.146e-06
9.2e-06
9.169e-06
9.151e-06
9.17e-06
9.183e-06
9.161e-06
9.198e-06
9.156e-06
9.201e-06
9.186e-06
9.186e-06
9.143e-06
9.227e-06
9.174e-06
9.171e-06
9.165e-06
9.168e-06
9.159e-06
9.195e-06
9.161e-06
9.148e-06
9.181e-06
9.192e-06
9.141e-06
9.168e-06
9.181e-06
9.17e-06
9.163e-06
9.172e-06
9.171e-06
9.189e-06
9.169e-06
9.149e-06
9.175e-06
9.198e-06
9.144e-06
9.158e-06
9.202e-06
9.173e-06
9.163e-06
9.179e-06
9.175e-06
9.181e-06
9.178e-06
9.142e-06
9.158e-06
9.199e-06
9.153e-06
9.179e-06
9.177e-06
9.155e-06
9.155e-06
9.201e-06
9.169e-06
9.176e-06
9.172e-06
9.248e-06
9.254e-06
9.525e-06
9.554e-06
9.171e-06
9.216e-06
9.192e-06
9.153e-06
9.188e-06
9.151e-06
9.162e-06
9.178e-06
9.16e-06
9.157e-06
9.173e-06
9.157e-06
9.156e-06
9.237e-06
9.16e-06
9.148e-06
9.18e-06
9.168e-06
9.155e-06
9.18e-06
9.171e-06
9.155e-06
9.171e-06
9.167e-06
9.155e-06
9.176e-06
9.167e-06
9.146e-06
9.171e-06
9.176e-06
9.154e-06
9.172e-06
9.172e-06
9.144e-06
9.227e-06
9.171e-06
9.147e-06
9.164e-06
9.171e-06
9.148e-06
9.163e-06
9.196e-06
9.147e-06
9.162e-06
9.184e-06
9.156e-06
9.169e-06
9.181e-06
9.148e-06
9.154e-06
9.182e-06
9.152e-06
9.159e-06
9.176e-06
9.154e-06
9.16e-06
9.179e-06
9.153e-06
9.154e-06
9.175e-06
9.156e-06
9.151e-06
9.18e-06
9.156e-06
9.156e-06
9.191e-06
9.159e-06
9.147e-06
9.18e-06
9.159e-06
9.146e-06
9.174e-06
9.164e-06
9.144e-06
9.178e-06
9.17e-06
9.149e-06
9.169e-06
9.167e-06
9.145e-06
9.193e-06
9.174e-06
9.146e-06
9.18e-06
9.17e-06
9.148e-06
9.17e-06
9.172e-06
9.156e-06
9.165e-06
9.174e-06
9.148e-06
9.168e-06
9.177e-06
9.146e-06
9.177e-06
9.175e-06
9.146e-06
9.166e-06
9.183e-06
9.15e-06
9.164e-06
9.18e-06
9.152e-06
9.155e-06
9.174e-06
9.175e-06
9.162e-06
9.175e-06
9.154e-06
9.162e-06
9.175e-06
9.161e-06
9.158e-06
9.196e-06
9.157e-06
9.157e-06
9.181e-06
9.166e-06
9.154e-06
9.18e-06
9.169e-06
9.153e-06
9.176e-06
9.169e-06
9.154e-06
9.173e-06
9.165e-06
9.161e-06
9.169e-06
9.2e-06
9.153e-06
9.178e-06
9.168e-06
9.153e-06
9.174e-06
9.175e-06
9.145e-06
9.169e-06
9.171e-06
9.146e-06
9.166e-06
9.175e-06
9.144e-06
9.184e-06
9.179e-06
9.159e-06
9.162e-06
9.179e-06
9.154e-06
9.166e-06
9.174e-06
9.15e-06
9.161e-06
9.175e-06
9.165e-06
9.165e-06
9.175e-06
9.153e-06
9.154e-06
9.175e-06
9.156e-06
9.154e-06
9.177e-06
9.155e-06
9.148e-06
9.174e-06
9.158e-06
9.146e-06
9.182e-06
9.166e-06
9.138e-06
9.181e-06
9.161e-06
9.155e-06
9.174e-06
9.183e-06
9.153e-06
9.184e-06
9.17e-06
9.147e-06
9.17e-06
9.176e-06
9.145e-06
9.17e-06
9.168e-06
9.147e-06
9.172e-06
9.177e-06
9.162e-06
9.173e-06
9.171e-06
9.143e-06
9.168e-06
9.169e-06
9.149e-06
9.161e-06
9.178e-06
9.147e-06
9.162e-06
9.169e-06
9.15e-06
9.16e-06
9.182e-06
9.156e-06
9.159e-06
9.178e-06
9.157e-06
9.178e-06
9.176e-06
9.16e-06
9.16e-06
9.188e-06
9.157e-06
9.164e-06
9.175e-06
9.156e-06
9.159e-06
9.178e-06
9.16e-06
9.158e-06
9.191e-06
9.16e-06
9.15e-06
9.174e-06
9.164e-06
9.148e-06
9.174e-06
9.162e-06
9.152e-06
9.179e-06
9.164e-06
9.142e-06
9.178e-06
9.165e-06
9.148e-06
9.182e-06
9.167e-06
9.153e-06
9.174e-06
9.189e-06
9.148e-06
9.173e-06
9.176e-06
9.157e-06
9.171e-06
9.183e-06
1.8845e-05
9.267e-06
9.186e-06
9.202e-06
9.222e-06
9.16e-06
9.173e-06
9.184e-06
9.171e-06
9.177e-06
9.185e-06
9.174e-06
9.166e-06
9.198e-06
9.162e-06
9.178e-06
9.182e-06
9.172e-06
9.162e-06
9.204e-06
9.162e-06
9.165e-06
9.184e-06
9.172e-06
