#time [s]
0.003365784
0.002199171
0.002229031
0.002351809
0.002447764
0.002194525
0.002218461
0.002228476
0.002282474
0.002423282
0.002203219
0.002337513
0.002244448
0.002220763
0.002350074
0.002222664
0.002238623
0.002274826
0.002278206
0.00223156
0.002329006
0.002266262
0.002260526
0.002220195
0.002283385
0.002303055
0.002301721
0.00220271
0.002272861
0.002290324
0.002241162
0.002543604
0.002227442
0.002218623
0.002279406
0.002312196
0.002321532
0.00225744
0.002211999
0.002278498
0.002281452
0.002229834
0.00251829
0.002381294
0.002197655
0.002195196
0.002409628
0.002267173
0.002467367
0.002242649
0.002265225
0.002238704
0.002278686
0.002493535
0.002221449
0.002218932
0.00225974
0.00227171
0.002276258
0.003112885
0.002228406
0.002262025
0.002268048
0.002294774
0.002474204
0.002252834
0.002207237
0.002272513
0.002281697
0.002259232
0.002396824
0.002229952
0.002218136
0.002319914
0.002344433
0.002285949
0.002256575
0.00220297
0.002271763
0.002333693
0.002232674
0.002395308
0.00236936
0.002260988
0.002246061
0.002224759
0.002301086
0.002286703
0.002219639
0.002327442
0.002242264
0.00231745
0.002458549
0.002201721
0.002279227
0.002283205
0.002235073
0.002502183
0.002374066
0.002403345
0.002375066
0.002649912
0.002959104
0.003002083
0.002995819
0.003014137
0.002932506
0.002978523
0.002232692
0.00227616
0.002221675
0.002275285
0.00223272
0.002283897
0.002281267
0.002331122
0.00226111
0.002265278
0.002396243
0.002296704
0.002223881
0.002472378
0.00225397
0.002239169
0.002294568
0.002226809
0.002214163
0.002231238
0.002267943
0.002277242
0.002257457
0.002201258
0.002267004
0.002332045
0.002218093
0.002379919
0.002214196
0.002284806
0.002273352
0.002318685
0.002280053
0.00225316
0.002216167
0.002292233
0.002273032
0.002291381
0.00241623
0.002226601
0.002217089
0.00229141
0.002315843
0.002276725
0.002261703
0.002227904
0.002264488
0.002281784
0.002273901
0.002326286
0.002217867
0.002257793
0.002243085
0.002272107
0.002353636
0.002356645
0.00220882
0.002303835
0.002251352
0.002224979
0.002492019
0.002228319
0.00222008
0.002268998
0.002355776
0.002217064
0.00227752
0.002229345
0.002273871
0.00228103
0.00231213
0.002388305
0.002274523
0.00220103
0.002268254
0.002307732
0.002233093
0.002375971
0.00224747
0.002267902
0.002230835
0.002304794
0.002287751
0.002248363
0.002218114
0.002294842
0.002233504
0.002226069
0.002528337
0.0022533
0.002223603
0.002299644
0.002445912
0.00220211
0.002382582
0.002217335
0.002243145
0.002217036
0.002234788
0.002245741
0.002267946
0.002202734
0.002275982
0.002273742
0.002201909
0.002498233
0.002227747
0.002228276
0.00227617
0.002262765
0.0023083
0.002256294
0.002209055
0.002265663
0.002270334
0.002227129
0.002571043
0.002215441
0.002267347
0.002238399
0.002235612
0.0022668
0.00234793
0.002207708
0.002279298
0.002318159
0.002281863
0.002542922
0.002221518
0.002214114
0.002275138
0.002302847
0.002376501
0.002314507
0.002206052
0.002265044
0.002306265
0.002199539
0.002373804
0.00224744
0.002261044
0.002211874
0.0023184
0.002254604
0.002277547
0.002218341
0.002254913
0.002313358
0.002294349
0.002387725
0.002227309
0.002263271
0.002221064
0.002285754
0.002466334
0.002299697
0.002228261
0.002269382
0.002266278
0.002256067
0.002487757
0.002258084
0.002204087
0.002295686
0.002280375
0.002227615
0.002297295
0.002240936
0.002273297
0.002267024
0.002481511
0.002359166
0.002270398
0.00222985
0.002231814
0.002330349
0.002318015
0.002473465
0.002205172
0.002266009
0.002285436
0.002285255
0.00245272
0.002273621
0.002204386
0.002276616
0.002334488
0.002276111
0.002468247
0.002224625
0.002219804
0.002282694
0.002320413
0.002319042
0.002256716
0.002221105
0.002286355
0.002286604
0.00226549
0.002546014
0.002278446
0.00220767
0.002249216
0.002320579
0.002280488
0.002363998
0.002200415
0.002273539
0.002278942
0.002236285
0.002536417
0.002248256
0.002261516
0.002231688
0.002304644
0.002243202
0.002410174
0.002198294
0.002240757
0.002312525
0.00220294
0.002404963
0.002205401
0.002229774
0.002427453
0.002258642
0.002215294
0.002389099
0.00222681
0.002339246
0.002208213
0.002261531
0.002438986
0.002257221
0.00224911
0.002241701
0.002222736
0.002273632
0.00255625
0.002214588
0.002244888
0.002211647
0.002275082
0.002315453
0.002462408
0.00223432
0.002270065
0.002356707
0.00219867
0.002387033
0.00222819
0.002222341
0.002251814
0.002261295
0.002220659
0.002412346
0.002224963
0.00224282
0.002238121
0.002346261
0.002383594
0.002257083
0.002227404
0.002293037
0.00224398
0.002231449
0.002462467
0.002326528
0.002223011
0.002273703
0.002319207
0.002326674
0.002273535
0.002225181
0.002267017
0.002314036
0.002219359
0.00241761
0.002216602
0.00220513
0.002229695
0.002315829
0.002273988
0.002448534
0.002230175
0.002298248
0.002220284
0.002289039
0.002628189
0.00228918
0.002196777
0.002266751
0.002321859
0.00222019
0.002441403
0.002218167
0.002270764
0.002267443
0.002228871
0.002275277
0.002269315
0.002215888
0.002272096
0.002264442
0.002222291
0.002466976
0.002226168
0.002209528
0.002266594
0.002319416
0.002222664
0.002334762
0.002251343
0.002266332
0.002220796
0.00226792
0.00239261
0.002818514
0.002687889
0.002468753
0.002979103
0.002913827
0.003007503
0.003004638
0.002957343
0.002899602
0.002706283
0.002604859
0.002728365
0.002787674
0.002603367
0.002391931
0.002480889
0.002504799
0.002229139
0.002296541
0.002224941
0.002235574
0.002273514
0.002302151
0.002461223
0.002199568
0.002270246
0.002323785
0.002264841
0.002596222
0.002223804
0.002217255
0.002251452
0.002314563
0.002255741
0.002266347
0.002234877
0.0022838
0.002246302
0.002273835
0.002495165
0.002279702
0.002207405
0.002283068
0.002313178
0.002256088
0.003659765
0.004054466
0.00405443
0.003259972
0.00222968
0.002260535
0.002212741
0.002287679
0.002223338
0.002376923
0.002247737
0.002248595
0.00229724
0.002226614
0.002254363
0.002514544
0.002207323
0.002228734
0.002244224
0.002279936
0.002229594
0.002191727
0.002214449
0.002241248
0.002224044
0.002285543
0.002222737
0.004016048
0.002324069
0.002254043
0.00226339
0.002227558
0.00221994
0.003049492
0.002226012
0.002248062
0.0022206
0.002485601
0.002357862
0.002196308
0.00231586
0.002214751
0.002281147
0.00227548
0.002258275
0.002216622
0.002333746
0.002254613
0.002217135
0.002205517
0.002267122
0.002250327
0.002375195
0.002200121
0.00228085
0.002227116
0.002238619
0.002246303
0.00245511
0.002248646
0.002230031
0.002228833
0.002268078
0.002455909
0.002268675
0.002258944
0.002285226
0.002219605
0.002219698
0.002429315
0.002274936
0.002218523
0.002304532
0.002259162
0.002228121
0.002426824
0.002247433
0.002237292
0.002229987
0.00225371
0.002346869
0.002245927
0.002194385
0.002280369
0.002290783
0.002233784
0.002466811
0.002217465
0.002219411
0.002240556
0.002266207
0.002281572
0.002258898
0.002219763
0.00228598
0.002257844
0.002227117
0.002441611
0.002205925
0.002262266
0.002228066
0.002372782
0.002246826
0.002218248
0.002214875
0.002309642
0.002310509
0.002207879
0.00223507
0.002221843
0.002277184
0.002282626
0.002243884
0.00239345
0.002245986
0.002354589
0.002265271
0.002195092
0.002232621
0.002363505
0.002300463
0.002202715
0.002266252
0.002294313
0.002279516
0.002433797
0.002206059
0.002299256
0.002209864
0.002225748
0.00231396
0.002222911
0.00222987
0.002303726
0.002291751
0.002255189
0.002346893
0.002220194
0.002226531
0.002228582
0.002274812
0.002311731
0.002254756
0.002229878
0.002287563
0.002222364
0.002219765
0.002360658
0.002259131
0.002213479
0.002223882
0.002262129
0.002272134
0.002493053
0.002212857
0.002270046
0.00226499
0.002195819
0.002345126
0.002288282
0.002202588
0.002277549
0.002266807
0.002242549
0.002507681
0.002239254
0.002215893
0.002217736
0.002276846
0.002221081
0.002406291
0.002218073
0.002283539
0.002225469
0.002247036
0.002282733
0.002427344
0.002221302
0.002227182
0.002260997
0.002238898
0.002413226
0.002218885
0.002259981
0.002247836
0.002280766
0.00234554
0.002251738
0.002198093
0.002278063
0.002297502
0.002201318
0.002465794
0.00220023
0.003040057
0.002243366
0.002216273
0.002296008
0.002190525
0.002262053
0.002288535
0.002203375
0.002227561
0.002235269
0.0022823
0.002420964
0.002267902
0.002869336
0.002244645
0.002207533
0.002334789
0.0023921
0.002304689
0.002275613
0.002215175
0.002278289
0.002212137
0.002259035
0.004664568
0.00221096
0.002227594
0.002281381
0.002212615
0.002423933
0.002193463
0.002276482
0.002220473
0.002275579
0.002218058
0.002195332
0.002248627
0.00229018
0.002214881
0.002288605
0.002280531
0.002723685
0.002255447
0.002228248
0.002220762
0.002264157
0.002355401
0.002328788
0.002204595
0.002222353
0.002275031
0.002264904
0.002331328
0.002270346
0.0022795
0.002202079
0.002272325
0.002326678
0.002286722
0.002413901
0.002224792
0.00222423
0.00225883
0.002316155
0.002218138
0.0022497
0.002239999
0.002279177
0.002222596
0.00227639
0.002467077
0.002276313
0.002227136
0.002275374
0.002273936
0.002197303
0.00237599
0.002252298
0.002193488
0.002259467
0.002288261
0.002271881
0.002473295
0.002219635
0.002293582
0.002272002
0.002275284
0.002270162
0.002370211
0.002411552
0.002378676
0.002365618
0.002462008
0.002380857
0.002204747
0.002194244
0.002371793
0.002201037
0.002423332
0.002223206
0.002282396
0.00228131
0.002325864
0.00246325
0.002248047
0.002204811
0.00229116
0.002287615
0.002267736
0.002497507
0.002233586
0.002220064
0.002259582
0.002315657
0.002315576
0.002264413
0.002200866
0.002293446
0.002284214
0.002197249
0.002351936
0.002454213
0.002457431
0.002203777
0.002230371
0.002472296
0.002262864
0.002207529
0.002274082
0.002258668
0.002235742
0.002284261
0.002301929
0.002316046
0.002239416
0.002261939
0.002445355
0.002222653
0.002221971
0.002244556
0.002316725
0.002280292
0.002435251
0.002203225
0.002267358
0.002268997
0.002275891
0.002482757
0.002317193
0.002211533
0.002214716
0.002270983
0.002232619
0.002253952
0.002239434
0.002262228
0.002248157
0.002314056
0.002446511
0.002265337
0.002202294
0.002277322
0.002409757
0.002244948
0.002456221
0.002207568
0.002265673
0.002425666
0.002220542
0.002322902
0.00234506
0.002266861
0.002229487
0.00219109
0.002375694
0.00226711
0.002207568
0.002306965
0.002254455
0.002220178
0.002505249
0.002238515
0.002211925
0.002272786
0.002275597
0.002272974
0.002290854
0.002306223
0.002339026
0.002224107
0.002313822
0.002486416
0.002275902
0.002219612
0.002293412
0.002262236
0.002302426
0.002395958
0.002208301
0.002353522
0.002257791
0.002223503
0.002291117
0.002216862
0.002211239
0.00228115
0.002295243
0.002288538
0.002293989
0.00224678
0.002301309
0.002270208
0.002264577
0.002441494
0.002272917
0.002203741
0.002286145
0.002342162
0.002259511
0.002475141
0.002233298
0.002272375
0.002270891
0.002307723
0.002356774
0.002248187
0.002201392
0.002274285
0.002263205
0.002265943
0.002396304
0.002231709
0.002202465
0.002275093
0.002299598
0.002273995
0.002198147
0.002245556
0.002295744
0.002273009
0.002282288
0.002319179
0.00226233
0.002206534
0.002225142
0.002276747
0.002271867
0.002555329
0.002214626
0.002290054
0.002332754
0.002289037
0.002559173
0.002227834
0.002211784
0.002258111
0.00227791
0.002266724
0.002255112
0.002224908
0.002286095
0.002273477
0.002284838
0.002365999
0.002256936
0.002224494
0.002297669
0.002327405
0.00227797
0.002476616
0.002220513
0.002290853
0.00226435
0.002241178
0.00227364
0.002277605
0.002198541
0.002281066
0.002250622
0.002229914
0.002387112
0.002228389
0.002231805
0.002273626
0.002315772
0.002278773
0.002298097
0.002239589
0.002274658
0.002269832
0.002331138
0.002558211
0.002252097
0.002230639
0.00228346
0.002287733
0.00224162
0.002609705
0.002241377
0.002204069
0.002263612
0.002252451
0.002337406
0.002289655
0.002203631
0.002277499
0.002283084
0.00227344
0.002500426
0.002228568
0.002216523
0.002233006
0.002323118
0.002231612
0.002340969
0.002232806
0.002281884
0.002287065
0.002338226
0.002392889
0.002254095
0.00219908
0.002285023
0.002262869
0.002293311
0.002496029
0.002222553
0.002204115
0.00224554
0.002324879
0.00230197
0.002529424
0.002202548
0.002249549
0.002268678
0.002269489
