#time [s]
2.817e-06
2.718e-06
2.675e-06
2.684e-06
2.665e-06
2.667e-06
2.651e-06
2.637e-06
2.64e-06
2.632e-06
2.63e-06
2.621e-06
2.635e-06
2.633e-06
2.634e-06
2.634e-06
2.642e-06
2.643e-06
2.639e-06
2.635e-06
2.633e-06
2.631e-06
2.638e-06
2.632e-06
2.643e-06
2.665e-06
2.635e-06
2.639e-06
2.634e-06
2.638e-06
2.641e-06
2.646e-06
2.627e-06
2.646e-06
2.624e-06
2.632e-06
2.652e-06
2.651e-06
2.652e-06
2.632e-06
2.64e-06
2.639e-06
2.636e-06
2.631e-06
2.637e-06
2.636e-06
2.632e-06
2.64e-06
2.645e-06
2.637e-06
2.642e-06
2.642e-06
2.637e-06
2.633e-06
2.626e-06
2.64e-06
2.638e-06
2.633e-06
2.643e-06
2.637e-06
2.643e-06
2.637e-06
2.635e-06
2.636e-06
2.631e-06
2.631e-06
2.632e-06
2.64e-06
2.643e-06
2.64e-06
2.646e-06
2.639e-06
2.634e-06
2.63e-06
2.636e-06
2.627e-06
2.64e-06
2.647e-06
2.631e-06
2.652e-06
2.625e-06
2.653e-06
2.633e-06
2.649e-06
2.633e-06
2.629e-06
2.628e-06
2.631e-06
2.629e-06
2.635e-06
2.634e-06
2.642e-06
2.646e-06
2.651e-06
2.631e-06
2.647e-06
2.621e-06
2.635e-06
2.633e-06
2.629e-06
2.649e-06
2.634e-06
2.637e-06
2.644e-06
2.633e-06
2.641e-06
2.628e-06
2.634e-06
2.634e-06
2.63e-06
2.64e-06
2.635e-06
2.636e-06
2.645e-06
2.635e-06
2.642e-06
2.639e-06
2.641e-06
2.635e-06
2.639e-06
2.638e-06
2.636e-06
2.634e-06
2.638e-06
2.643e-06
2.636e-06
2.64e-06
2.632e-06
2.628e-06
2.637e-06
2.627e-06
2.641e-06
2.641e-06
2.646e-06
2.645e-06
2.647e-06
2.641e-06
2.637e-06
2.636e-06
2.631e-06
2.631e-06
2.633e-06
2.637e-06
2.637e-06
2.637e-06
2.645e-06
2.646e-06
2.635e-06
2.642e-06
2.633e-06
2.638e-06
2.63e-06
2.636e-06
2.63e-06
2.634e-06
2.641e-06
2.643e-06
2.64e-06
2.641e-06
2.634e-06
2.634e-06
2.631e-06
2.637e-06
2.632e-06
2.642e-06
2.634e-06
2.646e-06
2.641e-06
2.636e-06
2.638e-06
2.639e-06
2.633e-06
2.639e-06
2.636e-06
2.634e-06
2.636e-06
2.639e-06
2.643e-06
2.648e-06
2.636e-06
2.635e-06
2.632e-06
2.623e-06
2.629e-06
2.626e-06
2.637e-06
2.633e-06
2.652e-06
2.637e-06
2.653e-06
2.627e-06
2.634e-06
2.632e-06
2.637e-06
2.632e-06
2.627e-06
2.654e-06
2.63e-06
2.633e-06
2.641e-06
2.634e-06
2.641e-06
2.643e-06
2.649e-06
2.627e-06
2.644e-06
2.622e-06
2.632e-06
2.65e-06
2.634e-06
2.653e-06
2.635e-06
2.642e-06
2.641e-06
2.636e-06
2.632e-06
2.626e-06
2.631e-06
2.641e-06
2.635e-06
2.645e-06
2.645e-06
2.643e-06
2.644e-06
2.629e-06
2.638e-06
2.633e-06
2.638e-06
2.637e-06
2.637e-06
2.636e-06
2.642e-06
2.643e-06
2.639e-06
2.646e-06
2.634e-06
2.632e-06
2.631e-06
2.633e-06
2.635e-06
2.643e-06
2.638e-06
2.648e-06
2.639e-06
2.644e-06
2.637e-06
2.631e-06
2.632e-06
2.639e-06
2.647e-06
2.631e-06
2.651e-06
2.646e-06
2.659e-06
2.635e-06
2.651e-06
2.631e-06
2.63e-06
2.629e-06
2.629e-06
2.627e-06
2.636e-06
2.633e-06
2.638e-06
2.637e-06
2.65e-06
2.633e-06
2.648e-06
2.64e-06
2.623e-06
2.638e-06
2.631e-06
2.643e-06
2.638e-06
2.647e-06
2.641e-06
2.642e-06
2.633e-06
2.637e-06
2.633e-06
2.632e-06
2.632e-06
2.636e-06
2.637e-06
2.637e-06
2.645e-06
2.639e-06
2.635e-06
2.642e-06
2.66e-06
2.63e-06
2.628e-06
2.627e-06
2.635e-06
2.633e-06
2.643e-06
2.637e-06
2.653e-06
2.644e-06
2.649e-06
2.622e-06
2.625e-06
2.63e-06
2.627e-06
2.638e-06
2.632e-06
2.634e-06
2.639e-06
2.635e-06
2.639e-06
2.642e-06
2.646e-06
2.626e-06
2.645e-06
2.622e-06
2.641e-06
2.638e-06
2.637e-06
2.654e-06
2.633e-06
2.632e-06
2.638e-06
2.627e-06
2.636e-06
2.626e-06
2.636e-06
2.641e-06
2.636e-06
2.645e-06
2.639e-06
2.634e-06
2.641e-06
2.629e-06
2.638e-06
2.635e-06
2.639e-06
2.638e-06
2.637e-06
2.642e-06
2.637e-06
2.637e-06
2.638e-06
2.636e-06
2.634e-06
2.633e-06
2.631e-06
2.632e-06
2.639e-06
2.634e-06
2.64e-06
2.647e-06
2.641e-06
2.645e-06
2.636e-06
2.637e-06
2.626e-06
2.634e-06
2.633e-06
2.637e-06
2.639e-06
2.642e-06
2.642e-06
2.637e-06
2.642e-06
2.641e-06
2.629e-06
2.629e-06
2.632e-06
2.64e-06
2.636e-06
2.641e-06
2.636e-06
2.645e-06
2.639e-06
2.639e-06
2.635e-06
2.637e-06
2.632e-06
2.632e-06
2.634e-06
2.643e-06
2.638e-06
2.647e-06
2.637e-06
2.645e-06
2.636e-06
2.629e-06
2.631e-06
2.634e-06
2.633e-06
2.644e-06
2.637e-06
2.641e-06
2.642e-06
2.64e-06
2.639e-06
2.639e-06
2.635e-06
2.637e-06
2.63e-06
2.63e-06
2.631e-06
2.634e-06
2.636e-06
2.645e-06
2.64e-06
2.639e-06
2.634e-06
2.634e-06
2.634e-06
2.632e-06
2.638e-06
2.642e-06
2.638e-06
2.646e-06
2.641e-06
2.642e-06
2.632e-06
2.638e-06
2.632e-06
2.638e-06
2.632e-06
2.636e-06
2.637e-06
2.637e-06
2.644e-06
2.64e-06
2.635e-06
2.636e-06
2.634e-06
2.638e-06
2.631e-06
2.635e-06
2.63e-06
2.64e-06
2.639e-06
2.65e-06
2.654e-06
2.644e-06
2.652e-06
2.622e-06
2.642e-06
2.631e-06
2.634e-06
2.635e-06
2.632e-06
2.633e-06
2.64e-06
2.635e-06
2.636e-06
2.644e-06
2.649e-06
2.627e-06
2.644e-06
2.622e-06
2.632e-06
2.638e-06
2.635e-06
2.654e-06
2.634e-06
2.642e-06
2.641e-06
2.636e-06
2.637e-06
2.627e-06
2.637e-06
2.64e-06
2.635e-06
2.644e-06
2.638e-06
2.634e-06
2.644e-06
2.629e-06
2.639e-06
2.634e-06
2.638e-06
2.637e-06
2.636e-06
2.643e-06
2.637e-06
2.639e-06
2.638e-06
2.638e-06
2.634e-06
2.632e-06
2.63e-06
2.631e-06
2.638e-06
2.634e-06
2.635e-06
2.647e-06
2.641e-06
2.645e-06
2.636e-06
2.638e-06
2.627e-06
2.639e-06
2.636e-06
2.631e-06
2.65e-06
2.646e-06
2.656e-06
2.627e-06
2.634e-06
2.635e-06
2.627e-06
2.643e-06
2.625e-06
2.637e-06
2.641e-06
2.633e-06
2.641e-06
2.638e-06
2.636e-06
2.641e-06
2.632e-06
2.637e-06
2.635e-06
2.626e-06
2.64e-06
2.631e-06
2.644e-06
2.645e-06
2.648e-06
2.642e-06
2.637e-06
2.631e-06
1.2277e-05
2.762e-06
2.67e-06
2.675e-06
2.672e-06
2.646e-06
2.646e-06
2.972e-06
2.736e-06
2.752e-06
2.698e-06
2.733e-06
2.713e-06
2.708e-06
2.728e-06
2.692e-06
2.676e-06
2.755e-06
2.807e-06
2.816e-06
2.886e-06
2.676e-06
2.666e-06
2.659e-06
2.639e-06
2.637e-06
2.629e-06
2.63e-06
2.634e-06
2.623e-06
2.618e-06
2.634e-06
2.622e-06
2.639e-06
2.637e-06
2.637e-06
2.63e-06
2.645e-06
2.623e-06
2.623e-06
2.624e-06
2.643e-06
2.628e-06
2.637e-06
2.66e-06
2.651e-06
2.644e-06
2.646e-06
2.639e-06
2.642e-06
2.626e-06
2.618e-06
2.638e-06
2.646e-06
2.643e-06
2.65e-06
2.644e-06
2.646e-06
2.639e-06
2.619e-06
2.637e-06
2.639e-06
2.637e-06
2.644e-06
2.64e-06
2.655e-06
2.637e-06
2.65e-06
2.643e-06
2.645e-06
2.638e-06
2.641e-06
2.636e-06
2.643e-06
2.639e-06
2.623e-06
2.644e-06
2.651e-06
2.644e-06
2.647e-06
2.639e-06
2.643e-06
2.626e-06
2.64e-06
2.637e-06
2.644e-06
2.657e-06
2.65e-06
2.645e-06
2.625e-06
2.642e-06
2.644e-06
2.636e-06
2.64e-06
2.636e-06
2.644e-06
2.641e-06
2.624e-06
2.649e-06
2.651e-06
2.643e-06
2.646e-06
2.639e-06
2.641e-06
2.634e-06
2.617e-06
2.653e-06
2.646e-06
2.644e-06
2.651e-06
2.644e-06
2.649e-06
2.641e-06
2.62e-06
2.64e-06
2.639e-06
2.637e-06
2.646e-06
2.641e-06
2.649e-06
2.646e-06
2.625e-06
2.641e-06
2.644e-06
2.638e-06
2.641e-06
2.65e-06
2.642e-06
2.631e-06
2.647e-06
2.645e-06
2.651e-06
2.645e-06
2.647e-06
2.639e-06
2.642e-06
2.634e-06
2.616e-06
2.637e-06
2.645e-06
2.643e-06
2.65e-06
2.646e-06
2.649e-06
2.632e-06
2.644e-06
2.654e-06
2.639e-06
2.636e-06
2.644e-06
2.641e-06
2.649e-06
2.644e-06
2.65e-06
2.643e-06
2.646e-06
2.639e-06
2.641e-06
2.634e-06
2.641e-06
2.631e-06
2.622e-06
2.645e-06
2.652e-06
2.645e-06
2.648e-06
2.641e-06
2.648e-06
2.628e-06
2.64e-06
2.637e-06
2.644e-06
2.642e-06
2.649e-06
2.646e-06
2.626e-06
2.646e-06
2.644e-06
2.638e-06
2.64e-06
2.635e-06
2.643e-06
2.639e-06
2.624e-06
2.636e-06
2.651e-06
2.643e-06
2.647e-06
2.655e-06
2.643e-06
2.635e-06
2.617e-06
2.639e-06
2.645e-06
2.643e-06
2.65e-06
2.646e-06
2.647e-06
2.641e-06
2.62e-06
2.636e-06
2.64e-06
2.637e-06
2.645e-06
2.64e-06
2.648e-06
2.644e-06
2.627e-06
2.659e-06
2.646e-06
2.639e-06
2.642e-06
2.635e-06
2.641e-06
2.638e-06
2.622e-06
2.645e-06
2.651e-06
2.645e-06
2.647e-06
2.64e-06
2.643e-06
2.627e-06
2.64e-06
2.637e-06
2.645e-06
2.641e-06
2.65e-06
2.662e-06
2.65e-06
2.641e-06
2.621e-06
2.637e-06
2.641e-06
2.635e-06
2.643e-06
2.64e-06
2.647e-06
2.635e-06
2.651e-06
2.644e-06
2.647e-06
2.64e-06
2.642e-06
2.634e-06
2.641e-06
2.637e-06
2.622e-06
2.644e-06
2.654e-06
2.646e-06
2.648e-06
2.641e-06
2.62e-06
2.641e-06
2.64e-06
2.638e-06
2.644e-06
2.64e-06
2.648e-06
2.645e-06
2.627e-06
2.642e-06
2.646e-06
2.637e-06
2.641e-06
2.635e-06
2.641e-06
2.639e-06
2.652e-06
2.644e-06
2.651e-06
2.645e-06
2.648e-06
2.64e-06
2.642e-06
2.636e-06
2.617e-06
2.63e-06
2.645e-06
2.642e-06
2.649e-06
2.646e-06
2.649e-06
2.642e-06
2.621e-06
2.641e-06
2.64e-06
2.635e-06
2.648e-06
2.64e-06
2.648e-06
2.645e-06
2.627e-06
2.643e-06
2.646e-06
2.638e-06
2.641e-06
2.635e-06
2.641e-06
2.629e-06
2.645e-06
2.642e-06
2.65e-06
2.644e-06
2.647e-06
2.641e-06
2.644e-06
2.635e-06
2.647e-06
2.636e-06
2.644e-06
2.641e-06
2.649e-06
2.646e-06
2.65e-06
2.634e-06
2.645e-06
2.638e-06
2.641e-06
2.634e-06
2.643e-06
2.639e-06
2.646e-06
2.644e-06
2.651e-06
2.644e-06
2.647e-06
2.64e-06
2.648e-06
2.636e-06
2.617e-06
2.638e-06
2.645e-06
2.643e-06
2.65e-06
2.647e-06
2.648e-06
2.642e-06
2.621e-06
2.637e-06
2.64e-06
2.636e-06
2.643e-06
2.641e-06
2.649e-06
2.646e-06
2.627e-06
2.648e-06
2.651e-06
2.638e-06
2.641e-06
2.636e-06
2.641e-06
2.638e-06
2.622e-06
2.643e-06
2.65e-06
2.646e-06
2.647e-06
2.641e-06
2.644e-06
2.637e-06
2.616e-06
2.642e-06
2.645e-06
2.642e-06
2.649e-06
2.646e-06
2.656e-06
2.643e-06
2.621e-06
2.638e-06
2.641e-06
2.634e-06
2.642e-06
2.64e-06
2.647e-06
2.635e-06
2.651e-06
2.644e-06
2.646e-06
2.64e-06
2.643e-06
2.634e-06
2.641e-06
2.636e-06
2.646e-06
2.643e-06
2.656e-06
2.647e-06
2.649e-06
2.641e-06
2.644e-06
2.628e-06
2.64e-06
2.636e-06
2.644e-06
2.641e-06
2.648e-06
2.646e-06
2.651e-06
2.641e-06
2.622e-06
2.639e-06
2.641e-06
2.636e-06
2.642e-06
2.638e-06
2.652e-06
2.647e-06
2.651e-06
2.645e-06
2.648e-06
2.641e-06
2.644e-06
2.636e-06
2.616e-06
2.637e-06
2.644e-06
2.643e-06
2.649e-06
2.645e-06
2.649e-06
2.642e-06
2.621e-06
2.642e-06
2.641e-06
2.635e-06
2.647e-06
2.64e-06
2.647e-06
2.644e-06
2.626e-06
2.637e-06
2.647e-06
2.64e-06
2.643e-06
2.635e-06
2.64e-06
2.638e-06
2.622e-06
2.643e-06
2.65e-06
2.645e-06
2.649e-06
2.64e-06
2.644e-06
2.638e-06
2.642e-06
2.637e-06
2.643e-06
2.641e-06
2.649e-06
2.645e-06
2.651e-06
2.635e-06
2.645e-06
2.64e-06
2.642e-06
2.635e-06
2.642e-06
2.638e-06
2.646e-06
2.644e-06
2.626e-06
2.645e-06
2.647e-06
2.641e-06
2.647e-06
2.636e-06
2.64e-06
2.628e-06
