#time [s]
7.14e-06
7.049e-06
6.987e-06
6.968e-06
6.972e-06
6.969e-06
6.961e-06
6.962e-06
6.97e-06
6.97e-06
6.95e-06
6.962e-06
6.975e-06
6.957e-06
6.951e-06
6.961e-06
6.975e-06
6.965e-06
6.949e-06
6.964e-06
6.974e-06
6.952e-06
6.95e-06
6.967e-06
6.968e-06
6.966e-06
6.947e-06
6.973e-06
6.974e-06
6.959e-06
6.952e-06
6.959e-06
6.97e-06
6.943e-06
6.95e-06
6.968e-06
6.968e-06
6.958e-06
6.958e-06
6.963e-06
6.966e-06
6.953e-06
6.968e-06
6.971e-06
6.961e-06
6.946e-06
6.958e-06
6.978e-06
6.961e-06
6.939e-06
6.964e-06
6.97e-06
6.953e-06
6.948e-06
6.962e-06
6.991e-06
6.952e-06
6.949e-06
6.97e-06
6.969e-06
6.947e-06
6.951e-06
6.969e-06
6.964e-06
6.945e-06
6.954e-06
6.974e-06
6.961e-06
6.951e-06
6.95e-06
6.969e-06
6.957e-06
6.944e-06
6.965e-06
6.983e-06
6.955e-06
6.95e-06
6.96e-06
6.973e-06
6.948e-06
6.949e-06
6.963e-06
6.968e-06
6.952e-06
6.954e-06
6.965e-06
6.969e-06
6.943e-06
6.951e-06
6.968e-06
6.962e-06
6.953e-06
6.959e-06
6.971e-06
6.965e-06
6.946e-06
6.96e-06
6.965e-06
6.96e-06
6.946e-06
6.963e-06
6.988e-06
6.965e-06
6.957e-06
6.966e-06
6.982e-06
6.963e-06
6.958e-06
6.968e-06
6.973e-06
6.96e-06
6.96e-06
6.971e-06
6.976e-06
6.951e-06
6.963e-06
6.977e-06
6.973e-06
6.956e-06
6.965e-06
6.987e-06
6.971e-06
6.953e-06
6.968e-06
6.976e-06
6.968e-06
6.952e-06
6.969e-06
6.979e-06
6.967e-06
6.948e-06
6.972e-06
6.971e-06
6.965e-06
6.955e-06
6.975e-06
6.977e-06
6.962e-06
6.972e-06
6.978e-06
6.969e-06
6.959e-06
6.948e-06
6.981e-06
6.971e-06
6.957e-06
6.964e-06
6.981e-06
6.964e-06
6.957e-06
6.957e-06
6.981e-06
6.965e-06
6.957e-06
6.97e-06
6.982e-06
6.964e-06
6.957e-06
6.963e-06
6.974e-06
6.962e-06
6.959e-06
6.972e-06
6.979e-06
6.956e-06
6.963e-06
6.968e-06
6.977e-06
6.953e-06
6.964e-06
6.972e-06
6.972e-06
6.955e-06
6.959e-06
6.978e-06
6.97e-06
6.947e-06
6.968e-06
6.975e-06
6.967e-06
6.953e-06
6.97e-06
6.979e-06
6.96e-06
6.951e-06
6.973e-06
6.975e-06
6.963e-06
6.953e-06
6.976e-06
6.972e-06
6.957e-06
6.958e-06
6.974e-06
6.971e-06
6.954e-06
6.953e-06
6.976e-06
6.969e-06
6.957e-06
6.965e-06
6.981e-06
6.965e-06
6.957e-06
6.959e-06
6.965e-06
6.962e-06
6.943e-06
6.954e-06
6.967e-06
6.972e-06
6.95e-06
6.963e-06
6.976e-06
6.947e-06
6.954e-06
6.982e-06
6.969e-06
6.95e-06
6.949e-06
6.985e-06
6.971e-06
6.966e-06
6.955e-06
6.988e-06
6.966e-06
6.94e-06
6.953e-06
6.989e-06
6.963e-06
6.947e-06
6.965e-06
6.969e-06
6.962e-06
6.964e-06
6.963e-06
6.971e-06
6.958e-06
6.948e-06
6.969e-06
6.987e-06
6.959e-06
6.966e-06
6.971e-06
6.983e-06
6.947e-06
6.945e-06
6.969e-06
6.969e-06
6.942e-06
6.954e-06
6.964e-06
6.975e-06
6.971e-06
6.964e-06
6.974e-06
6.959e-06
6.952e-06
6.976e-06
6.978e-06
6.974e-06
6.954e-06
6.955e-06
6.967e-06
6.948e-06
6.943e-06
6.982e-06
6.976e-06
6.97e-06
6.957e-06
6.984e-06
6.969e-06
6.959e-06
6.948e-06
6.979e-06
6.967e-06
6.956e-06
6.961e-06
6.98e-06
6.965e-06
6.957e-06
6.961e-06
6.973e-06
6.962e-06
6.956e-06
6.957e-06
6.988e-06
6.965e-06
6.95e-06
6.964e-06
6.973e-06
6.957e-06
6.965e-06
6.968e-06
6.976e-06
6.955e-06
6.959e-06
6.97e-06
6.969e-06
6.954e-06
6.968e-06
6.973e-06
6.973e-06
6.944e-06
6.972e-06
6.974e-06
6.978e-06
6.948e-06
6.973e-06
6.975e-06
6.976e-06
6.949e-06
6.976e-06
6.968e-06
6.961e-06
6.95e-06
6.978e-06
6.973e-06
6.969e-06
6.946e-06
6.982e-06
6.97e-06
6.968e-06
6.953e-06
6.974e-06
6.969e-06
6.954e-06
6.956e-06
6.976e-06
6.966e-06
6.957e-06
6.958e-06
6.98e-06
6.963e-06
6.963e-06
6.96e-06
6.976e-06
6.961e-06
6.957e-06
6.958e-06
6.979e-06
6.959e-06
6.957e-06
6.955e-06
6.972e-06
6.956e-06
6.955e-06
6.969e-06
6.978e-06
6.947e-06
6.966e-06
6.971e-06
6.971e-06
6.952e-06
6.956e-06
6.973e-06
6.973e-06
6.944e-06
6.973e-06
6.974e-06
6.97e-06
6.949e-06
6.961e-06
6.976e-06
6.961e-06
6.949e-06
6.977e-06
6.974e-06
6.966e-06
6.949e-06
6.965e-06
6.971e-06
6.958e-06
6.952e-06
6.982e-06
6.965e-06
6.968e-06
6.953e-06
6.973e-06
6.968e-06
6.951e-06
6.954e-06
6.973e-06
6.968e-06
6.955e-06
6.958e-06
6.986e-06
6.963e-06
6.962e-06
6.961e-06
6.988e-06
6.961e-06
6.963e-06
6.963e-06
6.981e-06
6.958e-06
6.957e-06
6.967e-06
6.975e-06
6.956e-06
6.965e-06
6.963e-06
6.983e-06
6.953e-06
6.959e-06
6.97e-06
6.975e-06
6.959e-06
6.96e-06
6.973e-06
6.978e-06
6.949e-06
6.967e-06
6.969e-06
6.965e-06
6.951e-06
6.956e-06
6.974e-06
6.974e-06
6.943e-06
6.978e-06
6.975e-06
6.97e-06
6.947e-06
6.967e-06
6.967e-06
6.962e-06
6.95e-06
6.976e-06
6.967e-06
6.959e-06
6.951e-06
6.975e-06
6.98e-06
6.954e-06
6.969e-06
6.975e-06
6.978e-06
6.953e-06
6.973e-06
6.975e-06
6.976e-06
6.955e-06
6.966e-06
6.984e-06
6.962e-06
6.955e-06
6.968e-06
6.977e-06
6.961e-06
6.962e-06
6.969e-06
6.984e-06
6.957e-06
6.964e-06
6.974e-06
6.974e-06
6.948e-06
6.967e-06
6.975e-06
6.971e-06
6.953e-06
6.961e-06
6.975e-06
6.975e-06
6.953e-06
6.972e-06
6.977e-06
6.974e-06
6.949e-06
6.977e-06
6.974e-06
6.973e-06
6.95e-06
6.978e-06
6.973e-06
6.961e-06
6.952e-06
6.975e-06
6.971e-06
6.968e-06
6.954e-06
6.983e-06
6.97e-06
6.96e-06
6.949e-06
6.985e-06
6.969e-06
6.964e-06
6.959e-06
6.987e-06
6.965e-06
6.961e-06
6.96e-06
6.979e-06
6.967e-06
6.956e-06
6.961e-06
6.987e-06
6.958e-06
6.964e-06
6.961e-06
6.987e-06
6.957e-06
6.964e-06
6.969e-06
6.974e-06
6.955e-06
6.966e-06
6.971e-06
6.972e-06
6.952e-06
6.97e-06
6.972e-06
6.972e-06
6.949e-06
6.973e-06
6.973e-06
6.967e-06
6.95e-06
6.968e-06
6.975e-06
6.974e-06
6.95e-06
6.966e-06
6.974e-06
6.972e-06
6.95e-06
6.97e-06
6.973e-06
6.963e-06
6.952e-06
6.976e-06
6.97e-06
6.968e-06
6.955e-06
6.983e-06
6.968e-06
6.96e-06
7.22e-06
7.005e-06
6.989e-06
7.002e-06
6.966e-06
6.959e-06
6.959e-06
6.975e-06
6.965e-06
6.956e-06
6.958e-06
6.978e-06
6.96e-06
6.945e-06
6.963e-06
6.981e-06
6.965e-06
6.956e-06
6.967e-06
6.98e-06
6.963e-06
6.954e-06
6.97e-06
6.978e-06
6.961e-06
6.966e-06
6.97e-06
6.975e-06
6.947e-06
6.958e-06
6.97e-06
6.972e-06
6.952e-06
6.961e-06
6.972e-06
6.97e-06
6.95e-06
6.965e-06
6.977e-06
6.969e-06
6.949e-06
6.967e-06
6.974e-06
6.967e-06
6.953e-06
6.968e-06
6.973e-06
6.963e-06
6.949e-06
6.97e-06
6.972e-06
6.96e-06
6.951e-06
6.974e-06
6.97e-06
6.96e-06
6.954e-06
6.977e-06
6.967e-06
6.959e-06
6.963e-06
6.964e-06
6.972e-06
6.941e-06
6.964e-06
6.971e-06
6.97e-06
6.94e-06
6.958e-06
6.965e-06
6.967e-06
6.946e-06
6.969e-06
6.965e-06
6.964e-06
6.947e-06
6.964e-06
6.963e-06
6.961e-06
6.943e-06
6.964e-06
6.968e-06
6.96e-06
6.946e-06
6.968e-06
6.965e-06
6.957e-06
6.947e-06
6.979e-06
6.957e-06
6.956e-06
6.949e-06
6.972e-06
6.959e-06
6.954e-06
6.952e-06
6.982e-06
6.953e-06
6.955e-06
6.961e-06
6.971e-06
6.95e-06
6.956e-06
6.963e-06
6.979e-06
6.947e-06
6.957e-06
6.959e-06
6.969e-06
6.943e-06
6.96e-06
6.967e-06
6.967e-06
6.942e-06
6.963e-06
6.963e-06
6.962e-06
6.948e-06
6.965e-06
6.965e-06
6.97e-06
6.945e-06
6.967e-06
6.965e-06
6.96e-06
6.939e-06
6.958e-06
6.963e-06
6.963e-06
6.947e-06
6.971e-06
6.969e-06
6.954e-06
6.944e-06
6.975e-06
6.967e-06
6.959e-06
6.945e-06
6.978e-06
6.965e-06
6.949e-06
6.954e-06
6.978e-06
6.956e-06
6.956e-06
6.949e-06
6.98e-06
6.954e-06
6.947e-06
6.959e-06
6.98e-06
6.959e-06
6.956e-06
6.954e-06
6.98e-06
6.95e-06
6.95e-06
6.955e-06
6.972e-06
6.947e-06
6.958e-06
6.959e-06
6.977e-06
6.951e-06
6.963e-06
6.974e-06
6.968e-06
6.948e-06
6.956e-06
6.976e-06
6.967e-06
6.946e-06
6.957e-06
6.963e-06
6.969e-06
6.946e-06
6.961e-06
6.965e-06
6.967e-06
6.941e-06
6.96e-06
6.982e-06
6.957e-06
6.955e-06
6.973e-06
6.976e-06
6.955e-06
6.954e-06
6.966e-06
6.974e-06
6.956e-06
6.957e-06
6.969e-06
6.968e-06
6.951e-06
6.959e-06
6.97e-06
6.968e-06
6.946e-06
6.955e-06
6.974e-06
6.966e-06
6.95e-06
6.964e-06
6.981e-06
6.964e-06
6.951e-06
6.967e-06
6.975e-06
6.961e-06
6.951e-06
6.965e-06
6.968e-06
6.964e-06
6.946e-06
6.975e-06
6.972e-06
6.958e-06
6.956e-06
6.976e-06
6.975e-06
6.955e-06
6.964e-06
6.978e-06
6.973e-06
6.953e-06
6.965e-06
6.966e-06
6.959e-06
6.954e-06
6.969e-06
6.979e-06
6.966e-06
6.953e-06
6.97e-06
6.978e-06
6.949e-06
6.957e-06
6.973e-06
6.979e-06
6.963e-06
6.957e-06
6.975e-06
6.975e-06
6.944e-06
6.955e-06
6.978e-06
6.974e-06
6.957e-06
6.961e-06
6.98e-06
6.968e-06
6.947e-06
6.956e-06
6.969e-06
6.96e-06
6.956e-06
6.96e-06
6.979e-06
6.969e-06
6.957e-06
6.968e-06
6.98e-06
6.962e-06
6.957e-06
6.971e-06
6.979e-06
6.96e-06
6.957e-06
6.973e-06
6.977e-06
6.957e-06
6.962e-06
6.976e-06
6.974e-06
6.955e-06
6.965e-06
6.977e-06
6.972e-06
6.953e-06
6.967e-06
6.979e-06
6.96e-06
6.954e-06
6.969e-06
6.979e-06
6.967e-06
6.955e-06
6.971e-06
6.978e-06
6.965e-06
6.954e-06
6.974e-06
6.976e-06
6.961e-06
6.957e-06
6.976e-06
6.974e-06
6.96e-06
6.959e-06
6.978e-06
6.971e-06
6.958e-06
6.962e-06
6.98e-06
6.967e-06
6.956e-06
6.965e-06
6.98e-06
6.965e-06
6.956e-06
6.966e-06
6.981e-06
6.964e-06
6.953e-06
6.97e-06
6.978e-06
6.962e-06
6.958e-06
6.972e-06
6.978e-06
6.959e-06
6.959e-06
6.972e-06
6.977e-06
6.956e-06
6.962e-06
6.976e-06
6.964e-06
6.955e-06
6.964e-06
6.977e-06
6.971e-06
6.954e-06
6.968e-06
6.977e-06
6.969e-06
6.952e-06
6.97e-06
6.979e-06
6.966e-06
6.954e-06
6.973e-06
6.977e-06
6.964e-06
6.956e-06
6.973e-06
6.975e-06
6.961e-06
6.958e-06
6.978e-06
6.971e-06
6.959e-06
6.961e-06
6.98e-06
6.971e-06
6.958e-06
6.961e-06
6.98e-06
6.966e-06
6.953e-06
6.965e-06
6.98e-06
6.965e-06
6.956e-06
6.969e-06
6.981e-06
6.963e-06
6.957e-06
6.969e-06
6.979e-06
6.961e-06
6.958e-06
6.973e-06
6.967e-06
6.959e-06
6.961e-06
6.974e-06
6.975e-06
6.957e-06
6.962e-06
6.977e-06
6.972e-06
6.953e-06
6.964e-06
6.975e-06
6.97e-06
6.953e-06
6.969e-06
6.978e-06
6.968e-06
6.954e-06
6.971e-06
6.978e-06
6.964e-06
6.954e-06
6.974e-06
6.979e-06
6.96e-06
6.958e-06
6.977e-06
6.97e-06
6.955e-06
6.954e-06
6.973e-06
6.971e-06
6.952e-06
6.96e-06
6.974e-06
6.968e-06
6.952e-06
6.962e-06
6.976e-06
6.967e-06
6.952e-06
6.975e-06
6.976e-06
6.964e-06
6.952e-06
6.966e-06
6.975e-06
6.961e-06
6.953e-06
6.968e-06
6.975e-06
6.958e-06
6.955e-06
6.971e-06
6.976e-06
6.966e-06
6.956e-06
6.973e-06
6.969e-06
6.954e-06
6.958e-06
6.975e-06
6.971e-06
6.952e-06
6.962e-06
6.978e-06
6.964e-06
6.953e-06
6.964e-06
6.984e-06
6.966e-06
6.961e-06
6.966e-06
6.977e-06
6.964e-06
6.953e-06
6.966e-06
6.974e-06
6.961e-06
6.955e-06
6.971e-06
6.972e-06
6.955e-06
6.966e-06
6.973e-06
6.97e-06
6.953e-06
