#time [s]
0.005510589
0.005445348
0.005550904
0.005362722
0.005395018
0.005494117
0.00545159
0.005427936
0.005579146
0.005498847
0.005471975
0.005402615
0.005473058
0.005880314
0.005558618
0.005437925
0.005495255
0.005429807
0.0054514
0.005547821
0.00542167
0.005455298
0.005632416
0.005430745
0.005456797
0.005433103
0.005423634
0.00565378
0.005412899
0.005462673
0.005742718
0.005409159
0.006685947
0.007359285
0.005467108
0.005395567
0.005425465
0.005452699
0.00541614
0.005445568
0.005516459
0.005431697
0.005490046
0.005379376
0.00538547
0.005483144
0.005407742
0.005449665
0.005525683
0.005500862
0.005505829
0.005369185
0.005419645
0.005530003
0.005443965
0.005430681
0.005397836
0.005466354
0.00548748
0.005398815
0.005423373
0.005519293
0.005480579
0.005716186
0.005368331
0.005422506
0.005500102
0.005510097
0.005593449
0.00540286
0.005524915
0.00549336
0.005434236
0.005487469
0.005423457
0.005431601
0.005454146
0.005486686
0.005423197
0.005569048
0.005456845
0.005382037
0.005475793
0.005487496
0.005476304
0.005374555
0.005426343
0.005530174
0.005437845
0.00547476
0.005480743
0.005432649
0.005456737
0.005389342
0.005503216
0.005543303
0.005425003
0.005429794
0.005567587
0.005508583
0.005421264
0.005473663
0.005458224
0.005526538
0.005479737
0.005487046
0.005368523
0.005378821
0.005575275
0.00545056
0.00542437
0.005451204
0.005508053
0.005570754
0.005581083
0.005389769
0.005453691
0.005470492
0.005500675
0.005518711
0.005461575
0.005481673
0.005604589
0.005473558
0.005653954
0.005420644
0.005424351
0.008068338
0.005406261
0.005451336
0.005399816
0.005454443
0.005458053
0.005395125
0.005410573
0.005544203
0.005442345
0.005431887
0.005399448
0.005410462
0.005459865
0.005467621
0.005517894
0.005470149
0.005428693
0.005487731
0.005501454
0.005446028
0.005484899
0.005449239
0.005420285
0.005537128
0.005434903
0.005565338
0.005451264
0.005406706
0.005455284
0.005426524
0.005426104
0.00561724
0.005475961
0.00567429
0.005371511
0.005419332
0.005554889
0.005473288
0.005424695
0.005375008
0.005472537
0.005553336
0.005434763
0.005470128
0.005481936
0.005465001
0.005434872
0.005524651
0.005488512
0.00546286
0.00540454
0.005456316
0.005474499
0.005425051
0.005642591
0.007064892
0.005495273
0.006208791
0.005409354
0.005481464
0.005436591
0.005451367
0.00539086
0.005403088
0.005427347
0.005445072
0.005517551
0.005527525
0.005427683
0.00538668
0.005481171
0.005559614
0.005453683
0.005452467
0.00546132
0.005406815
0.005575964
0.005408171
0.00546248
0.005469359
0.005683368
0.005373434
0.005387027
0.005387494
0.006098883
0.005450914
0.00546624
0.005417623
0.005473753
0.006015356
0.005790623
0.005971658
0.005436847
0.005467298
0.005569873
0.005415196
0.005484417
0.005509238
0.005507709
0.005424606
0.005462833
0.005454415
0.005653855
0.005559422
0.005378454
0.0055202
0.005411072
0.005484703
0.005429618
0.005498487
0.005566401
0.005383601
0.005477639
0.005445449
0.005431596
0.005569866
0.005461843
0.005484785
0.005529393
0.005483423
0.005410648
0.00562725
0.005467139
0.005450137
0.00549453
0.0054163
0.005528548
0.005596649
0.005419394
0.00548122
0.005593207
0.005481957
0.005507129
0.007776792
0.006635724
0.005490098
0.005416483
0.005440436
0.005487851
0.005393753
0.005458893
0.005431829
0.005511437
0.005546332
0.005424788
0.00555797
0.005542741
0.00539154
0.005486388
0.005504798
0.005435224
0.005577133
0.005424387
0.005452212
0.008172451
0.005514982
0.005579662
0.005426055
0.005408522
0.005706921
0.005503226
0.00547611
0.005537185
0.005506827
0.005466742
0.005435156
0.005459974
0.005599758
0.005470442
0.005470732
0.005565104
0.005462148
0.005458745
0.005685774
0.005485212
0.005481801
0.005406328
0.005417865
0.009152011
0.005401904
0.005433749
0.005482613
0.005515731
0.005429009
0.005506546
0.005455039
0.005393748
0.005485472
0.005512961
0.005403711
0.005492317
0.005474605
0.005481958
0.005524967
0.005407601
0.005449985
0.005615552
0.005486342
0.005486185
0.005451962
0.005424452
0.005489534
0.005412463
0.005528823
0.005536012
0.0053968
0.005592845
0.005580592
0.005371671
0.005600322
0.005533968
0.005391617
0.00547452
0.005437681
0.005521793
0.005437637
0.005452775
0.005486001
0.005550857
0.005401612
0.005491186
0.005843778
0.00545483
0.005590438
0.005616223
0.005505818
0.005520772
0.005369373
0.005450588
0.005458956
0.005534283
0.005462548
0.006011599
0.005452285
0.005470903
0.005602752
0.005605377
0.005424141
0.005415543
0.005390309
0.005443687
0.005501377
0.005446214
0.00548599
0.005543225
0.005469411
0.00549999
0.005405479
0.005489394
0.005462411
0.005485936
0.005594833
0.005389842
0.005515666
0.005967622
0.005404445
0.005370048
0.005419384
0.005438907
0.005542148
0.005457669
0.00540499
0.005493778
0.005382878
0.005427055
0.005527369
0.005500762
0.005454124
0.005511389
0.005453096
0.005540949
0.005468256
0.005400433
0.005482423
0.0055574
0.005559405
0.005395442
0.005425646
0.005532079
0.005500936
0.005613934
0.007312033
0.007079722
0.007056869
0.005461055
0.005550082
0.005435212
0.005444225
0.005565228
0.005482948
0.005555323
0.005436501
0.005461355
0.00560823
0.005466099
0.005433694
0.005479728
0.005426991
0.006966499
0.005431446
0.005614341
0.005458418
0.005433105
0.005645474
0.005405493
0.005468208
0.005492559
0.005437419
0.005453429
0.005512027
0.005529308
0.005475504
0.005547775
0.005456744
0.005471086
0.005514946
0.005466343
0.005459302
0.005507198
0.005506393
0.005532417
0.005454131
0.005478552
0.005580788
0.005407778
0.005454548
0.005537319
0.005480823
0.005638502
0.005474196
0.005399792
0.005594389
0.005532706
0.00553267
0.005423801
0.00543571
0.005558818
0.005450856
0.005508566
0.005574543
0.005405113
0.005466325
0.005549031
0.005400672
0.005430958
0.005483614
0.005463132
0.005453154
0.005478316
0.005450926
0.005524471
0.005426888
0.00548479
0.005493575
0.00549769
0.005513529
0.005418423
0.005506924
0.005547425
0.005515784
0.005491621
0.006141742
0.005487375
0.005563788
0.005418076
0.005470717
0.005489058
0.00547564
0.005531466
0.005460394
0.005465873
0.0053901
0.005390335
0.005531196
0.005439024
0.005428846
0.00552709
0.005486665
0.005427147
0.005496593
0.005525883
0.005426012
0.007156988
0.005425616
0.005570657
0.005521418
0.00541786
0.00541906
0.005468279
0.005458837
0.00545577
0.005456193
0.005524481
0.005397892
0.005453123
0.005522317
0.005411754
0.005459586
0.005409809
0.005451712
0.005572205
0.005467858
0.005482059
0.005429197
0.005492761
0.005740352
0.005535115
0.005398258
0.005569307
0.005400761
0.005487643
0.005396733
0.005439492
0.005490514
0.005539543
0.00542329
0.005492767
0.005478645
0.005453412
0.005498471
0.005429252
0.005528602
0.005471383
0.005465412
0.005611565
0.005477649
0.005509342
0.005402176
0.005471308
0.005522627
0.005428759
0.005506842
0.005613087
0.005520952
0.005419179
0.005600622
0.005434822
0.005555276
0.005441651
0.005465276
0.005505188
0.005509435
0.005484234
0.005435428
0.005431246
0.00556464
0.005428471
0.005495703
0.005920314
0.005402831
0.00629134
0.005404831
0.005451474
0.005543779
0.005492332
0.005492933
0.005506087
0.005395284
0.00542552
0.005503606
0.005415426
0.005466216
0.005422005
0.005561933
0.005448295
0.005443642
0.005451823
0.00694839
0.00703817
0.005418159
0.00549059
0.005425892
0.005477461
0.005430981
0.005441034
0.005538436
0.00544864
0.005509573
0.005503559
0.005466134
0.005426761
0.005671173
0.005402276
0.005494761
0.005390013
0.005465794
0.005522857
0.005401946
0.005434457
0.005556605
0.005451375
0.005474105
0.005503745
0.005453436
0.005435517
0.005705989
0.005475575
0.005456032
0.005436654
0.016429744
0.00746537
0.00545308
0.005505227
0.005418893
0.005427841
0.005397275
0.005496483
0.005445551
0.007093607
0.005413852
0.005477166
0.005429563
0.005518508
0.005725285
0.006098103
0.006254084
0.005418
0.005488287
0.005423169
0.00546158
0.005453742
0.005479654
0.005466893
0.005602967
0.005505671
0.005455723
0.005611746
0.005456225
0.006133136
0.005405883
0.005554169
0.005546118
0.005454432
0.005425562
0.005474824
0.005408738
0.005470382
0.005438936
0.005469578
0.005500281
0.00544681
0.005461926
0.005558274
0.005433758
0.005439512
0.00539229
0.005453045
0.005500034
0.005420374
0.005465549
0.005408416
0.005442552
0.00552403
0.005487592
0.005448855
0.005737121
0.005452925
0.005377602
0.005416016
0.005433225
0.005482683
0.005394563
0.005497741
0.007479305
0.005866711
0.005570681
0.00538992
0.005433552
0.005440964
0.005384187
0.005428891
0.00558626
0.005516739
0.005485596
0.008639741
0.005393751
0.005498058
0.005403045
0.005660615
0.005509467
0.005505557
0.005452025
0.005402038
0.005492001
0.005589175
0.005409482
0.005481075
0.005580805
0.005435849
0.005486747
0.005505079
0.005446723
0.005570934
0.005396857
0.005505171
0.005945677
0.005486036
0.005630675
0.005365467
0.005453986
0.005570228
0.00549636
0.005476373
0.005468831
0.005562002
0.005449167
0.005532696
0.005439118
0.005475455
0.005455749
0.005402913
0.005432168
0.00553469
0.005426655
0.005600638
0.005487675
0.00550185
0.005424074
0.00541961
0.005429461
0.005535258
0.00550767
0.005483707
0.005417525
0.005457973
0.005492321
0.005454707
0.005419352
0.005477624
0.00543155
0.005453882
0.005438745
0.005435446
0.005463139
0.005466104
0.005481796
0.005431463
0.005461724
0.005578736
0.005453335
0.005445987
0.005472288
0.005535601
0.005552617
0.005426777
0.005426337
0.005584201
0.005460494
0.005382707
0.005388423
0.005487446
0.00550541
0.005448581
0.00546911
0.005538331
0.0054649
0.005467973
0.006102708
0.005431664
0.005484021
0.005410061
0.005464196
0.005509882
0.005476527
0.005452167
0.005713632
0.00543331
0.00554506
0.005513138
0.005428668
0.005535241
0.005404128
0.005517107
0.005390161
0.005462796
0.005551237
0.005493859
0.005442952
0.005745535
0.005551865
0.005469914
0.00538443
0.005476999
0.005469252
0.005380123
0.005445336
0.005494433
0.005440672
0.005461197
0.005523566
0.005426344
0.005473871
0.005399043
0.005558902
0.005420418
0.005395164
0.005484662
0.00545618
0.005535677
0.005384242
0.005581771
0.005391471
0.005465278
0.005525477
0.005496589
0.005433326
0.005449925
0.005583394
0.005477272
0.005418029
0.005827751
0.005418273
0.005480904
0.006043005
0.007302432
0.007078715
0.006022925
0.005532951
0.005727849
0.005500459
0.005459049
0.005492945
0.005442172
0.00560282
0.005441226
0.005462886
0.005529668
0.005427872
0.005547321
0.005455095
0.00546252
0.005512816
0.005481742
0.005476126
0.005421924
0.005565024
0.005865983
0.00667128
0.005469641
0.005532504
0.005428443
0.005461137
0.005518183
0.005439227
0.005500321
0.005896674
0.00548845
0.005494566
0.005631987
0.005433374
0.005437055
0.005445698
0.005464536
0.005530203
0.005638306
0.005440336
0.005533484
0.005562717
0.005435744
0.005492546
0.005461468
0.005522742
0.005547694
0.005433278
0.00551122
0.005532426
0.005482412
0.005403454
0.005415291
0.005487194
0.005438696
0.005469566
0.005437463
0.005576748
0.005491053
0.005589266
0.005404681
0.005392595
0.005490284
0.005448256
0.005514292
0.005406364
0.005516854
0.00555593
0.005448381
0.005463917
0.005427284
0.005488149
0.005505405
0.005381901
0.005514033
0.005888609
0.00550323
0.005436165
0.005418372
0.005445158
0.0054707
0.005380466
0.00547023
0.005526742
0.005536869
0.005499754
0.005513948
0.005482211
0.005510516
0.005420829
0.005532224
0.0055432
0.005446835
0.005520168
0.005414656
0.005471459
0.005608595
0.005445953
0.005653958
0.005406719
0.005558149
0.005606849
0.005409038
0.005413053
0.005557524
0.005504877
0.005504099
0.005403779
0.005474957
0.005603212
0.005393911
0.005424293
0.007769169
0.005483242
0.005511413
0.005481616
0.00547355
0.00548511
0.005386963
0.005491216
0.005466643
0.005418436
0.005491615
0.005527998
0.005446106
0.00541333
0.005529218
0.005497788
0.00542798
0.005510812
0.005444913
0.005541119
0.005386375
0.005457892
0.00543508
0.00543197
0.005446992
0.005459739
0.005503381
0.005486491
0.005484702
0.005452194
0.005533819
0.00539298
0.00558443
0.005436694
0.005439466
0.005488718
0.005527797
0.005553997
0.005378924
0.005443387
0.006871129
0.005455473
0.005644212
0.005440863
