#time [s]
1.724e-06
1.407e-06
1.385e-06
1.388e-06
1.375e-06
1.379e-06
1.382e-06
1.377e-06
1.376e-06
1.385e-06
1.372e-06
1.379e-06
1.378e-06
1.381e-06
1.38e-06
1.386e-06
1.382e-06
1.381e-06
1.381e-06
1.382e-06
1.38e-06
1.381e-06
1.376e-06
1.376e-06
1.375e-06
1.376e-06
1.374e-06
1.376e-06
1.372e-06
1.374e-06
1.372e-06
1.377e-06
1.374e-06
1.378e-06
1.375e-06
1.38e-06
1.393e-06
1.374e-06
1.376e-06
1.375e-06
1.376e-06
1.374e-06
1.375e-06
1.373e-06
1.372e-06
1.371e-06
1.371e-06
1.371e-06
1.369e-06
1.37e-06
1.371e-06
1.371e-06
1.373e-06
1.376e-06
1.373e-06
1.374e-06
1.374e-06
1.374e-06
1.375e-06
1.377e-06
1.375e-06
1.375e-06
1.375e-06
1.374e-06
1.372e-06
1.371e-06
1.373e-06
1.371e-06
1.369e-06
1.37e-06
1.369e-06
1.37e-06
1.372e-06
1.373e-06
1.392e-06
1.373e-06
1.374e-06
1.374e-06
1.377e-06
1.376e-06
1.376e-06
1.376e-06
1.374e-06
1.374e-06
1.374e-06
1.373e-06
1.372e-06
1.371e-06
1.371e-06
1.37e-06
1.37e-06
1.37e-06
1.37e-06
1.372e-06
1.373e-06
1.373e-06
1.373e-06
1.375e-06
1.376e-06
1.375e-06
1.376e-06
1.375e-06
1.374e-06
1.375e-06
1.373e-06
1.372e-06
1.372e-06
1.372e-06
1.37e-06
1.37e-06
1.369e-06
1.371e-06
1.389e-06
1.371e-06
1.371e-06
1.372e-06
1.373e-06
1.374e-06
1.375e-06
1.374e-06
1.376e-06
1.375e-06
1.375e-06
1.375e-06
1.375e-06
1.374e-06
1.372e-06
1.372e-06
1.372e-06
1.37e-06
1.37e-06
1.37e-06
1.371e-06
1.371e-06
1.372e-06
1.372e-06
1.371e-06
1.375e-06
1.375e-06
1.376e-06
1.375e-06
1.376e-06
1.376e-06
1.374e-06
1.374e-06
1.373e-06
1.373e-06
1.372e-06
1.372e-06
1.37e-06
1.39e-06
1.37e-06
1.369e-06
1.37e-06
1.372e-06
1.371e-06
1.373e-06
1.374e-06
1.374e-06
1.375e-06
1.375e-06
1.376e-06
1.376e-06
1.375e-06
1.375e-06
1.374e-06
1.373e-06
1.373e-06
1.372e-06
7.759e-06
1.479e-06
1.406e-06
1.377e-06
1.384e-06
1.379e-06
1.38e-06
1.379e-06
1.378e-06
1.37e-06
1.378e-06
1.374e-06
1.375e-06
1.372e-06
1.368e-06
1.373e-06
1.372e-06
1.377e-06
1.373e-06
1.375e-06
1.37e-06
1.371e-06
1.37e-06
1.372e-06
1.373e-06
1.374e-06
1.374e-06
1.406e-06
1.384e-06
1.376e-06
1.393e-06
1.375e-06
1.375e-06
1.375e-06
1.374e-06
1.373e-06
1.372e-06
1.371e-06
1.372e-06
1.371e-06
1.371e-06
1.37e-06
1.374e-06
1.372e-06
1.374e-06
1.372e-06
1.375e-06
1.375e-06
1.377e-06
1.375e-06
1.377e-06
1.374e-06
1.377e-06
1.375e-06
1.374e-06
1.374e-06
1.372e-06
1.372e-06
1.372e-06
1.371e-06
1.371e-06
1.373e-06
1.373e-06
1.373e-06
1.374e-06
1.375e-06
1.375e-06
1.397e-06
1.382e-06
1.383e-06
1.375e-06
1.384e-06
1.382e-06
1.382e-06
1.38e-06
1.381e-06
1.38e-06
1.379e-06
1.37e-06
1.37e-06
1.369e-06
1.37e-06
1.37e-06
1.372e-06
1.38e-06
1.373e-06
1.375e-06
1.374e-06
1.375e-06
1.376e-06
1.377e-06
1.374e-06
1.375e-06
1.374e-06
1.373e-06
1.372e-06
1.371e-06
1.371e-06
1.379e-06
1.378e-06
1.378e-06
1.392e-06
1.378e-06
1.372e-06
1.38e-06
1.373e-06
1.373e-06
1.373e-06
1.374e-06
1.375e-06
1.376e-06
1.375e-06
1.383e-06
1.374e-06
1.382e-06
1.373e-06
1.371e-06
1.371e-06
1.371e-06
1.37e-06
1.369e-06
1.37e-06
1.371e-06
1.371e-06
1.372e-06
1.372e-06
1.372e-06
1.373e-06
1.373e-06
1.374e-06
1.375e-06
1.375e-06
1.376e-06
1.382e-06
1.383e-06
1.381e-06
1.392e-06
1.373e-06
1.372e-06
1.371e-06
1.371e-06
1.372e-06
1.372e-06
1.373e-06
1.372e-06
1.374e-06
1.372e-06
1.374e-06
1.375e-06
1.378e-06
1.376e-06
1.378e-06
1.378e-06
1.377e-06
1.377e-06
1.375e-06
1.375e-06
1.374e-06
1.373e-06
1.372e-06
1.371e-06
1.371e-06
1.371e-06
1.369e-06
1.373e-06
1.371e-06
1.374e-06
1.372e-06
1.374e-06
1.375e-06
1.376e-06
1.377e-06
1.376e-06
1.397e-06
1.382e-06
1.373e-06
1.373e-06
1.372e-06
1.372e-06
1.371e-06
1.371e-06
1.37e-06
1.369e-06
1.37e-06
1.37e-06
1.371e-06
1.372e-06
1.373e-06
1.372e-06
1.373e-06
1.383e-06
1.383e-06
1.376e-06
1.383e-06
1.382e-06
1.382e-06
1.382e-06
1.381e-06
1.381e-06
1.379e-06
1.37e-06
1.378e-06
1.377e-06
1.378e-06
1.371e-06
1.38e-06
1.379e-06
1.38e-06
1.392e-06
1.375e-06
1.375e-06
1.377e-06
1.376e-06
1.376e-06
1.376e-06
1.375e-06
1.374e-06
1.375e-06
1.374e-06
1.37e-06
1.373e-06
1.369e-06
1.371e-06
1.368e-06
1.372e-06
1.37e-06
1.373e-06
1.37e-06
1.375e-06
1.372e-06
1.375e-06
1.376e-06
1.378e-06
1.378e-06
1.377e-06
1.373e-06
1.377e-06
1.373e-06
1.373e-06
1.373e-06
1.373e-06
1.372e-06
1.371e-06
1.371e-06
1.371e-06
1.393e-06
1.371e-06
1.372e-06
1.374e-06
1.373e-06
1.374e-06
1.373e-06
1.375e-06
1.384e-06
1.384e-06
1.383e-06
1.382e-06
1.38e-06
1.373e-06
1.372e-06
1.371e-06
1.371e-06
1.37e-06
1.369e-06
1.369e-06
1.371e-06
1.37e-06
1.372e-06
1.373e-06
1.374e-06
1.373e-06
1.373e-06
1.375e-06
1.375e-06
1.376e-06
1.375e-06
1.374e-06
1.374e-06
1.374e-06
1.396e-06
1.372e-06
1.371e-06
1.371e-06
1.37e-06
1.378e-06
1.37e-06
1.379e-06
1.371e-06
1.372e-06
1.372e-06
1.372e-06
1.373e-06
1.375e-06
1.374e-06
1.376e-06
1.376e-06
1.375e-06
1.374e-06
1.373e-06
1.372e-06
1.373e-06
1.372e-06
1.371e-06
1.37e-06
1.37e-06
1.369e-06
1.37e-06
1.371e-06
1.372e-06
1.372e-06
1.372e-06
1.373e-06
1.375e-06
1.399e-06
1.383e-06
1.383e-06
1.384e-06
1.382e-06
1.381e-06
1.381e-06
1.372e-06
1.38e-06
1.379e-06
1.379e-06
1.37e-06
1.377e-06
1.378e-06
1.378e-06
1.371e-06
1.372e-06
1.372e-06
1.374e-06
1.374e-06
1.375e-06
1.374e-06
1.376e-06
1.375e-06
1.374e-06
1.375e-06
1.381e-06
1.38e-06
1.38e-06
1.381e-06
1.37e-06
1.371e-06
1.369e-06
1.378e-06
1.37e-06
1.39e-06
1.374e-06
1.372e-06
1.375e-06
1.374e-06
1.375e-06
1.376e-06
1.375e-06
1.378e-06
1.375e-06
1.376e-06
1.375e-06
1.375e-06
1.373e-06
1.373e-06
1.373e-06
1.372e-06
1.37e-06
1.371e-06
1.371e-06
1.373e-06
1.372e-06
1.375e-06
1.371e-06
1.375e-06
1.373e-06
1.378e-06
1.374e-06
1.377e-06
1.373e-06
1.375e-06
1.373e-06
1.375e-06
1.372e-06
1.374e-06
1.373e-06
1.373e-06
1.393e-06
1.37e-06
1.37e-06
1.37e-06
1.37e-06
1.372e-06
1.372e-06
1.373e-06
1.374e-06
1.374e-06
1.373e-06
1.375e-06
1.376e-06
1.375e-06
1.374e-06
1.375e-06
1.373e-06
1.372e-06
1.372e-06
1.371e-06
1.371e-06
1.379e-06
1.37e-06
1.378e-06
1.37e-06
1.371e-06
1.372e-06
1.373e-06
1.373e-06
1.374e-06
1.374e-06
1.375e-06
1.376e-06
1.394e-06
1.377e-06
1.377e-06
1.375e-06
1.375e-06
1.374e-06
1.372e-06
1.372e-06
1.371e-06
1.371e-06
1.372e-06
1.373e-06
1.373e-06
1.373e-06
1.373e-06
1.375e-06
1.375e-06
1.372e-06
1.376e-06
1.374e-06
1.378e-06
1.374e-06
1.376e-06
1.371e-06
1.375e-06
1.371e-06
1.375e-06
1.369e-06
1.372e-06
1.371e-06
1.371e-06
1.371e-06
1.372e-06
1.374e-06
1.373e-06
1.374e-06
1.374e-06
1.398e-06
1.375e-06
1.374e-06
1.376e-06
1.383e-06
1.382e-06
1.382e-06
1.382e-06
1.372e-06
1.371e-06
1.372e-06
1.378e-06
1.37e-06
1.378e-06
1.369e-06
1.378e-06
1.371e-06
1.371e-06
1.371e-06
1.373e-06
1.374e-06
1.374e-06
1.375e-06
1.383e-06
1.375e-06
1.375e-06
1.374e-06
1.374e-06
1.373e-06
1.373e-06
1.371e-06
1.37e-06
1.371e-06
1.37e-06
1.37e-06
1.389e-06
1.369e-06
1.373e-06
1.371e-06
1.374e-06
1.372e-06
1.376e-06
1.374e-06
1.376e-06
1.375e-06
1.377e-06
1.373e-06
1.376e-06
1.375e-06
1.374e-06
1.374e-06
1.374e-06
1.37e-06
1.372e-06
1.368e-06
1.373e-06
1.373e-06
1.372e-06
1.374e-06
1.374e-06
1.374e-06
1.375e-06
1.377e-06
1.375e-06
1.377e-06
1.377e-06
1.376e-06
1.376e-06
1.373e-06
1.375e-06
1.371e-06
1.373e-06
1.395e-06
1.378e-06
1.369e-06
1.37e-06
1.369e-06
1.371e-06
1.372e-06
1.372e-06
1.372e-06
1.374e-06
1.374e-06
1.374e-06
1.376e-06
1.376e-06
1.374e-06
1.374e-06
1.375e-06
1.373e-06
1.373e-06
1.372e-06
1.371e-06
1.371e-06
1.37e-06
1.37e-06
1.368e-06
1.37e-06
1.372e-06
1.372e-06
1.372e-06
1.373e-06
1.382e-06
1.382e-06
1.384e-06
1.384e-06
1.399e-06
1.375e-06
1.374e-06
1.374e-06
1.372e-06
1.372e-06
1.371e-06
1.371e-06
1.37e-06
1.369e-06
1.37e-06
1.371e-06
1.371e-06
1.371e-06
1.372e-06
1.373e-06
1.374e-06
1.374e-06
1.375e-06
1.375e-06
1.384e-06
1.375e-06
1.382e-06
1.382e-06
1.372e-06
1.372e-06
1.372e-06
1.379e-06
1.37e-06
1.378e-06
1.369e-06
1.369e-06
1.371e-06
1.371e-06
1.394e-06
1.372e-06
1.373e-06
1.381e-06
1.374e-06
1.375e-06
1.375e-06
1.376e-06
1.375e-06
1.374e-06
1.374e-06
1.373e-06
1.372e-06
1.371e-06
1.371e-06
1.371e-06
1.37e-06
1.379e-06
1.37e-06
1.379e-06
1.379e-06
1.372e-06
1.381e-06
1.382e-06
1.382e-06
1.381e-06
1.383e-06
1.384e-06
1.383e-06
1.374e-06
1.375e-06
1.372e-06
1.372e-06
1.372e-06
1.371e-06
1.39e-06
1.372e-06
1.371e-06
1.371e-06
1.371e-06
1.373e-06
1.374e-06
1.374e-06
1.375e-06
1.375e-06
1.376e-06
1.376e-06
1.378e-06
1.374e-06
1.377e-06
1.374e-06
1.374e-06
1.372e-06
1.375e-06
1.371e-06
1.373e-06
1.369e-06
1.372e-06
1.369e-06
1.372e-06
1.373e-06
1.373e-06
1.375e-06
1.375e-06
1.372e-06
1.376e-06
1.374e-06
1.376e-06
1.377e-06
1.377e-06
1.375e-06
1.375e-06
1.396e-06
1.372e-06
1.372e-06
1.371e-06
1.371e-06
1.37e-06
1.369e-06
1.369e-06
1.37e-06
1.37e-06
1.38e-06
1.381e-06
1.381e-06
1.382e-06
1.383e-06
1.374e-06
1.375e-06
1.375e-06
1.373e-06
1.374e-06
1.375e-06
1.373e-06
1.371e-06
1.372e-06
1.371e-06
1.37e-06
1.37e-06
1.37e-06
1.37e-06
1.371e-06
1.372e-06
1.371e-06
1.373e-06
1.374e-06
1.397e-06
1.375e-06
1.376e-06
1.375e-06
1.374e-06
1.375e-06
1.374e-06
1.381e-06
1.372e-06
1.379e-06
1.371e-06
1.371e-06
1.37e-06
1.37e-06
1.371e-06
1.371e-06
1.372e-06
1.372e-06
1.373e-06
1.374e-06
1.374e-06
1.375e-06
1.376e-06
1.375e-06
1.375e-06
1.375e-06
1.374e-06
1.373e-06
1.373e-06
1.372e-06
1.371e-06
1.371e-06
1.37e-06
1.369e-06
1.393e-06
1.37e-06
1.379e-06
1.379e-06
1.381e-06
1.381e-06
1.382e-06
1.382e-06
1.384e-06
1.375e-06
1.374e-06
1.383e-06
1.383e-06
1.373e-06
1.382e-06
1.38e-06
1.379e-06
1.371e-06
1.37e-06
1.369e-06
1.369e-06
1.371e-06
1.371e-06
1.371e-06
1.372e-06
1.372e-06
1.372e-06
1.374e-06
1.383e-06
1.384e-06
1.383e-06
1.375e-06
1.374e-06
1.374e-06
1.397e-06
1.38e-06
1.372e-06
1.372e-06
1.371e-06
1.37e-06
1.37e-06
1.37e-06
1.37e-06
1.379e-06
1.371e-06
1.372e-06
1.372e-06
1.373e-06
1.374e-06
1.375e-06
1.375e-06
1.376e-06
1.375e-06
1.374e-06
1.373e-06
1.373e-06
1.372e-06
1.373e-06
1.37e-06
1.379e-06
1.37e-06
1.378e-06
1.378e-06
1.371e-06
1.38e-06
1.38e-06
1.38e-06
1.381e-06
1.381e-06
1.393e-06
1.377e-06
1.378e-06
1.378e-06
1.376e-06
1.376e-06
1.375e-06
1.375e-06
1.373e-06
1.374e-06
1.372e-06
1.371e-06
1.371e-06
1.371e-06
1.37e-06
1.372e-06
1.373e-06
1.373e-06
1.375e-06
1.372e-06
1.376e-06
1.375e-06
1.378e-06
1.377e-06
1.377e-06
1.374e-06
1.376e-06
