#time [s]
6.1245e-05
6.1175e-05
6.1246e-05
6.1223e-05
6.1116e-05
6.1122e-05
6.1151e-05
6.1194e-05
6.1079e-05
6.1146e-05
6.1079e-05
6.1138e-05
6.1152e-05
6.1146e-05
6.1135e-05
6.1094e-05
6.1175e-05
6.1185e-05
6.1118e-05
6.1133e-05
6.8266e-05
6.1331e-05
6.1227e-05
6.1234e-05
6.1157e-05
6.1167e-05
6.119e-05
6.1158e-05
6.1166e-05
6.1142e-05
6.11e-05
6.1159e-05
6.1144e-05
6.1145e-05
6.1151e-05
6.1144e-05
6.1134e-05
6.1082e-05
6.1108e-05
6.1165e-05
6.1116e-05
6.112e-05
6.1045e-05
6.1136e-05
6.1164e-05
6.1156e-05
6.1088e-05
6.1132e-05
6.11e-05
6.1107e-05
6.1087e-05
6.1124e-05
6.1131e-05
6.1115e-05
6.11e-05
6.1187e-05
6.1096e-05
6.1105e-05
6.1071e-05
6.1107e-05
6.1161e-05
6.1168e-05
6.1081e-05
6.1186e-05
6.1158e-05
6.1121e-05
6.112e-05
6.1122e-05
6.1122e-05
6.113e-05
6.1102e-05
6.1174e-05
6.1095e-05
6.112e-05
6.1087e-05
6.1121e-05
6.1114e-05
6.1102e-05
6.7692e-05
6.12e-05
6.1225e-05
6.1249e-05
6.1137e-05
0.000110419
6.1273e-05
6.1192e-05
6.1159e-05
6.1169e-05
6.1176e-05
6.1127e-05
6.1192e-05
6.1113e-05
6.111e-05
6.1132e-05
6.1134e-05
6.1112e-05
6.1125e-05
6.1129e-05
6.1128e-05
6.1116e-05
6.1154e-05
6.1138e-05
6.1102e-05
6.1053e-05
6.1076e-05
6.1115e-05
6.1158e-05
6.1125e-05
6.112e-05
6.9398e-05
6.123e-05
6.1136e-05
6.1186e-05
6.1194e-05
6.1163e-05
6.1122e-05
6.1099e-05
6.1155e-05
6.1166e-05
6.1153e-05
6.1142e-05
6.1124e-05
6.115e-05
6.1138e-05
6.1076e-05
6.1114e-05
6.1178e-05
6.1146e-05
6.1119e-05
6.1147e-05
6.1185e-05
6.1106e-05
6.1173e-05
6.1157e-05
6.1185e-05
6.7236e-05
6.1262e-05
6.1214e-05
6.1124e-05
6.12e-05
6.116e-05
6.1171e-05
6.1154e-05
6.1143e-05
6.114e-05
6.1112e-05
6.1121e-05
6.1188e-05
6.1158e-05
6.1125e-05
6.1143e-05
6.1097e-05
6.1111e-05
6.1096e-05
6.1119e-05
6.1113e-05
6.116e-05
6.1152e-05
6.1071e-05
6.1075e-05
6.1158e-05
6.1136e-05
6.1034e-05
6.1089e-05
6.1095e-05
6.1106e-05
6.1148e-05
6.1138e-05
6.1185e-05
6.1144e-05
6.1121e-05
6.1165e-05
6.1138e-05
6.1336e-05
6.126e-05
6.1132e-05
6.1131e-05
6.1147e-05
6.1135e-05
6.1142e-05
6.1112e-05
6.1154e-05
6.1139e-05
6.1075e-05
6.1129e-05
6.105e-05
6.1137e-05
6.1107e-05
6.1134e-05
6.107e-05
6.1107e-05
6.1192e-05
6.1123e-05
6.8924e-05
6.1256e-05
6.1256e-05
6.1169e-05
6.1195e-05
6.1169e-05
6.1161e-05
6.1159e-05
6.1108e-05
6.1206e-05
6.1143e-05
6.116e-05
6.1137e-05
6.1177e-05
6.1158e-05
6.1105e-05
6.1135e-05
6.1131e-05
6.1118e-05
6.1129e-05
6.115e-05
6.1104e-05
6.1172e-05
6.1062e-05
6.11e-05
6.1089e-05
6.1104e-05
6.1146e-05
6.1102e-05
6.111e-05
6.1166e-05
6.1178e-05
6.1131e-05
6.1115e-05
6.1115e-05
6.1157e-05
6.1134e-05
6.1129e-05
6.1108e-05
6.1174e-05
6.1092e-05
6.1116e-05
6.1177e-05
6.1088e-05
6.1115e-05
6.1243e-05
6.1164e-05
6.115e-05
6.1169e-05
6.1126e-05
6.1106e-05
6.112e-05
6.1068e-05
6.1092e-05
6.1118e-05
6.1124e-05
6.1133e-05
6.1087e-05
6.7619e-05
6.122e-05
6.1202e-05
6.1124e-05
6.1055e-05
6.1158e-05
6.1149e-05
6.1096e-05
6.1134e-05
6.1152e-05
6.1162e-05
6.1162e-05
6.1146e-05
6.1158e-05
6.1136e-05
6.1108e-05
6.1085e-05
6.1177e-05
6.1136e-05
6.1099e-05
6.1126e-05
6.1154e-05
6.11e-05
6.1182e-05
6.1159e-05
6.1153e-05
6.1082e-05
6.1111e-05
6.115e-05
6.1048e-05
6.1127e-05
6.1083e-05
6.1143e-05
6.1111e-05
6.1174e-05
6.1164e-05
6.1184e-05
6.1136e-05
6.1103e-05
6.1083e-05
6.1102e-05
6.115e-05
6.1163e-05
6.1155e-05
6.1183e-05
6.1134e-05
6.1115e-05
6.1146e-05
6.1126e-05
6.1139e-05
6.1153e-05
6.1134e-05
6.1094e-05
6.1084e-05
6.1082e-05
6.1101e-05
6.115e-05
6.1099e-05
7.5977e-05
6.1245e-05
6.1374e-05
6.1153e-05
6.1158e-05
6.1159e-05
6.113e-05
6.1146e-05
6.1118e-05
6.1114e-05
6.1126e-05
6.1165e-05
6.1054e-05
6.1126e-05
6.1148e-05
6.1147e-05
6.1075e-05
6.1173e-05
6.1121e-05
6.112e-05
6.112e-05
6.1086e-05
6.1117e-05
6.1129e-05
6.1183e-05
6.1102e-05
6.1161e-05
6.9115e-05
6.1276e-05
6.1212e-05
6.1179e-05
6.1102e-05
6.1167e-05
6.1122e-05
6.1056e-05
6.1103e-05
6.1038e-05
6.1155e-05
6.1186e-05
6.1077e-05
6.1117e-05
6.1099e-05
6.115e-05
6.1107e-05
6.1102e-05
6.1137e-05
6.1154e-05
6.1187e-05
6.1099e-05
6.1128e-05
6.114e-05
6.1194e-05
6.116e-05
6.1072e-05
6.113e-05
6.117e-05
6.1122e-05
6.7192e-05
6.13e-05
6.1175e-05
6.1227e-05
6.1136e-05
6.1191e-05
6.1153e-05
6.1174e-05
6.118e-05
6.1055e-05
6.1124e-05
6.1077e-05
6.1111e-05
6.1162e-05
6.1098e-05
6.1101e-05
6.1117e-05
6.1132e-05
6.1125e-05
6.1122e-05
6.1109e-05
6.1115e-05
6.1133e-05
6.1123e-05
6.118e-05
6.1243e-05
6.1154e-05
6.1096e-05
6.11e-05
6.1133e-05
6.1114e-05
6.111e-05
6.1139e-05
6.1147e-05
6.1132e-05
6.1116e-05
6.1151e-05
6.1133e-05
6.1121e-05
6.109e-05
6.1122e-05
6.115e-05
6.1105e-05
6.1185e-05
6.1087e-05
6.1169e-05
6.1065e-05
6.1116e-05
6.1078e-05
6.1153e-05
6.1083e-05
6.1082e-05
6.1151e-05
6.1131e-05
6.1134e-05
6.1118e-05
6.1057e-05
6.1073e-05
6.8435e-05
6.1306e-05
6.1191e-05
6.1209e-05
6.1199e-05
6.1189e-05
6.1155e-05
6.1106e-05
6.1157e-05
6.1145e-05
6.1075e-05
6.1125e-05
6.116e-05
6.1123e-05
6.1098e-05
6.1138e-05
6.1113e-05
6.1129e-05
6.113e-05
6.1088e-05
6.1093e-05
6.1151e-05
6.1129e-05
6.111e-05
6.1136e-05
6.1114e-05
6.1052e-05
6.1119e-05
6.1138e-05
6.1097e-05
6.1173e-05
6.1154e-05
6.1183e-05
6.1129e-05
6.1116e-05
6.1092e-05
6.1109e-05
6.1122e-05
6.1143e-05
6.117e-05
6.108e-05
6.1093e-05
6.1122e-05
6.1133e-05
8.8729e-05
6.1328e-05
6.1205e-05
6.1184e-05
6.1131e-05
6.1156e-05
6.1154e-05
6.113e-05
6.1128e-05
6.1184e-05
6.1135e-05
6.1165e-05
6.1109e-05
6.1115e-05
6.129e-05
6.1235e-05
6.1154e-05
6.1191e-05
6.1176e-05
6.1132e-05
6.1175e-05
6.1129e-05
6.1137e-05
6.1105e-05
6.1095e-05
6.1136e-05
6.1103e-05
6.1113e-05
6.1102e-05
6.1108e-05
6.1135e-05
6.1109e-05
6.1158e-05
6.1134e-05
6.1153e-05
6.1166e-05
6.1152e-05
6.1078e-05
6.1108e-05
6.111e-05
6.1118e-05
6.112e-05
6.1154e-05
6.1111e-05
6.1085e-05
6.1085e-05
6.1097e-05
6.1126e-05
6.1052e-05
6.1099e-05
6.109e-05
6.1109e-05
6.1093e-05
6.1225e-05
6.1167e-05
6.1102e-05
6.1189e-05
6.1081e-05
6.113e-05
6.1091e-05
6.1139e-05
6.108e-05
6.1116e-05
6.1134e-05
6.1153e-05
6.1078e-05
6.1137e-05
6.1108e-05
6.9936e-05
7.7839e-05
6.131e-05
7.2939e-05
6.1283e-05
6.1182e-05
6.1157e-05
6.1188e-05
6.1184e-05
6.1085e-05
6.1149e-05
6.1157e-05
6.1116e-05
6.1105e-05
6.1135e-05
6.1147e-05
6.1131e-05
6.1133e-05
6.1087e-05
6.1149e-05
6.1163e-05
6.1091e-05
6.1107e-05
6.1107e-05
6.1103e-05
6.1169e-05
6.1146e-05
6.1112e-05
6.1101e-05
6.1162e-05
6.1112e-05
6.1091e-05
6.1063e-05
6.1096e-05
6.1248e-05
6.125e-05
6.1184e-05
6.1163e-05
6.113e-05
6.1147e-05
6.1109e-05
6.1157e-05
6.1128e-05
6.1069e-05
6.1147e-05
6.1102e-05
6.1115e-05
6.1124e-05
6.1139e-05
6.1147e-05
6.1149e-05
6.1112e-05
6.1088e-05
6.1119e-05
6.1153e-05
6.1158e-05
6.1143e-05
6.1126e-05
6.1152e-05
6.1127e-05
6.7371e-05
6.1396e-05
6.1129e-05
6.1128e-05
6.1213e-05
6.1167e-05
6.1176e-05
6.1122e-05
6.1174e-05
6.1141e-05
6.1136e-05
6.1139e-05
6.1112e-05
6.1108e-05
6.1133e-05
6.1091e-05
6.1157e-05
6.1127e-05
6.1098e-05
6.1211e-05
6.1107e-05
6.1158e-05
6.1109e-05
6.1037e-05
6.1113e-05
6.1134e-05
6.1097e-05
6.1114e-05
6.1148e-05
6.1166e-05
6.1152e-05
6.1139e-05
6.1125e-05
6.1117e-05
6.1086e-05
6.1033e-05
6.1117e-05
6.1177e-05
6.1129e-05
6.1134e-05
6.11e-05
6.1173e-05
6.1106e-05
6.1144e-05
6.1134e-05
6.115e-05
6.1137e-05
6.1116e-05
6.1093e-05
6.1101e-05
6.1094e-05
6.1156e-05
6.1132e-05
6.1129e-05
6.114e-05
6.1162e-05
6.1118e-05
6.8478e-05
6.1231e-05
6.1217e-05
6.1194e-05
6.1204e-05
6.1165e-05
6.1136e-05
6.1123e-05
6.1155e-05
6.1164e-05
6.1121e-05
6.1092e-05
6.1113e-05
6.1085e-05
6.1111e-05
6.1118e-05
6.1111e-05
6.1127e-05
6.1138e-05
6.1149e-05
6.1132e-05
6.1114e-05
6.107e-05
6.1154e-05
6.1123e-05
6.1136e-05
6.1125e-05
6.1092e-05
6.1159e-05
6.113e-05
6.1087e-05
6.1096e-05
6.1172e-05
6.1169e-05
6.1143e-05
6.112e-05
6.1133e-05
6.1145e-05
6.1095e-05
6.1103e-05
6.113e-05
6.109e-05
6.1053e-05
6.1124e-05
6.1124e-05
6.1104e-05
6.1089e-05
6.1077e-05
6.1168e-05
6.1125e-05
6.1163e-05
6.1111e-05
6.1079e-05
6.11e-05
6.1158e-05
6.1121e-05
6.1162e-05
6.1086e-05
6.1285e-05
6.1247e-05
6.1133e-05
6.1243e-05
6.1125e-05
6.1157e-05
6.1098e-05
6.1197e-05
6.1127e-05
6.1145e-05
6.1112e-05
6.1117e-05
6.1088e-05
6.1166e-05
6.1185e-05
6.1154e-05
6.1128e-05
6.1098e-05
6.1176e-05
6.1111e-05
6.1142e-05
6.1087e-05
6.1058e-05
6.1157e-05
6.1153e-05
6.1087e-05
6.1171e-05
6.1103e-05
6.1158e-05
6.113e-05
6.1069e-05
6.1125e-05
6.1016e-05
6.1129e-05
6.1127e-05
6.1079e-05
6.1092e-05
6.1139e-05
6.1056e-05
6.1123e-05
6.1133e-05
6.1095e-05
6.1101e-05
6.1128e-05
6.11e-05
6.1079e-05
6.112e-05
6.114e-05
6.113e-05
6.1164e-05
6.1042e-05
6.1113e-05
6.1102e-05
6.1141e-05
6.1143e-05
6.111e-05
6.109e-05
6.7657e-05
6.1274e-05
7.2698e-05
6.8741e-05
6.1286e-05
6.1144e-05
6.1146e-05
6.1092e-05
6.1173e-05
6.1184e-05
6.1192e-05
6.1107e-05
6.11e-05
6.1127e-05
6.1126e-05
6.114e-05
6.1135e-05
6.1168e-05
6.1105e-05
6.115e-05
6.1105e-05
6.1142e-05
6.1116e-05
6.1089e-05
6.1044e-05
6.1096e-05
6.1133e-05
6.1159e-05
6.8981e-05
6.1284e-05
6.1193e-05
6.1145e-05
6.1115e-05
6.1114e-05
6.1126e-05
6.1177e-05
6.1169e-05
6.1101e-05
6.1153e-05
6.1141e-05
6.1113e-05
6.113e-05
6.11e-05
6.1122e-05
6.1182e-05
6.1132e-05
6.1086e-05
6.1122e-05
6.1137e-05
6.1132e-05
6.1097e-05
6.1112e-05
6.1173e-05
6.7622e-05
6.1245e-05
6.1144e-05
6.1223e-05
6.1151e-05
6.1127e-05
6.1122e-05
6.1099e-05
6.1091e-05
6.1095e-05
6.109e-05
6.1147e-05
6.1096e-05
6.1095e-05
6.1127e-05
6.1137e-05
6.1116e-05
6.1149e-05
6.1101e-05
6.105e-05
6.1168e-05
6.1136e-05
6.1079e-05
6.1126e-05
6.1144e-05
6.1152e-05
6.1129e-05
6.1086e-05
6.1097e-05
6.1083e-05
6.114e-05
6.11e-05
6.1096e-05
6.114e-05
6.1125e-05
6.1103e-05
6.1058e-05
6.1049e-05
6.1138e-05
6.1123e-05
6.1102e-05
6.1138e-05
6.1128e-05
6.1115e-05
6.1101e-05
6.1086e-05
6.1098e-05
6.1137e-05
6.1091e-05
6.11e-05
6.1172e-05
6.1161e-05
6.1099e-05
6.8731e-05
6.1258e-05
6.1169e-05
6.1184e-05
6.1262e-05
6.1177e-05
6.115e-05
6.1134e-05
6.1177e-05
6.1113e-05
6.1129e-05
6.1101e-05
6.1134e-05
6.1522e-05
6.1106e-05
6.1129e-05
6.1133e-05
6.1151e-05
6.1118e-05
6.1098e-05
6.1144e-05
6.1107e-05
6.1128e-05
6.1141e-05
6.1154e-05
6.1147e-05
6.1159e-05
6.1116e-05
6.1129e-05
6.115e-05
6.1169e-05
6.1112e-05
6.1124e-05
6.1126e-05
6.1084e-05
6.1122e-05
6.1163e-05
6.1094e-05
6.114e-05
6.1111e-05
6.1126e-05
6.1129e-05
6.1118e-05
6.1088e-05
6.1146e-05
6.1141e-05
6.1126e-05
6.1144e-05
6.1157e-05
6.1132e-05
6.1099e-05
6.1098e-05
6.1115e-05
6.1101e-05
6.7624e-05
6.1237e-05
6.1176e-05
6.1116e-05
6.112e-05
6.1134e-05
6.1169e-05
6.1118e-05
6.1148e-05
6.1141e-05
6.1133e-05
6.1123e-05
6.112e-05
6.1126e-05
6.1104e-05
6.1148e-05
6.11e-05
6.1102e-05
6.119e-05
6.1115e-05
6.1168e-05
6.1132e-05
6.1119e-05
6.1133e-05
6.1107e-05
6.1179e-05
6.1184e-05
6.1116e-05
6.11e-05
6.1086e-05
6.1114e-05
6.1148e-05
6.1091e-05
6.1123e-05
6.111e-05
6.1143e-05
6.1124e-05
6.1067e-05
6.1158e-05
6.1067e-05
6.1097e-05
6.1123e-05
6.1089e-05
6.1123e-05
6.1104e-05
6.1166e-05
6.1118e-05
6.1113e-05
6.1107e-05
6.1087e-05
6.1126e-05
6.106e-05
6.115e-05
6.1161e-05
6.1333e-05
6.1254e-05
6.1167e-05
6.1238e-05
6.1153e-05
6.1086e-05
6.1178e-05
6.113e-05
6.1076e-05
6.1082e-05
6.1114e-05
6.1139e-05
6.1109e-05
6.1094e-05
6.1178e-05
7.0423e-05
6.1278e-05
6.1192e-05
