#time [s]
0.000306724
0.000304375
0.00034792
0.000297375
0.000302104
0.000302095
0.000305804
0.00029589
0.000297521
0.000296231
0.000296032
0.000298795
0.00029662
0.000299101
0.00032549
0.000300925
0.000299784
0.000363086
0.000297343
0.000370242
0.000298038
0.00029573
0.000319758
0.000295195
0.000322393
0.000371884
0.000302288
0.000306526
0.00032196
0.000295237
0.000295187
0.000365648
0.000299829
0.000295546
0.000295473
0.000301365
0.0002954
0.00034378
0.000308872
0.000296018
0.000295836
0.000295637
0.000295533
0.000295299
0.000297386
0.000296144
0.000296073
0.000299094
0.000296968
0.000299297
0.000301074
0.000301607
0.000299893
0.000298579
0.000296698
0.000296846
0.000296751
0.000296687
0.000301521
0.000306529
0.000302612
0.000298074
0.000299633
0.000298677
0.000297508
0.00036092
0.000295952
0.000329932
0.000295855
0.000295287
0.000303642
0.000301719
0.000295225
0.000295227
0.000304347
0.000295746
0.000297948
0.000298328
0.000296628
0.000327697
0.000303072
0.000319818
0.000296164
0.000295742
0.00029543
0.00029538
0.000295609
0.000295536
0.000297403
0.000296163
0.000297938
0.00029697
0.000306766
0.000299341
0.000298066
0.000297736
0.000304059
0.000297687
0.000301275
0.000297911
0.000297846
0.000297571
0.000297703
0.000310793
0.000304129
0.000305264
0.000300616
0.000303401
0.000360177
0.000296086
0.000295381
0.00029584
0.000295333
0.000301301
0.000295716
0.000295273
0.00029524
0.000297105
0.000295795
0.000295763
0.000296859
0.000301638
0.00032078
0.000296239
0.000296171
0.000296795
0.000296232
0.000296025
0.000298137
0.000296859
0.000297082
0.000298626
0.00029767
0.000297815
0.000302541
0.000298963
0.000315155
0.000304268
0.00030034
0.000318549
0.000295354
0.000297293
0.000295602
0.000295356
0.000295804
0.000295552
0.000295962
0.000305374
0.000299621
0.000297219
0.000297212
0.000337051
0.000301381
0.000295928
0.000295661
0.000328657
0.000295902
0.000295665
0.000303814
0.000295791
0.000295667
0.000296897
0.000295888
0.000296035
0.000326225
0.000295271
0.000301569
0.000295257
0.000295231
0.000295242
0.00029582
0.000296224
0.000296106
0.000299134
0.000296655
0.000296679
0.000298863
0.000297326
0.000310904
0.000298782
0.00029877
0.000315161
0.000300691
0.000297434
0.00029742
0.000297297
0.000297295
0.000297008
0.0003033
0.000299456
0.000298026
0.000300339
0.000299234
0.000308274
0.0002988
0.000310679
0.000320402
0.000295901
0.000295489
0.000311071
0.000296099
0.00029572
0.000301316
0.000296145
0.000296333
0.000298824
0.000302303
0.000296352
0.000298057
0.000305932
0.000295866
0.000296171
0.000298527
0.00030288
0.000298465
0.000295824
0.000368783
0.000318502
0.000295865
0.00029584
0.000295685
0.000297331
0.000295333
0.000309336
0.00029543
0.000297486
0.000296054
0.000299062
0.000310489
0.000325488
0.000323969
0.000297976
0.000295625
0.000319135
0.000295811
0.000295883
0.000295796
0.000295598
0.000295613
0.000317737
0.000349846
0.000296023
0.000295937
0.00029576
0.000295677
0.000314656
0.000298164
0.000301601
0.000300966
0.000324959
0.000326315
0.000304202
0.000296062
0.000295966
0.000295673
0.000295643
0.000297261
0.000296166
0.000296318
0.000298421
0.000296709
0.000299218
0.000301515
0.000298323
0.000303458
0.000299156
0.000297045
0.000296729
0.000296671
0.000296943
0.000296633
0.00029702
0.000298899
0.000307917
0.000298397
0.000299155
0.000299294
0.000296996
0.000296693
0.000296767
0.000296996
0.000296679
0.000305117
0.000304954
0.000307853
0.000394637
0.000322417
0.000295746
0.000295757
0.000295322
0.000295275
0.000306756
0.000295878
0.00029566
0.000297703
0.000304059
0.000295933
0.000295305
0.000297334
0.000295848
0.000300121
0.000301271
0.000300001
0.00029908
0.000297789
0.000322231
0.000308924
0.000295891
0.000297793
0.000295729
0.000297466
0.000295199
0.000297976
0.000296157
0.000298766
0.000296701
0.000296974
0.000309533
0.000298314
0.00030014
0.000299246
0.000297821
0.000297659
0.000297806
0.000297749
0.000303727
0.000301094
0.00029894
0.000309623
0.000306922
0.000300595
0.000305218
0.000370615
0.000384935
0.000298373
0.000306791
0.000296529
0.000295946
0.000296176
0.000366963
0.00029839
0.000295835
0.000296127
0.000296091
0.000301955
0.000299456
0.000301462
0.000295987
0.000296181
0.000296188
0.000324724
0.000298468
0.000302695
0.000302536
0.000296341
0.000305109
0.000297138
0.000299205
0.000303233
0.000297781
0.000300093
0.000311879
0.000308807
0.00030051
0.000297235
0.000297182
0.000296091
0.00029568
0.000295584
0.000295648
0.000295872
0.000295686
0.000297593
0.000296411
0.000296864
0.000297323
0.000348995
0.000321496
0.000295778
0.000297708
0.000296025
0.000295824
0.00029549
0.000295313
0.000295324
0.000304426
0.000303663
0.000296296
0.000296227
0.000296732
0.000301117
0.00029883
0.000297519
0.000297883
0.000299789
0.000298979
0.000298652
0.000302583
0.000297027
0.000296965
0.000298026
0.000301244
0.000298184
0.000300049
0.000297527
0.000299705
0.000301258
0.000302028
0.000330622
0.000297779
0.000295869
0.00029567
0.000295652
0.000295311
0.000297691
0.000296247
0.000296299
0.000306909
0.000296859
0.000296767
0.000398291
0.000299411
0.000318016
0.000296074
0.00029572
0.000295644
0.000306564
0.00029623
0.000295861
0.000295533
0.000295306
0.000304081
0.000295956
0.000297547
0.000296235
0.00030217
0.000296886
0.000296782
0.000301598
0.000297615
0.000298784
0.000300445
0.000297936
0.000314025
0.000298369
0.000301011
0.000298092
0.000297942
0.000299783
0.000298993
0.000300163
0.00029706
0.000296876
0.000296888
0.000297146
0.000306986
0.000299444
0.000298211
0.000306267
0.000301179
0.000297692
0.000297684
0.000297696
0.000297644
0.000297625
0.000297792
0.000310493
0.00037485
0.000318929
0.00031768
0.000295923
0.00029539
0.000310216
0.000296139
0.000320527
0.000295931
0.000295614
0.000295882
0.000305828
0.000296399
0.000318959
0.000301491
0.000295868
0.000295884
0.00029566
0.000295614
0.00030014
0.000296831
0.000296252
0.000298377
0.000297802
0.00030108
0.00029822
0.00029802
0.000299915
0.000299192
0.000305006
0.000297194
0.000296818
0.000296913
0.0003001
0.000306919
0.0002974
0.000299285
0.000303532
0.000298039
0.000303561
0.000297958
0.000297895
0.000297998
0.000297992
0.000297949
0.000303002
0.000437574
0.000297686
0.000295399
0.000295345
0.000297216
0.000295177
0.000328815
0.000295808
0.000297428
0.000295522
0.000295143
0.000303985
0.00029583
0.000298565
0.000296168
0.000298012
0.000296683
0.000296595
0.00029883
0.00029743
0.000297687
0.00030132
0.000298787
0.000315186
0.000300754
0.000299123
0.000295476
0.000295373
0.000295153
0.000295534
0.000295461
0.000295477
0.000297259
0.000300448
0.000295749
0.000297277
0.000296887
0.000307677
0.000297671
0.000297335
0.000299771
0.000297394
0.000302633
0.000297672
0.000297397
0.000303876
0.000307468
0.000423752
0.000295736
0.000295602
0.000295219
0.000295141
0.000330623
0.000296908
0.000295361
0.000295272
0.000295074
0.000295162
0.000297582
0.000296184
0.000300367
0.000298037
0.000296532
0.000296716
0.000297447
0.000302463
0.00030572
0.000298313
0.000303787
0.000310246
0.000305978
0.0002971
0.000296691
0.000296557
0.000296428
0.000303707
0.00029756
0.000299623
0.00030428
0.000298673
0.000306376
0.000311065
0.000302784
0.00029703
0.000296993
0.000296978
0.000303178
0.000296843
0.000305
0.000298193
0.000299893
0.000305483
0.000344605
0.000301318
0.000295576
0.000295471
0.000295436
0.000295667
0.000371019
0.000295877
0.000295782
0.000297879
0.000295998
0.000297295
0.000304218
0.000297636
0.000296218
0.000296035
0.000296563
0.000296923
0.00029857
0.000303084
0.000297422
0.000299487
0.000303745
0.000311526
0.000298103
0.000297938
0.000297773
0.000302877
0.000299476
0.000298758
0.000296756
0.00029676
0.000296791
0.000296586
0.000305127
0.000306484
0.000299064
0.000297884
0.000299872
0.000298896
0.000297551
0.000297706
0.000297706
0.00029771
0.000297658
0.000302672
0.000300604
0.000411021
0.000295676
0.000295631
0.000295309
0.000295112
0.000328646
0.000295784
0.000295574
0.000295437
0.000295362
0.000295341
0.000303965
0.000299478
0.000296082
0.000296083
0.002780329
0.000314845
0.000297381
0.000296754
0.00029691
0.00029657
0.000298862
0.000303175
0.000297581
0.000298072
0.000296213
0.000297633
0.000297205
0.000306131
0.000299744
0.000298473
0.000299468
0.000298306
0.000297061
0.000298219
0.00029733
0.000298228
0.00030992
0.000297383
0.000319964
0.000370088
0.000302482
0.000302304
0.000300573
0.000301945
0.000301477
0.000300553
0.000296503
0.000295685
0.000297185
0.000341241
0.000298933
0.000295652
0.000295656
0.00029527
0.000295471
0.000321125
0.000296359
0.000298314
0.000302536
0.000296924
0.000297185
0.000317247
0.000298364
0.000306231
0.000309303
0.000299202
0.000297003
0.000296787
0.000296797
0.000299533
0.000298383
0.000296773
0.000299357
0.000298065
0.00029795
0.000302233
0.00029856
0.00030154
0.000298846
0.000296755
0.000296636
0.000296725
0.000306617
0.000299406
0.000298144
0.000393211
0.00029591
0.000295717
0.000295281
0.000295345
0.000329549
0.000295873
0.000295709
0.000307171
0.000295776
0.000295406
0.0002961
0.000299865
0.000302243
0.000298989
0.000296562
0.000296601
0.000305029
0.000297524
0.00031824
0.000299033
0.000297861
0.000297836
0.000301575
0.00029761
0.000298008
0.000297552
0.00029969
0.000298585
0.0002991
0.000307882
0.000297219
0.000297022
0.000297003
0.000296914
0.000305237
0.000297769
0.000297795
0.000305328
0.000298814
0.000304136
0.000306493
0.000297317
0.00030204
0.000300161
0.000333283
0.000296
0.000295482
0.000295465
0.000337763
0.00029568
0.000295697
0.000303995
0.000295567
0.000295243
0.000297196
0.000299857
0.000295996
0.0002989
0.000296813
0.000296693
0.000301282
0.000297412
0.00030272
0.000313445
0.000302212
0.000296993
0.000297176
0.000296812
0.000296656
0.000296632
0.000296606
0.000298929
0.000302423
0.00029784
0.000309087
0.000297984
0.000297992
0.000300982
0.000297745
0.000297625
0.000300857
0.000305704
0.000418987
0.00029783
0.000295428
0.000304652
0.000359738
0.000297191
0.000295325
0.000297385
0.000295565
0.000319064
0.000355385
0.00029559
0.000295548
0.000295696
0.000307738
0.00030088
0.000298426
0.011886201
0.000296132
0.000296821
0.000317175
0.000295631
0.000302006
0.000318115
0.000304338
0.000332917
0.000324997
0.000305534
0.000336185
0.000318446
0.000308545
0.000319353
0.000296378
0.000305735
0.000318488
0.000460828
0.000295204
0.00029519
0.000297423
0.000300527
0.000295663
0.000324422
0.000295735
0.00029537
0.000295378
0.000295343
0.000303614
0.000299971
0.000295921
0.000302167
0.000308973
0.000297253
0.000297144
0.000297786
0.000300315
0.00029984
0.000304113
0.000298909
0.00029669
0.000296757
0.000296723
0.000300272
0.000302059
0.00029709
0.000304573
0.000380708
0.00029572
0.000328943
0.000295703
0.000303966
0.000295547
0.000295307
0.000295625
0.000295399
0.000297322
0.000296264
0.000297924
0.000310665
0.000297611
0.000307523
0.000304
0.000297779
0.000299602
0.000298979
0.000296662
0.000306621
0.000297216
0.00029711
0.000296802
0.000296662
0.000298983
0.000297606
0.000299933
0.000299353
0.000298971
0.000296867
0.000296815
0.000296469
0.000296626
0.000296501
0.000312147
0.000299016
0.000300217
0.000298994
0.000305065
0.000301689
0.000296911
0.000296551
0.000409213
0.000295683
0.000328835
0.000295714
0.00029553
0.000295234
0.00029515
0.000295207
0.000295477
0.00030555
0.000297274
0.000296218
0.00029691
0.000296822
0.00029854
0.000302378
0.00029738
0.00030109
0.000298764
0.000304534
0.000300527
0.000298906
0.000302222
0.000298825
0.000298824
0.00029525
0.000295401
0.000295363
0.000304426
0.000295687
0.000295596
0.000297472
0.000296033
0.000295832
0.000300452
0.000296561
0.000298423
0.000307351
0.00029799
0.000300002
0.000298951
0.00029684
0.000296811
0.000396828
0.000295815
0.000295687
0.000304724
0.000295621
0.000337015
0.000316601
0.000296548
0.00031031
0.000317847
0.000327882
0.000317953
0.0003128
0.000317955
0.000318473
0.000296684
0.000324516
0.000319906
0.000314165
0.000319689
0.000296297
0.000302296
0.000318255
0.000299688
0.000319996
0.000325116
0.000296806
0.00033429
