#time [s]
2.561e-05
2.6855e-05
2.6913e-05
2.6009e-05
2.6095e-05
2.551e-05
2.5713e-05
2.5713e-05
2.7048e-05
2.6085e-05
2.5734e-05
2.5526e-05
2.5506e-05
2.6937e-05
2.5723e-05
2.5529e-05
2.5497e-05
2.5486e-05
2.552e-05
2.5504e-05
2.5516e-05
2.5514e-05
2.5489e-05
2.5485e-05
2.5493e-05
2.5521e-05
2.5517e-05
2.5509e-05
2.552e-05
2.5541e-05
2.5539e-05
2.5505e-05
2.5547e-05
2.5512e-05
2.5513e-05
2.5489e-05
2.5502e-05
2.5501e-05
2.5505e-05
2.5494e-05
2.5497e-05
2.5507e-05
2.5535e-05
2.5494e-05
2.5514e-05
2.5509e-05
2.5525e-05
2.5513e-05
2.5515e-05
2.551e-05
2.553e-05
2.5516e-05
2.5508e-05
2.5504e-05
2.5514e-05
2.5487e-05
2.551e-05
2.5503e-05
2.55e-05
2.5488e-05
2.5493e-05
2.5505e-05
2.5501e-05
2.5515e-05
2.5512e-05
2.5501e-05
2.5513e-05
2.553e-05
2.5515e-05
2.5499e-05
2.5502e-05
2.5519e-05
2.5511e-05
2.551e-05
2.5512e-05
2.5478e-05
2.5501e-05
2.5491e-05
2.5514e-05
2.5514e-05
2.5518e-05
2.5502e-05
2.5525e-05
2.552e-05
2.5524e-05
2.5533e-05
2.5517e-05
2.552e-05
2.55e-05
2.5481e-05
2.5507e-05
2.5499e-05
2.5505e-05
2.5515e-05
2.5493e-05
2.5514e-05
2.552e-05
2.5522e-05
2.551e-05
2.5502e-05
2.5549e-05
2.5516e-05
2.5726e-05
2.5528e-05
2.5509e-05
2.5513e-05
2.549e-05
2.5499e-05
2.5482e-05
2.5489e-05
2.5473e-05
2.5512e-05
2.5501e-05
2.5489e-05
2.553e-05
2.5513e-05
2.61e-05
2.5524e-05
2.5538e-05
2.5509e-05
2.5518e-05
2.5502e-05
2.5506e-05
2.5524e-05
2.5493e-05
2.5486e-05
2.5472e-05
2.5505e-05
2.5499e-05
2.5496e-05
2.5482e-05
2.5506e-05
2.5508e-05
2.5488e-05
2.5515e-05
2.5524e-05
2.5507e-05
2.5528e-05
2.5506e-05
2.5516e-05
2.5527e-05
2.5501e-05
2.5486e-05
2.5482e-05
2.5486e-05
2.5497e-05
2.5478e-05
2.549e-05
2.5517e-05
2.5526e-05
2.5498e-05
2.552e-05
2.5529e-05
2.5521e-05
2.5527e-05
2.5538e-05
2.5493e-05
2.5548e-05
2.5504e-05
2.5511e-05
2.5467e-05
2.5517e-05
2.5503e-05
2.5493e-05
2.5509e-05
2.5498e-05
2.5512e-05
2.5502e-05
2.5493e-05
2.5533e-05
2.5531e-05
2.551e-05
3.687e-05
2.5796e-05
2.5745e-05
2.5753e-05
2.5729e-05
2.5508e-05
2.5532e-05
2.5527e-05
2.5493e-05
2.5497e-05
2.5734e-05
2.5493e-05
2.5495e-05
2.5502e-05
2.5517e-05
2.5486e-05
2.5506e-05
2.55e-05
2.5495e-05
2.5496e-05
2.5504e-05
2.5509e-05
2.5517e-05
2.5486e-05
2.5506e-05
2.5498e-05
2.5502e-05
2.551e-05
2.5545e-05
2.549e-05
2.5503e-05
2.5525e-05
2.5507e-05
2.5502e-05
2.5487e-05
2.5501e-05
2.5494e-05
2.5493e-05
2.5506e-05
2.5508e-05
6.44e-05
2.6018e-05
2.5601e-05
2.554e-05
2.5542e-05
2.5516e-05
2.5689e-05
2.5694e-05
2.5713e-05
2.5689e-05
2.5695e-05
2.5703e-05
2.5725e-05
2.5706e-05
2.5713e-05
2.5719e-05
2.5723e-05
2.5729e-05
2.5539e-05
2.571e-05
2.5722e-05
2.5703e-05
2.5694e-05
2.5726e-05
2.5715e-05
2.573e-05
2.5533e-05
2.5505e-05
2.5715e-05
2.5704e-05
2.5732e-05
2.571e-05
2.5513e-05
2.5709e-05
2.5713e-05
2.5706e-05
2.569e-05
2.5702e-05
2.569e-05
2.5703e-05
2.5703e-05
2.5514e-05
2.5697e-05
2.5508e-05
2.5537e-05
2.5718e-05
2.5716e-05
2.5536e-05
2.5714e-05
2.5721e-05
2.5712e-05
2.5705e-05
2.5698e-05
2.5706e-05
2.5522e-05
2.5693e-05
2.5704e-05
2.55e-05
2.5717e-05
2.5714e-05
2.5707e-05
2.5723e-05
2.5721e-05
2.5735e-05
2.5713e-05
2.571e-05
2.5691e-05
2.5698e-05
2.5702e-05
2.5692e-05
2.5706e-05
2.5695e-05
2.5697e-05
2.5693e-05
2.569e-05
2.5704e-05
2.5523e-05
2.5516e-05
2.5717e-05
2.5703e-05
2.5736e-05
2.5714e-05
2.5514e-05
2.571e-05
2.5724e-05
2.5699e-05
2.5699e-05
2.5699e-05
2.5699e-05
2.5695e-05
2.5703e-05
2.5727e-05
2.5723e-05
2.5701e-05
2.5707e-05
2.571e-05
3.4158e-05
8.2601e-05
2.5671e-05
2.5497e-05
2.5508e-05
2.5913e-05
2.5907e-05
2.591e-05
2.596e-05
2.5906e-05
2.5508e-05
2.5914e-05
2.5851e-05
2.6133e-05
2.5926e-05
2.5533e-05
2.5827e-05
2.5925e-05
2.583e-05
2.5481e-05
2.5501e-05
2.5483e-05
2.549e-05
2.6097e-05
2.5829e-05
2.5905e-05
2.5512e-05
2.5913e-05
2.5515e-05
2.552e-05
2.5932e-05
2.5933e-05
2.5492e-05
2.5924e-05
2.5912e-05
2.5477e-05
2.5812e-05
2.5914e-05
2.5918e-05
2.5933e-05
2.5832e-05
2.5928e-05
2.5929e-05
2.5924e-05
2.5917e-05
2.5505e-05
2.5923e-05
2.5488e-05
2.5839e-05
2.5906e-05
2.6122e-05
3.2213e-05
2.5603e-05
2.5728e-05
2.5737e-05
2.5511e-05
2.5536e-05
2.5495e-05
2.5526e-05
2.551e-05
2.5486e-05
2.5518e-05
2.5513e-05
2.5511e-05
2.5509e-05
2.5536e-05
2.5488e-05
2.5489e-05
2.5498e-05
2.5504e-05
2.5488e-05
2.5515e-05
2.5533e-05
2.5516e-05
2.5516e-05
2.5516e-05
2.5499e-05
2.5523e-05
2.5513e-05
2.55e-05
2.5507e-05
2.5491e-05
2.5501e-05
2.5518e-05
2.5496e-05
2.5532e-05
2.5506e-05
2.551e-05
2.5506e-05
2.5521e-05
2.552e-05
2.5523e-05
2.5515e-05
2.5525e-05
2.5524e-05
2.5518e-05
2.5532e-05
2.5481e-05
2.5521e-05
2.5502e-05
2.5517e-05
2.5506e-05
2.5485e-05
2.552e-05
2.5499e-05
2.5519e-05
2.552e-05
2.5496e-05
2.553e-05
2.5522e-05
2.5499e-05
2.5521e-05
2.5517e-05
2.552e-05
2.5502e-05
2.5513e-05
2.5491e-05
2.5499e-05
2.5498e-05
2.5499e-05
2.5499e-05
2.5512e-05
2.5503e-05
2.5514e-05
2.5502e-05
2.55e-05
2.5486e-05
2.5507e-05
2.5509e-05
2.5494e-05
2.5508e-05
2.5522e-05
2.5505e-05
2.5502e-05
2.5501e-05
2.5467e-05
2.5499e-05
2.5483e-05
2.549e-05
2.5516e-05
2.55e-05
2.5562e-05
2.5732e-05
2.5542e-05
2.552e-05
2.551e-05
2.5517e-05
2.5504e-05
2.5496e-05
2.5501e-05
2.5526e-05
2.5503e-05
3.437e-05
2.5607e-05
2.5736e-05
2.5754e-05
2.5542e-05
2.5512e-05
2.5497e-05
2.5544e-05
2.5515e-05
2.5494e-05
2.5476e-05
2.5478e-05
2.5493e-05
2.5478e-05
2.5488e-05
2.5506e-05
2.552e-05
2.5518e-05
2.5496e-05
2.5504e-05
2.5497e-05
2.5503e-05
2.5529e-05
2.5531e-05
2.5533e-05
2.5492e-05
2.5514e-05
2.5502e-05
2.5495e-05
2.5506e-05
2.5511e-05
2.5688e-05
2.5498e-05
2.5492e-05
2.5494e-05
2.5502e-05
2.5512e-05
2.5504e-05
2.5516e-05
2.5508e-05
2.5527e-05
2.5723e-05
2.5725e-05
2.5735e-05
2.5521e-05
2.5484e-05
2.5488e-05
2.5495e-05
2.5497e-05
2.5718e-05
2.5518e-05
2.5525e-05
2.5497e-05
2.551e-05
2.5536e-05
2.5741e-05
2.5504e-05
2.5521e-05
2.5735e-05
2.5742e-05
2.5507e-05
2.5511e-05
2.5497e-05
2.5503e-05
2.5495e-05
2.5497e-05
2.5508e-05
2.55e-05
2.5503e-05
2.5719e-05
2.5519e-05
2.5512e-05
2.552e-05
2.553e-05
2.5501e-05
2.5499e-05
2.5523e-05
2.5504e-05
2.5483e-05
2.5517e-05
2.5503e-05
2.5719e-05
2.5716e-05
2.5508e-05
2.5501e-05
2.5507e-05
2.5532e-05
2.5503e-05
2.5725e-05
2.5737e-05
2.5519e-05
2.5742e-05
2.5513e-05
2.5528e-05
2.5517e-05
2.549e-05
2.5496e-05
2.5501e-05
2.552e-05
2.5508e-05
2.5503e-05
2.5508e-05
2.5514e-05
2.5547e-05
2.5737e-05
2.5493e-05
2.574e-05
2.551e-05
3.1961e-05
2.559e-05
2.5734e-05
2.5712e-05
2.5699e-05
2.5485e-05
2.549e-05
2.5536e-05
2.5489e-05
2.5514e-05
2.5509e-05
2.5536e-05
2.5512e-05
2.5531e-05
2.5511e-05
2.5519e-05
2.5499e-05
2.5511e-05
2.5538e-05
2.5479e-05
2.5499e-05
2.5476e-05
2.5519e-05
2.5506e-05
2.5516e-05
2.5533e-05
2.5496e-05
2.5516e-05
2.5503e-05
2.5519e-05
2.5508e-05
2.5533e-05
2.556e-05
2.552e-05
2.5499e-05
2.5512e-05
2.5523e-05
2.5516e-05
2.552e-05
2.5501e-05
2.5516e-05
2.5517e-05
2.5519e-05
2.55e-05
2.5516e-05
2.5501e-05
2.5513e-05
2.5523e-05
2.5529e-05
2.5529e-05
2.5511e-05
2.5514e-05
2.5724e-05
2.5486e-05
2.5502e-05
2.5528e-05
2.5512e-05
2.5494e-05
2.5527e-05
2.5485e-05
2.5512e-05
2.55e-05
2.5522e-05
2.5515e-05
2.5521e-05
2.5501e-05
2.5517e-05
2.5524e-05
2.5521e-05
2.5524e-05
2.5514e-05
2.5511e-05
2.5515e-05
2.5496e-05
2.5496e-05
2.5502e-05
2.552e-05
2.5501e-05
2.5505e-05
2.5501e-05
2.552e-05
2.5518e-05
2.5526e-05
2.5536e-05
2.5513e-05
2.5554e-05
2.5517e-05
2.5526e-05
2.5521e-05
2.5513e-05
2.5525e-05
2.5521e-05
2.5494e-05
2.5492e-05
2.5506e-05
2.5499e-05
2.5515e-05
2.5513e-05
2.5492e-05
2.5516e-05
2.5494e-05
2.5522e-05
2.5666e-05
2.5536e-05
2.5516e-05
2.5529e-05
2.5523e-05
2.5499e-05
2.5487e-05
2.5483e-05
2.5499e-05
2.5492e-05
2.5512e-05
2.5511e-05
2.5494e-05
2.5494e-05
2.5498e-05
2.5492e-05
2.5511e-05
2.5521e-05
2.5523e-05
2.5518e-05
2.5529e-05
2.5512e-05
2.5516e-05
2.5501e-05
2.5503e-05
2.5545e-05
2.5524e-05
2.5488e-05
2.5512e-05
2.5493e-05
2.5497e-05
2.5506e-05
2.5514e-05
2.5517e-05
2.5532e-05
2.5509e-05
2.5523e-05
2.5519e-05
2.5537e-05
2.5524e-05
2.5506e-05
2.5504e-05
2.5498e-05
2.5495e-05
2.5498e-05
2.5507e-05
2.5508e-05
2.5512e-05
2.5517e-05
2.5498e-05
2.5513e-05
2.5514e-05
2.5535e-05
2.5521e-05
2.5507e-05
2.5504e-05
2.5515e-05
2.5503e-05
2.5515e-05
2.5476e-05
2.5479e-05
2.5515e-05
2.55e-05
2.5499e-05
2.5509e-05
2.5524e-05
2.5509e-05
2.5492e-05
2.5516e-05
2.5508e-05
2.5518e-05
2.5506e-05
2.5528e-05
2.5531e-05
2.5528e-05
2.5521e-05
2.551e-05
2.5497e-05
2.5495e-05
2.5493e-05
2.5498e-05
2.5492e-05
2.5511e-05
2.5513e-05
2.5512e-05
2.55e-05
2.5526e-05
2.5527e-05
2.5525e-05
2.5508e-05
2.5518e-05
2.5524e-05
2.554e-05
2.5481e-05
2.552e-05
2.5518e-05
2.553e-05
2.5507e-05
2.5506e-05
2.5498e-05
2.5512e-05
2.5502e-05
2.5525e-05
2.5516e-05
2.5521e-05
2.552e-05
2.5516e-05
2.5523e-05
2.5519e-05
2.5527e-05
2.5514e-05
2.5504e-05
2.5505e-05
2.5476e-05
3.6818e-05
2.561e-05
2.5727e-05
2.5736e-05
2.5713e-05
2.5714e-05
2.5507e-05
2.5525e-05
2.5523e-05
2.5491e-05
2.5492e-05
2.5484e-05
2.5475e-05
2.5488e-05
2.5508e-05
2.5516e-05
2.5509e-05
2.5525e-05
2.5508e-05
2.5506e-05
2.5534e-05
2.5513e-05
2.5492e-05
2.5493e-05
2.5493e-05
2.5488e-05
2.551e-05
2.5512e-05
2.5516e-05
2.5506e-05
2.55e-05
2.5496e-05
2.5488e-05
2.5499e-05
2.5516e-05
2.5522e-05
2.5522e-05
2.5509e-05
2.5521e-05
2.5508e-05
2.5514e-05
2.5512e-05
2.55e-05
2.5492e-05
2.5496e-05
2.5498e-05
2.551e-05
2.55e-05
2.5508e-05
2.5488e-05
2.5511e-05
2.5519e-05
2.5529e-05
2.5532e-05
2.5534e-05
2.5518e-05
2.5514e-05
2.5511e-05
2.5529e-05
2.5529e-05
2.551e-05
2.5529e-05
2.55e-05
2.5487e-05
2.5479e-05
2.5509e-05
2.5502e-05
2.5504e-05
2.5484e-05
2.5516e-05
2.5511e-05
2.5523e-05
2.5516e-05
2.5516e-05
2.5518e-05
2.5517e-05
2.5535e-05
2.5527e-05
2.5515e-05
2.5513e-05
2.551e-05
2.5476e-05
2.5503e-05
2.5721e-05
2.5482e-05
2.5512e-05
2.5499e-05
2.5732e-05
2.5512e-05
2.5722e-05
2.5504e-05
2.5534e-05
2.5506e-05
2.5524e-05
2.5512e-05
2.5498e-05
2.5517e-05
2.5492e-05
2.5498e-05
2.5475e-05
2.5499e-05
2.5512e-05
2.5485e-05
2.551e-05
2.5499e-05
2.5512e-05
2.5523e-05
2.5522e-05
2.5508e-05
2.551e-05
2.5519e-05
2.5496e-05
2.551e-05
2.5491e-05
2.5512e-05
2.5481e-05
2.5501e-05
2.5727e-05
2.5503e-05
2.5494e-05
2.5498e-05
2.551e-05
2.5735e-05
2.5511e-05
2.5516e-05
2.5519e-05
2.554e-05
2.5521e-05
2.5507e-05
2.5508e-05
2.5518e-05
2.5508e-05
2.5504e-05
2.5514e-05
2.5476e-05
2.569e-05
2.551e-05
2.5699e-05
2.5486e-05
2.5512e-05
2.5522e-05
2.5507e-05
2.5525e-05
2.5495e-05
2.55e-05
2.5511e-05
2.5517e-05
2.5509e-05
2.5495e-05
2.5498e-05
2.5718e-05
3.6254e-05
0.000142042
2.8245e-05
2.5535e-05
2.5521e-05
2.5524e-05
2.5521e-05
2.552e-05
2.552e-05
2.5533e-05
2.5518e-05
2.5521e-05
3.5874e-05
3.4773e-05
3.4807e-05
3.476e-05
3.476e-05
3.478e-05
3.4823e-05
3.4786e-05
4.2668e-05
4.2494e-05
4.2527e-05
4.2552e-05
4.2531e-05
4.2567e-05
4.2508e-05
4.2526e-05
4.2535e-05
4.252e-05
4.2507e-05
4.2538e-05
4.2544e-05
4.2521e-05
4.2496e-05
4.2514e-05
4.2539e-05
4.2562e-05
4.2521e-05
4.2482e-05
4.2533e-05
4.2516e-05
4.2535e-05
4.2501e-05
4.2534e-05
4.3297e-05
4.2504e-05
4.2534e-05
4.3194e-05
4.2481e-05
4.3189e-05
4.2518e-05
4.3083e-05
4.2506e-05
4.3035e-05
4.354e-05
4.3083e-05
4.3241e-05
4.3037e-05
4.3199e-05
4.309e-05
4.3229e-05
4.2465e-05
4.3174e-05
4.3049e-05
