#time [s]
0.000207285
0.000208033
0.000207367
0.000207192
0.000207165
0.000207224
0.000207186
0.000207122
0.00021401
0.000207097
0.000207187
0.000207063
0.000207149
0.000206977
0.000207203
0.0002071
0.000207124
0.000207123
0.000207177
0.000247746
0.000224248
0.000214056
0.000211031
0.00021336
0.000212644
0.00020927
0.000209531
0.000229799
0.000212789
0.000210722
0.000210205
0.000210226
0.000210678
0.000210553
0.00021058
0.000210304
0.00021052
0.000223925
0.000213001
0.000216472
0.00022355
0.000220254
0.000219863
0.000219907
0.000219906
0.00023101
0.000219823
0.000220031
0.000220118
0.000213759
0.00020703
0.000207138
0.000207121
0.000207143
0.000207191
0.000207065
0.000207017
0.000207175
0.000207155
0.000207072
0.000207149
0.000207077
0.000207229
0.000207184
0.000207176
0.000220782
0.000207266
0.000207064
0.000207035
0.000207054
0.000207165
0.000207137
0.000207063
0.000207246
0.00020719
0.000207069
0.000207202
0.000207103
0.00020717
0.0002071
0.000207188
0.000207097
0.000207065
0.000207112
0.000214759
0.000207168
0.000207132
0.000207065
0.000207169
0.000207149
0.000207246
0.000207091
0.000207234
0.000207194
0.000207077
0.000207155
0.000207128
0.000207104
0.000207158
0.000206946
0.000207166
0.00020705
0.000207158
0.000214422
0.000207342
0.000207139
0.000207097
0.000237895
0.000207309
0.00020714
0.000207066
0.000207166
0.000207183
0.000207012
0.00020705
0.000207124
0.000238856
0.000207157
0.000207134
0.00020714
0.00020708
0.000207047
0.000207342
0.000207157
0.000207049
0.000207214
0.000207126
0.000207206
0.000207214
0.00020696
0.000207057
0.000207081
0.000207047
0.000207101
0.000207211
0.000207114
0.000207147
0.000207167
0.000207025
0.000207057
0.000216571
0.000207218
0.000207153
0.000207151
0.000207142
0.000207152
0.000207125
0.000207008
0.000206961
0.000206972
0.000207046
0.000207135
0.000207003
0.000207017
0.000206972
0.000207125
0.00020706
0.000207078
0.000207188
0.000213779
0.000207301
0.000207183
0.00020712
0.000207115
0.000207125
0.000207079
0.00020722
0.000206995
0.000207064
0.000207113
0.000207141
0.000207082
0.000207126
0.000207095
0.000207116
0.000207092
0.000207251
0.000207115
0.000207118
0.000213856
0.00020718
0.000207078
0.000207163
0.000207034
0.000207134
0.000207108
0.000207064
0.000245951
0.000215443
0.000207062
0.000207107
0.000348815
0.000400475
0.000368433
0.000365518
0.00037689
0.00036558
0.00036534
0.000365449
0.000365331
0.000365536
0.00042506
0.000244704
0.000207154
0.000207073
0.000207145
0.000207087
0.000207145
0.000207007
0.00020713
0.000207247
0.000207063
0.000207121
0.000207057
0.000207012
0.000207144
0.000207205
0.000207091
0.000218204
0.000207184
0.00020705
0.000207084
0.000207149
0.000207184
0.000207116
0.000207112
0.000207116
0.000207149
0.000207081
0.000207118
0.000207131
0.000207056
0.000207211
0.000207209
0.000207135
0.000207017
0.000207073
0.000207164
0.000207068
0.000207098
0.000207052
0.00020721
0.000207105
0.000207127
0.000207025
0.000207158
0.00021443
0.000207205
0.000207137
0.000207176
0.000207029
0.000207078
0.000207039
0.000207039
0.000207108
0.000207158
0.000235399
0.000207262
0.000207146
0.000207066
0.000207092
0.000207047
0.000207347
0.0002074
0.000207107
0.000207109
0.000207031
0.000207061
0.000207082
0.000207022
0.000207089
0.000207191
0.000207068
0.000213433
0.000207205
0.000228656
0.000207212
0.00020714
0.000207136
0.000207061
0.000207082
0.000207129
0.000207085
0.000207127
0.000207157
0.000207107
0.000207144
0.000207155
0.000207261
0.00020712
0.000207059
0.000207095
0.000207006
0.000207065
0.000207027
0.000207063
0.000207117
0.000207067
0.000217009
0.000207242
0.000207152
0.000206997
0.000207125
0.000207182
0.000207023
0.00020702
0.000207086
0.000207147
0.000207087
0.000207046
0.000206993
0.000207055
0.000207009
0.000207027
0.000207139
0.000207116
0.000207031
0.000207129
0.000207095
0.000207199
0.000206993
0.000207109
0.000207034
0.000213512
0.000207184
0.000207091
0.000207096
0.000207133
0.000207128
0.000206975
0.000207097
0.000207013
0.000207062
0.000216894
0.000207188
0.000207162
0.00020724
0.000207209
0.000207021
0.000207067
0.000207112
0.000207047
0.000206956
0.000206996
0.000207085
0.00021677
0.000207276
0.000207147
0.000213418
0.000207247
0.000230341
0.000207201
0.000207127
0.000207184
0.000207119
0.000207192
0.000207098
0.000207156
0.000207093
0.000207117
0.000207196
0.000207127
0.000207081
0.000207148
0.000207063
0.000207144
0.000207128
0.0002072
0.000207038
0.000207097
0.000216463
0.000207206
0.000207103
0.000207208
0.000207118
0.000207127
0.00020721
0.000207055
0.000207062
0.000207143
0.000207116
0.000207142
0.000207145
0.000207009
0.000207145
0.000207125
0.000207017
0.000207094
0.000207137
0.000207101
0.000207196
0.000207111
0.000207145
0.000207285
0.000207087
0.000207204
0.000207103
0.000207024
0.000207141
0.000207169
0.000207234
0.000207121
0.000207179
0.000207084
0.000207129
0.000207119
0.000208005
0.000207168
0.000207103
0.00020706
0.00020711
0.000207122
0.000207092
0.000207125
0.000207104
0.000223249
0.000239967
0.00020709
0.000207242
0.000206963
0.000221036
0.000207244
0.000207111
0.000207067
0.000207065
0.000208366
0.000207114
0.000207116
0.000207051
0.000207075
0.000207085
0.000207075
0.000207054
0.000207161
0.000207124
0.000213481
0.000207093
0.00020723
0.000207126
0.000207162
0.000207132
0.000207079
0.000207091
0.00020715
0.000207065
0.000207118
0.000207072
0.000207006
0.000207038
0.00020698
0.000207076
0.000207024
0.000207183
0.000207113
0.000207119
0.000207097
0.000206988
0.000207064
0.000207065
0.00020698
0.000207133
0.000207111
0.000207115
0.000207129
0.000207142
0.000207193
0.000207124
0.000217133
0.000207158
0.000207137
0.000207074
0.000207124
0.00020712
0.000207093
0.00020715
0.000207113
0.000207163
0.000207024
0.000207129
0.000207087
0.000207202
0.000207129
0.000207135
0.000207105
0.000207081
0.000207025
0.000207045
0.000207111
0.00020706
0.000207154
0.000207109
0.000227583
0.000207135
0.000207198
0.000207132
0.000207066
0.000207113
0.000206971
0.00020725
0.000207199
0.000207054
0.000207174
0.000207044
0.000207066
0.000207172
0.000207121
0.000207128
0.00021993
0.000207199
0.00020713
0.000207063
0.000207215
0.000207353
0.000207864
0.000207176
0.000207074
0.000207139
0.000207038
0.000207022
0.000207039
0.000207122
0.00020712
0.000207091
0.000207038
0.000207099
0.000213297
0.000207246
0.000207257
0.00020717
0.000207158
0.000207132
0.000207169
0.000207111
0.000207055
0.000207116
0.000207075
0.000207081
0.00020713
0.000207023
0.000207166
0.000207029
0.000207079
0.000206983
0.000207161
0.000207097
0.000207179
0.000207036
0.000207147
0.000207161
0.000207174
0.000207103
0.000216525
0.000207251
0.000207166
0.000207062
0.00020707
0.000238356
0.000212154
0.000209865
0.000207153
0.00020714
0.000207217
0.000207129
0.000207176
0.000207051
0.00020721
0.000206965
0.000207086
0.000207175
0.000207148
0.000207086
0.000207088
0.000206893
0.000207116
0.000207116
0.000207097
0.000207149
0.000213877
0.000318632
0.000207432
0.000207172
0.000207091
0.000207143
0.000207077
0.000206993
0.000207134
0.000207167
0.000207119
0.000207124
0.000207109
0.000207072
0.000207177
0.00020716
0.000207147
0.000207119
0.00022141
0.000207426
0.000207148
0.000207179
0.000207319
0.000207098
0.000207127
0.000207409
0.000207159
0.00020704
0.000207175
0.000207166
0.000207112
0.000207115
0.000207117
0.000207127
0.000207094
0.000207002
0.000207117
0.00020709
0.000207099
0.000207041
0.000207053
0.000207142
0.000207024
0.000216664
0.000207213
0.000207223
0.000207143
0.000207061
0.000207095
0.000207023
0.000207062
0.000207075
0.000207147
0.000207183
0.000207076
0.000207091
0.000206971
0.000207215
0.000207111
0.000207213
0.00020714
0.000207196
0.000207115
0.00020714
0.000207033
0.000214412
0.000207239
0.000207199
0.000207117
0.000207063
0.000207217
0.000207078
0.000207026
0.000207176
0.000207087
0.000207133
0.000207112
0.000207097
0.00020708
0.000207072
0.000207008
0.000206861
0.000207083
0.000207008
0.000207057
0.000207131
0.000207115
0.00021368
0.000207224
0.000296388
0.000209611
0.000208343
0.000207055
0.000216741
0.000586005
0.001520236
0.000207963
0.000207112
0.000207043
0.000207129
0.000207091
0.000207077
0.000207052
0.000207128
0.000207106
0.000207223
0.000207073
0.000213252
0.000207248
0.000207207
0.000207172
0.000207186
0.000207234
0.000207058
0.000207105
0.000207055
0.000207141
0.000207012
0.000207061
0.000207056
0.000207016
0.000206987
0.00020697
0.000206973
0.000207088
0.000207042
0.000207045
0.000207058
0.000207032
0.000207031
0.000207122
0.000207153
0.000207296
0.000207078
0.00020713
0.000207066
0.000207167
0.00020711
0.000206988
0.000207077
0.000207155
0.000207052
0.000207123
0.000207105
0.000207119
0.000206991
0.00020714
0.000207102
0.000207137
0.000207149
0.000207162
0.000207101
0.000207182
0.000207153
0.000207048
0.000207143
0.000223007
0.000208781
0.000207095
0.000207108
0.000207172
0.000207142
0.00020716
0.000207218
0.000207087
0.000207127
0.000206974
0.000207019
0.000207089
0.000207066
0.00020699
0.000207036
0.000207143
0.000207093
0.00020706
0.000207131
0.00020721
0.000207047
0.000213729
0.000215889
0.00020725
0.000207178
0.000207149
0.000207149
0.000207123
0.000207125
0.000207086
0.000207189
0.000207136
0.000207111
0.000207148
0.000207115
0.000207055
0.000207146
0.000206942
0.000207074
0.000207025
0.000207142
0.000206974
0.000207084
0.000213089
0.000207136
0.000207088
0.000207207
0.000207186
0.000207018
0.000207068
0.000207129
0.000207025
0.000207048
0.000207082
0.000207057
0.000207181
0.000206988
0.000207181
0.000206994
0.000207029
0.000207002
0.000207051
0.000207027
0.000207049
0.000207054
0.000217869
0.000207202
0.000207148
0.000207151
0.000207178
0.000207113
0.000207128
0.000207086
0.000206993
0.000207106
0.00020706
0.000207022
0.000207075
0.000207045
0.000206984
0.000207099
0.000207036
0.000207079
0.000207065
0.000207148
0.00020717
0.000207024
0.000213658
0.000207247
0.000207082
0.000207129
0.00020713
0.000207194
0.000247852
0.000207423
0.000207066
0.000207105
0.0006665
0.001396505
0.000207645
0.000207181
0.000207166
0.000207055
0.000207103
0.000207123
0.000207049
0.000207168
0.000207289
0.000216012
0.000207243
0.00020721
0.000207071
0.000207143
0.000207106
0.000207245
0.000207118
0.000207132
0.000207151
0.000207099
0.000207105
0.000207135
0.00020714
0.000207099
0.000207061
0.000207138
0.000207077
0.000213165
0.00020724
0.000207165
0.000207242
0.000207065
0.000207054
0.000207088
0.000207138
0.000207046
0.000207041
0.00020716
0.000207091
0.00020711
0.00020704
0.000207047
0.00020718
0.000207056
0.000207126
0.000207473
0.000207219
0.000216304
0.000207259
0.000207175
0.000207128
0.000207007
0.000207152
0.000207031
0.000207081
0.000207104
0.000207105
0.000207117
0.000207129
0.000207107
0.000207034
0.000207093
0.00020718
0.0002072
0.000207081
0.00020711
0.000207127
0.000213775
0.000207217
0.000208174
0.000207642
0.000207179
0.0002072
0.000207142
0.000207148
0.000206983
0.000207093
0.000207101
0.000207013
0.000207176
0.000236368
0.000208689
0.000207513
0.000207141
0.000207085
0.000207122
0.000213711
0.000207238
0.00020715
0.000207171
0.000206912
0.000207055
0.000207127
0.000207045
0.000207056
0.000207163
0.000207214
0.000207061
0.000207097
0.000207057
0.000215836
0.000207099
0.000207114
0.000207071
0.000213148
0.0002072
0.00020725
0.000207051
0.000207151
0.000207099
0.000207178
0.000207103
0.0002072
0.000207218
0.000208003
0.000211151
0.000207141
0.000207066
0.000207002
0.000207124
0.000207059
0.000207036
0.000206942
0.000216485
0.000207193
0.000207172
0.000207118
0.000207127
0.000207154
0.000207103
0.000207092
0.000207067
0.000207095
0.000207136
0.000207083
0.000207138
0.000207057
0.000207036
0.00020711
0.00020702
0.000207053
0.000207111
0.000213624
0.000207208
0.000207161
0.00020716
0.000207199
0.00020716
0.000207133
0.000207086
0.000207062
0.000207128
0.000207076
0.000207126
0.000207043
0.000207092
0.000207215
0.000207024
0.000207043
0.00020712
0.000213849
0.000207306
0.00020716
0.000207124
0.000207014
0.000207008
0.000207151
