#time [s]
0.000118529
0.000118651
0.000118902
0.00011855
0.000118536
0.000118503
0.000118511
0.000118496
0.000118516
0.000118518
0.000118562
0.000118504
0.000118518
0.000118452
0.000118488
0.000118553
0.000118483
0.000118466
0.000118491
0.000118504
0.000118486
0.000118552
0.000118519
0.000118476
0.00011853
0.000118551
0.000118531
0.000118499
0.000118531
0.00011856
0.000118488
0.000118529
0.000118521
0.000118559
0.000118485
0.000118457
0.000128088
0.000118603
0.000118502
0.000118611
0.00011848
0.000118437
0.000118522
0.000118494
0.000118532
0.000118524
0.000118451
0.000118575
0.000118556
0.000118471
0.000118507
0.000118483
0.000118513
0.000118463
0.000118601
0.000118466
0.000118502
0.000118457
0.000118497
0.000118542
0.000118458
0.000118551
0.000118449
0.000118539
0.000118511
0.000118479
0.000118505
0.000118497
0.000118507
0.000118469
0.000118447
0.000118509
0.000124929
0.000118528
0.000118623
0.000118582
0.000118598
0.000118564
0.000118509
0.000118491
0.000118458
0.000118549
0.000118417
0.000118443
0.000118463
0.000118432
0.000118569
0.000118515
0.000118518
0.00011852
0.000118483
0.000118412
0.00011844
0.00011856
0.000118465
0.000118486
0.000118529
0.000118438
0.000118565
0.000118522
0.000118515
0.000118547
0.000118599
0.000118472
0.000118544
0.000118411
0.000118473
0.000118476
0.000125228
0.000118546
0.000127681
0.000118596
0.000118582
0.00011852
0.000118514
0.000118508
0.000118537
0.000118452
0.000118547
0.000118531
0.000118486
0.000118479
0.00011855
0.000118509
0.000118518
0.000118532
0.000126293
0.00011857
0.000118563
0.000118515
0.000118501
0.000118495
0.000118509
0.000118456
0.000118418
0.000118498
0.000118512
0.000118433
0.000118471
0.000118483
0.000118551
0.000118442
0.000118473
0.000118505
0.000124479
0.000118577
0.000118576
0.000118538
0.000118524
0.000118499
0.000118455
0.000118443
0.00011854
0.000118479
0.00011848
0.000118497
0.000118493
0.000118517
0.000118484
0.00011851
0.000118536
0.000118522
0.000118531
0.00011851
0.000118459
0.000118471
0.00011853
0.000118485
0.000118456
0.000118587
0.000118495
0.000118471
0.000118498
0.000118435
0.000118511
0.000118446
0.000118439
0.000118509
0.000118473
0.000118476
0.000127613
0.000118564
0.00011858
0.000118505
0.000118534
0.000118522
0.000118478
0.000118504
0.000118465
0.000118458
0.000118558
0.000118488
0.00011845
0.000118547
0.000118492
0.000118494
0.000118513
0.000118456
0.00011859
0.000118345
0.000118427
0.000118507
0.000118512
0.000118484
0.000118451
0.000118454
0.000118509
0.000118514
0.000118575
0.000118575
0.000118461
0.000118498
0.000118455
0.000118476
0.000118443
0.000118503
0.000125036
0.000118675
0.000118451
0.000118599
0.000118525
0.000118529
0.000118448
0.000118487
0.000118526
0.000118513
0.000118508
0.000118421
0.000118515
0.000118712
0.000118475
0.000118568
0.000118545
0.000118595
0.000118544
0.00011852
0.00011842
0.000118547
0.000118549
0.00011845
0.000118527
0.000118473
0.000118561
0.000118529
0.000118396
0.000118536
0.0001185
0.000118484
0.000118507
0.000118513
0.000118584
0.000165807
0.000120333
0.000118595
0.000118628
0.000118489
0.000118547
0.000118465
0.000118469
0.000118525
0.00011852
0.000118492
0.000118458
0.000118427
0.000118524
0.000118385
0.000118458
0.000118533
0.000118519
0.000118459
0.00011855
0.000128817
0.000118571
0.000118572
0.000118485
0.000118526
0.000118516
0.000118529
0.00011847
0.000118562
0.000118484
0.000118478
0.00011848
0.000118485
0.00011853
0.000118523
0.000118515
0.000118473
0.000118503
0.000118479
0.000118494
0.000118459
0.000118524
0.000118569
0.00011852
0.000118484
0.00012476
0.000118651
0.000118471
0.000118454
0.000118483
0.000118513
0.000118502
0.00011857
0.000118511
0.00011849
0.000118429
0.000118536
0.00011856
0.00011849
0.000118416
0.000118468
0.000118463
0.00011847
0.000118505
0.000118509
0.000118502
0.000118522
0.000118528
0.000146423
0.000118638
0.000118545
0.000118548
0.000118508
0.000118554
0.000118478
0.000118462
0.000118486
0.00011858
0.000118607
0.000118505
0.000118457
0.000118529
0.000118571
0.000118516
0.000118538
0.000118585
0.000118467
0.000118558
0.000118511
0.000128382
0.000118541
0.000118467
0.000118553
0.000118592
0.000118539
0.000118564
0.000118526
0.000118594
0.000118532
0.000118523
0.00011851
0.00011855
0.00011854
0.000118467
0.000118456
0.000118466
0.000118556
0.000118634
0.00011851
0.000118457
0.000118494
0.000118478
0.000118397
0.000118515
0.000118474
0.000118447
0.000118542
0.000118402
0.000118495
0.000118465
0.000118563
0.000118441
0.000118544
0.000118424
0.00011846
0.000118478
0.000118554
0.000118571
0.000118538
0.000118471
0.000118449
0.000118535
0.000118552
0.000125024
0.000118588
0.000118551
0.000118481
0.000118539
0.000118531
0.000118545
0.000118504
0.000118576
0.000118485
0.000118481
0.000128095
0.000136924
0.000137745
0.000118634
0.000118534
0.000118464
0.000118533
0.000118559
0.000118505
0.000118491
0.00011852
0.000118543
0.000118533
0.000118525
0.000118414
0.000118546
0.000118513
0.000118559
0.000118467
0.000118462
0.000118487
0.000118524
0.000118605
0.000118527
0.000118437
0.000143802
0.000118665
0.00011849
0.000118579
0.00012449
0.000118616
0.000118543
0.000118427
0.000118547
0.000118438
0.000118463
0.000118476
0.000118493
0.000118528
0.000118553
0.00011855
0.000118483
0.000118453
0.00011852
0.00011848
0.000118516
0.000118485
0.000118569
0.000118503
0.000118503
0.000118523
0.000118491
0.000118474
0.000118477
0.000118531
0.000118511
0.000118554
0.000118449
0.00011856
0.000118563
0.00011852
0.000118515
0.000118466
0.000118554
0.000118471
0.000118542
0.000118466
0.000128203
0.000118587
0.000118544
0.000118585
0.000118463
0.000118562
0.000118535
0.00011858
0.00011856
0.000118484
0.000118517
0.000118522
0.000118474
0.000118502
0.000118561
0.000118499
0.000118481
0.000118454
0.000118527
0.00011855
0.000118441
0.000118539
0.000118486
0.000118495
0.000118544
0.000118474
0.000118441
0.000118539
0.000118507
0.000118521
0.000118498
0.000118435
0.00011848
0.000118584
0.00011851
0.000118542
0.000118545
0.000118621
0.000124868
0.000118639
0.000118568
0.000118548
0.000118504
0.000118496
0.000118522
0.00011848
0.00011855
0.000118516
0.000118508
0.000118513
0.000118502
0.000118414
0.000118419
0.000118357
0.000118471
0.000118472
0.000118479
0.000118545
0.000118485
0.00011857
0.000118574
0.00011848
0.000118535
0.000118504
0.000118552
0.000118483
0.000118368
0.000118444
0.00011857
0.00011849
0.00011845
0.000118579
0.000118541
0.000118527
0.000118509
0.000118538
0.000124925
0.000118623
0.000118556
0.000118579
0.000118488
0.000118433
0.000248022
0.000213693
0.000225049
0.000118622
0.00011852
0.0001186
0.000118465
0.001016106
0.000118718
0.000118595
0.000118505
0.000118541
0.000118551
0.000118502
0.000118511
0.000118509
0.000118469
0.000118474
0.00011848
0.000118487
0.00011849
0.000118453
0.000118532
0.00011847
0.00011845
0.000118534
0.000118595
0.00011843
0.000118468
0.000118486
0.000125517
0.000118644
0.000118533
0.000118549
0.000118542
0.000118559
0.000118508
0.000118565
0.000118442
0.000118501
0.000118382
0.000118485
0.000118528
0.000118527
0.000118459
0.000118435
0.000118428
0.000118494
0.000118589
0.000118498
0.000118442
0.0001185
0.000118419
0.000118541
0.000118477
0.000118529
0.00011853
0.000118521
0.0001186
0.000118476
0.000118511
0.000146214
0.000118621
0.000118545
0.000118544
0.000118521
0.000118447
0.000118536
0.000118488
0.000118501
0.000118474
0.000118562
0.000118444
0.000118491
0.000118475
0.000118471
0.00011854
0.000118545
0.000118454
0.000118606
0.000118446
0.000118443
0.000118454
0.000118487
0.000118477
0.000129172
0.000118653
0.000118494
0.000118509
0.000118594
0.00011851
0.000118519
0.000118452
0.000118567
0.000118435
0.00011849
0.000118405
0.00011852
0.000118496
0.000118487
0.000118421
0.00011847
0.000118527
0.000118503
0.000118492
0.000118517
0.000118475
0.000118455
0.000118463
0.000118525
0.00011842
0.00011854
0.000118573
0.000118523
0.000118499
0.000118585
0.000118579
0.000118467
0.000118496
0.00011852
0.000151298
0.000118616
0.000118612
0.000118494
0.0001185
0.000118466
0.000118444
0.000118414
0.000118437
0.000118534
0.000118549
0.000118482
0.000118516
0.000118463
0.000118526
0.000118478
0.000118499
0.000118542
0.000118515
0.000118503
0.000125329
0.000118615
0.000118542
0.000118621
0.000118487
0.000118532
0.00011853
0.000118563
0.000118432
0.000118522
0.000118481
0.000118529
0.000118489
0.000118478
0.000118584
0.000127344
0.000118672
0.000118543
0.000118487
0.000118516
0.000118469
0.000118556
0.00011849
0.000118475
0.000118501
0.00011849
0.000118493
0.000118443
0.000118451
0.00011853
0.000118438
0.000118436
0.000118369
0.000118481
0.000118481
0.000118475
0.000118463
0.000118439
0.000118493
0.000118505
0.000118448
0.000118479
0.000118541
0.000118533
0.000118506
0.000118552
0.000124804
0.00011869
0.000118475
0.000118481
0.000118498
0.000118449
0.000139842
0.000118638
0.000118514
0.000118523
0.000118502
0.000118496
0.00011855
0.000118473
0.000118513
0.000118511
0.00011854
0.000118485
0.000118472
0.000118459
0.00011854
0.000118519
0.000118448
0.000118543
0.000118437
0.000118478
0.000118461
0.000118529
0.000118526
0.000118436
0.000118475
0.000118502
0.000118462
0.000118522
0.000118503
0.000118494
0.000118438
0.000118425
0.0001185
0.000118491
0.00011845
0.000118459
0.000118522
0.000118511
0.000118463
0.00011849
0.0001279
0.000118561
0.000118536
0.000118452
0.000118498
0.00011842
0.000118468
0.000118488
0.000118406
0.000118459
0.000118488
0.000118493
0.000118582
0.000118523
0.000118577
0.000118465
0.000118502
0.000118437
0.00011848
0.000118427
0.000118475
0.000118487
0.000118503
0.000118574
0.000118493
0.000118486
0.000118457
0.00011854
0.000118415
0.000118534
0.000118506
0.000118506
0.000118427
0.000118514
0.000118577
0.000118518
0.000118494
0.000118522
0.00011848
0.000118504
0.000118516
0.00011854
0.000118478
0.000118537
0.000118439
0.000118526
0.000125016
0.000134128
0.000118656
0.00011868
0.000118474
0.000118496
0.000118515
0.000118551
0.000518668
0.001307579
0.000118605
0.000118503
0.000118499
0.000118476
0.000118485
0.000118471
0.000118502
0.000118458
0.000118479
0.00011849
0.000127553
0.000118628
0.000118527
0.000118519
0.000118587
0.000118581
0.000118537
0.000118442
0.000118503
0.000118546
0.000118548
0.000118545
0.000118548
0.000118517
0.000118515
0.000118492
0.000118409
0.000118537
0.000118514
0.000124638
0.000118633
0.000118554
0.000118537
0.000118517
0.000118479
0.000118432
0.000118561
0.000118526
0.000118514
0.000118469
0.000118539
0.000118494
0.000118514
0.000118445
0.000118482
0.000118471
0.000118515
0.000118451
0.00011855
0.000118545
0.0001185
0.000118514
0.000118498
0.000118334
0.000118479
0.000118511
0.000118516
0.000118553
0.000118432
0.000118438
0.000118498
0.00011849
0.000118519
0.000118547
0.000118561
0.000118509
0.000118512
0.000127958
0.000118623
0.000118521
0.00011851
0.000118444
0.000118443
0.000118521
0.000118393
0.000118485
0.000118564
0.000118584
0.000118422
0.00011851
0.000118529
0.000118533
0.000118482
0.00011849
0.000118455
0.00011855
0.000118543
0.000118485
0.000118542
0.000118518
0.000118491
0.000118495
0.000118534
0.000118494
0.000134908
0.000119295
0.000118493
0.000118478
0.00011852
0.00011851
0.000118558
0.000118524
0.000118475
0.000118546
0.000118469
0.000118525
0.000125125
0.000118662
0.000118516
0.000118554
0.000118515
0.000118364
0.000118444
0.000118491
0.000118525
0.000118537
0.000118486
0.000118455
0.000118511
0.000118439
0.00011844
0.000118467
0.000118521
0.000118457
0.000118491
0.000118539
0.000118504
0.000118518
0.000118581
0.000118468
0.000118559
0.000118503
0.000118387
0.000118509
0.000157545
0.000119863
0.000118525
0.000118494
0.000118532
0.000118451
0.000118528
0.000125152
0.000118601
0.000118554
0.000118458
0.000118541
0.000118505
0.000118571
0.000118558
0.000118558
0.000118557
0.000118566
0.000118521
0.000127785
0.000118524
0.000118489
0.000118411
0.000118554
0.00011848
0.000118504
0.000118493
0.000118542
0.000118386
0.000118501
0.000118519
0.000118545
0.000118522
0.000118506
