#time [s]
1.784e-06
1.123e-06
1.056e-06
1.052e-06
1.072e-06
1.063e-06
1.058e-06
1.045e-06
1.048e-06
1.046e-06
1.047e-06
1.047e-06
1.051e-06
1.048e-06
1.05e-06
1.05e-06
1.049e-06
1.051e-06
1.048e-06
1.048e-06
1.047e-06
1.049e-06
1.048e-06
1.065e-06
1.046e-06
1.044e-06
1.048e-06
1.045e-06
1.072e-06
1.058e-06
1.047e-06
1.049e-06
1.048e-06
1.049e-06
1.048e-06
1.049e-06
1.051e-06
1.048e-06
1.07e-06
1.047e-06
1.047e-06
1.045e-06
1.048e-06
1.047e-06
1.065e-06
1.047e-06
1.046e-06
1.044e-06
1.045e-06
1.044e-06
1.045e-06
1.059e-06
1.045e-06
1.046e-06
1.048e-06
1.047e-06
1.062e-06
1.049e-06
1.048e-06
1.048e-06
1.048e-06
1.047e-06
1.049e-06
1.048e-06
1.048e-06
1.047e-06
1.046e-06
1.045e-06
1.046e-06
1.047e-06
1.044e-06
1.047e-06
1.044e-06
1.044e-06
1.062e-06
1.049e-06
1.045e-06
1.05e-06
1.048e-06
1.048e-06
1.047e-06
1.047e-06
1.049e-06
1.047e-06
1.048e-06
1.049e-06
1.048e-06
1.045e-06
1.047e-06
1.046e-06
1.046e-06
1.044e-06
1.046e-06
1.045e-06
1.047e-06
1.049e-06
1.048e-06
1.045e-06
1.063e-06
1.046e-06
1.046e-06
1.048e-06
1.049e-06
1.05e-06
1.05e-06
1.048e-06
1.047e-06
1.048e-06
1.046e-06
1.046e-06
1.047e-06
1.046e-06
1.062e-06
1.044e-06
1.044e-06
1.044e-06
1.045e-06
1.046e-06
1.06e-06
1.045e-06
1.047e-06
1.048e-06
1.047e-06
1.049e-06
1.065e-06
1.049e-06
1.046e-06
1.049e-06
1.061e-06
1.048e-06
1.046e-06
1.046e-06
1.057e-06
1.046e-06
1.043e-06
1.045e-06
1.058e-06
1.045e-06
1.045e-06
1.045e-06
1.046e-06
1.045e-06
1.048e-06
1.049e-06
1.067e-06
1.048e-06
1.047e-06
1.049e-06
1.047e-06
1.047e-06
1.048e-06
1.047e-06
1.047e-06
1.048e-06
1.045e-06
1.045e-06
1.044e-06
1.047e-06
1.044e-06
1.047e-06
1.046e-06
1.048e-06
1.047e-06
1.049e-06
1.049e-06
1.049e-06
1.049e-06
1.05e-06
1.049e-06
1.05e-06
1.049e-06
1.048e-06
1.047e-06
1.046e-06
1.047e-06
1.048e-06
1.046e-06
1.048e-06
1.045e-06
1.047e-06
1.046e-06
1.047e-06
1.046e-06
1.047e-06
1.047e-06
1.048e-06
1.047e-06
1.049e-06
1.049e-06
1.048e-06
1.048e-06
1.049e-06
1.048e-06
1.049e-06
1.048e-06
1.049e-06
1.046e-06
1.048e-06
1.045e-06
1.047e-06
1.044e-06
1.047e-06
1.045e-06
1.046e-06
1.045e-06
1.046e-06
1.045e-06
1.048e-06
1.048e-06
1.049e-06
1.048e-06
1.05e-06
1.049e-06
1.051e-06
1.048e-06
1.051e-06
1.047e-06
1.048e-06
1.046e-06
1.049e-06
1.045e-06
1.045e-06
1.045e-06
1.046e-06
1.043e-06
1.047e-06
1.043e-06
1.048e-06
1.047e-06
1.048e-06
1.048e-06
1.049e-06
1.048e-06
1.051e-06
1.049e-06
1.051e-06
1.048e-06
1.05e-06
1.047e-06
1.049e-06
1.046e-06
1.047e-06
1.045e-06
1.046e-06
1.044e-06
1.046e-06
1.045e-06
1.047e-06
1.047e-06
1.048e-06
1.046e-06
1.048e-06
1.049e-06
1.049e-06
1.049e-06
1.05e-06
1.048e-06
1.049e-06
1.047e-06
1.048e-06
1.047e-06
1.047e-06
1.046e-06
1.046e-06
1.045e-06
1.046e-06
1.042e-06
1.046e-06
1.044e-06
1.047e-06
1.046e-06
1.047e-06
1.046e-06
1.05e-06
1.046e-06
1.05e-06
1.049e-06
1.051e-06
1.05e-06
1.051e-06
1.048e-06
1.048e-06
1.046e-06
1.047e-06
1.047e-06
1.047e-06
1.046e-06
1.045e-06
1.045e-06
1.045e-06
1.045e-06
1.047e-06
1.046e-06
1.049e-06
1.047e-06
1.048e-06
1.048e-06
1.051e-06
1.049e-06
1.049e-06
1.049e-06
1.049e-06
1.047e-06
1.048e-06
1.047e-06
1.048e-06
1.047e-06
1.043e-06
1.045e-06
1.046e-06
1.044e-06
1.047e-06
1.045e-06
1.048e-06
1.046e-06
1.047e-06
1.047e-06
1.049e-06
1.047e-06
1.049e-06
1.047e-06
1.051e-06
1.048e-06
1.049e-06
1.048e-06
1.049e-06
1.047e-06
1.044e-06
1.047e-06
1.048e-06
1.044e-06
1.047e-06
1.044e-06
1.046e-06
1.045e-06
1.048e-06
1.047e-06
1.047e-06
1.047e-06
1.048e-06
1.048e-06
1.049e-06
1.049e-06
1.048e-06
1.047e-06
1.049e-06
1.048e-06
1.05e-06
1.048e-06
1.048e-06
1.046e-06
1.048e-06
1.045e-06
1.044e-06
1.044e-06
1.047e-06
1.046e-06
1.046e-06
1.046e-06
1.046e-06
1.046e-06
1.048e-06
1.047e-06
1.05e-06
1.049e-06
1.05e-06
1.048e-06
1.049e-06
1.048e-06
1.048e-06
1.046e-06
1.047e-06
1.046e-06
1.047e-06
1.045e-06
1.045e-06
1.044e-06
1.046e-06
1.046e-06
1.046e-06
1.045e-06
1.047e-06
1.045e-06
1.049e-06
1.048e-06
1.051e-06
1.047e-06
1.049e-06
1.049e-06
1.05e-06
1.047e-06
1.048e-06
1.047e-06
1.049e-06
1.046e-06
1.046e-06
1.045e-06
1.046e-06
1.043e-06
1.045e-06
1.045e-06
1.047e-06
1.046e-06
1.048e-06
1.048e-06
1.049e-06
1.047e-06
1.05e-06
1.049e-06
1.05e-06
1.048e-06
1.049e-06
1.048e-06
1.05e-06
1.047e-06
1.048e-06
1.046e-06
1.045e-06
1.045e-06
1.045e-06
1.045e-06
1.046e-06
1.046e-06
1.044e-06
1.046e-06
1.048e-06
1.047e-06
1.051e-06
1.047e-06
1.05e-06
1.049e-06
1.051e-06
1.048e-06
1.051e-06
1.048e-06
1.048e-06
1.046e-06
1.047e-06
1.043e-06
1.046e-06
1.045e-06
1.045e-06
1.044e-06
1.043e-06
1.046e-06
1.049e-06
1.046e-06
1.048e-06
1.047e-06
1.05e-06
1.047e-06
1.051e-06
1.049e-06
1.049e-06
1.048e-06
1.049e-06
1.048e-06
1.048e-06
1.046e-06
1.047e-06
1.045e-06
1.047e-06
1.045e-06
1.045e-06
1.044e-06
1.047e-06
1.045e-06
1.047e-06
1.046e-06
1.048e-06
1.048e-06
1.049e-06
1.048e-06
1.049e-06
1.049e-06
1.049e-06
1.046e-06
1.048e-06
1.047e-06
1.048e-06
1.046e-06
1.047e-06
1.046e-06
1.046e-06
1.045e-06
1.047e-06
1.045e-06
1.048e-06
1.047e-06
1.048e-06
1.047e-06
1.047e-06
1.047e-06
1.049e-06
1.048e-06
1.05e-06
1.047e-06
1.05e-06
1.047e-06
1.049e-06
1.048e-06
1.049e-06
1.047e-06
1.046e-06
1.045e-06
1.047e-06
1.044e-06
1.046e-06
1.044e-06
1.047e-06
1.044e-06
1.047e-06
1.047e-06
1.049e-06
1.046e-06
1.048e-06
1.047e-06
1.049e-06
1.049e-06
1.049e-06
1.048e-06
1.048e-06
1.047e-06
1.049e-06
1.046e-06
1.048e-06
1.045e-06
1.046e-06
1.044e-06
1.047e-06
1.045e-06
1.046e-06
1.045e-06
1.047e-06
1.045e-06
1.048e-06
1.047e-06
1.049e-06
1.048e-06
1.047e-06
1.049e-06
1.051e-06
1.048e-06
1.049e-06
1.047e-06
1.049e-06
1.046e-06
1.047e-06
1.046e-06
1.047e-06
1.044e-06
1.045e-06
1.044e-06
1.046e-06
1.044e-06
1.047e-06
1.047e-06
1.047e-06
1.047e-06
1.047e-06
1.048e-06
1.052e-06
1.049e-06
1.051e-06
1.048e-06
1.05e-06
1.047e-06
1.049e-06
1.046e-06
1.047e-06
1.047e-06
1.046e-06
1.044e-06
1.046e-06
1.044e-06
1.046e-06
1.045e-06
1.047e-06
1.047e-06
1.049e-06
1.047e-06
1.05e-06
1.049e-06
1.051e-06
1.048e-06
1.049e-06
1.049e-06
1.049e-06
1.047e-06
1.048e-06
1.046e-06
1.047e-06
1.045e-06
1.045e-06
1.046e-06
1.045e-06
1.045e-06
1.046e-06
1.045e-06
1.047e-06
1.046e-06
1.05e-06
1.048e-06
1.051e-06
1.049e-06
1.051e-06
1.049e-06
1.049e-06
1.05e-06
1.049e-06
1.048e-06
1.047e-06
1.044e-06
1.047e-06
1.045e-06
1.046e-06
1.044e-06
1.046e-06
1.044e-06
1.045e-06
1.045e-06
1.049e-06
1.046e-06
1.049e-06
1.048e-06
1.051e-06
1.047e-06
1.049e-06
1.048e-06
1.05e-06
1.047e-06
1.049e-06
1.047e-06
1.047e-06
1.047e-06
1.047e-06
1.045e-06
1.045e-06
1.044e-06
1.046e-06
1.045e-06
1.048e-06
1.046e-06
1.047e-06
1.046e-06
1.05e-06
1.049e-06
1.05e-06
1.049e-06
1.051e-06
1.049e-06
1.05e-06
1.048e-06
1.049e-06
1.047e-06
1.047e-06
1.047e-06
1.046e-06
1.046e-06
1.047e-06
1.044e-06
1.046e-06
1.045e-06
1.048e-06
1.046e-06
1.046e-06
1.046e-06
1.048e-06
1.048e-06
1.048e-06
1.047e-06
1.05e-06
1.047e-06
1.049e-06
1.049e-06
1.05e-06
1.046e-06
1.047e-06
1.046e-06
1.048e-06
1.045e-06
1.046e-06
1.045e-06
1.047e-06
1.045e-06
1.046e-06
1.045e-06
1.047e-06
1.045e-06
1.048e-06
1.047e-06
1.049e-06
1.049e-06
1.049e-06
1.048e-06
1.048e-06
1.047e-06
1.049e-06
1.046e-06
1.049e-06
1.045e-06
1.045e-06
1.046e-06
1.047e-06
1.045e-06
1.046e-06
1.045e-06
1.046e-06
1.043e-06
1.047e-06
1.048e-06
1.049e-06
1.046e-06
1.048e-06
1.048e-06
1.052e-06
1.05e-06
1.051e-06
1.048e-06
1.049e-06
1.047e-06
1.048e-06
1.047e-06
1.048e-06
1.045e-06
1.047e-06
1.043e-06
1.045e-06
1.044e-06
1.047e-06
1.045e-06
1.048e-06
1.047e-06
1.046e-06
1.047e-06
1.049e-06
1.048e-06
1.051e-06
1.049e-06
1.051e-06
1.048e-06
1.049e-06
1.047e-06
1.047e-06
1.047e-06
1.047e-06
1.044e-06
1.045e-06
1.045e-06
1.045e-06
1.043e-06
1.047e-06
1.046e-06
1.049e-06
1.047e-06
1.049e-06
1.048e-06
1.05e-06
1.048e-06
1.051e-06
1.049e-06
1.05e-06
1.049e-06
1.048e-06
1.047e-06
1.047e-06
1.045e-06
1.047e-06
1.045e-06
1.046e-06
1.045e-06
1.046e-06
1.045e-06
1.045e-06
1.047e-06
1.049e-06
1.047e-06
1.049e-06
1.048e-06
1.05e-06
1.048e-06
1.049e-06
1.049e-06
1.049e-06
1.048e-06
1.048e-06
1.046e-06
1.048e-06
1.044e-06
1.046e-06
1.045e-06
1.046e-06
1.044e-06
1.047e-06
1.045e-06
1.049e-06
1.045e-06
1.048e-06
1.047e-06
1.049e-06
1.048e-06
1.049e-06
1.048e-06
1.05e-06
1.047e-06
1.049e-06
1.047e-06
1.049e-06
1.046e-06
1.047e-06
1.047e-06
1.045e-06
1.044e-06
1.047e-06
1.043e-06
1.047e-06
1.044e-06
1.047e-06
1.045e-06
1.049e-06
1.047e-06
1.049e-06
1.046e-06
1.049e-06
1.048e-06
1.05e-06
1.048e-06
1.049e-06
1.048e-06
1.048e-06
1.046e-06
1.047e-06
1.045e-06
1.047e-06
1.045e-06
1.046e-06
1.044e-06
1.047e-06
1.045e-06
1.046e-06
1.047e-06
1.048e-06
1.047e-06
1.048e-06
1.047e-06
1.049e-06
1.046e-06
1.049e-06
1.048e-06
1.05e-06
1.048e-06
1.047e-06
1.047e-06
1.048e-06
1.045e-06
1.046e-06
1.045e-06
1.047e-06
1.045e-06
1.046e-06
1.045e-06
1.046e-06
1.046e-06
1.047e-06
1.048e-06
1.048e-06
1.048e-06
1.05e-06
1.049e-06
1.049e-06
1.048e-06
1.05e-06
1.047e-06
1.05e-06
1.047e-06
1.047e-06
1.047e-06
1.047e-06
1.045e-06
1.045e-06
1.045e-06
1.045e-06
1.045e-06
1.046e-06
1.047e-06
1.047e-06
1.046e-06
1.046e-06
1.047e-06
1.05e-06
1.049e-06
1.051e-06
1.048e-06
1.049e-06
1.047e-06
1.049e-06
1.046e-06
1.049e-06
1.046e-06
1.047e-06
1.045e-06
1.046e-06
1.043e-06
1.046e-06
1.046e-06
1.047e-06
1.047e-06
1.045e-06
1.048e-06
1.05e-06
1.047e-06
1.05e-06
1.048e-06
1.051e-06
1.047e-06
1.049e-06
1.047e-06
1.048e-06
1.048e-06
1.049e-06
1.046e-06
1.047e-06
1.045e-06
1.045e-06
1.044e-06
1.045e-06
1.046e-06
1.047e-06
1.045e-06
1.049e-06
1.047e-06
1.049e-06
1.048e-06
1.05e-06
1.05e-06
1.051e-06
1.047e-06
1.049e-06
1.047e-06
1.048e-06
1.045e-06
1.047e-06
1.045e-06
1.047e-06
1.045e-06
1.046e-06
1.044e-06
1.046e-06
1.046e-06
1.048e-06
1.046e-06
1.048e-06
1.047e-06
1.05e-06
1.047e-06
1.049e-06
1.049e-06
1.05e-06
7.149e-06
1.157e-06
1.093e-06
1.084e-06
1.061e-06
1.047e-06
1.048e-06
1.048e-06
1.045e-06
1.049e-06
1.048e-06
1.048e-06
1.05e-06
1.05e-06
1.05e-06
1.049e-06
1.047e-06
1.047e-06
1.049e-06
1.048e-06
1.048e-06
1.05e-06
1.068e-06
1.048e-06
1.048e-06
1.044e-06
1.045e-06
1.041e-06
1.046e-06
1.043e-06
1.047e-06
1.048e-06
1.047e-06
1.066e-06
1.048e-06
1.048e-06
1.05e-06
1.047e-06
1.046e-06
1.05e-06
1.049e-06
1.05e-06
