#time [s]
0.000212027
0.000197615
0.000219166
0.000171232
0.000171124
0.000170649
0.000171324
0.000170752
0.000170675
0.000171307
0.000171158
0.00017056
0.000170621
0.000172421
0.000170615
0.000170613
0.000170672
0.000210624
0.000232447
0.000170605
0.000181225
0.000172044
0.000170646
0.00017062
0.000170812
0.00017049
0.000170552
0.000170549
0.000170854
0.000170605
0.000172861
0.000171001
0.000170584
0.000170584
0.000172562
0.000170651
0.000173726
0.000172884
0.000170571
0.00017212
0.00018041
0.000199092
0.000239427
0.000170644
0.000170977
0.000170633
0.000170825
0.000170563
0.00017085
0.000170547
0.000170486
0.000228753
0.000171956
0.000170756
0.000170761
0.000170629
0.000170679
0.00017058
0.000170511
0.000172815
0.000178772
0.000171932
0.000174424
0.000170688
0.000170589
0.000170589
0.000170585
0.000170675
0.000170569
0.000170649
0.000170592
0.00017266
0.000170657
0.000170675
0.000170681
0.000170664
0.000171711
0.000173526
0.000170841
0.000170714
0.000170651
0.000185879
0.000173016
0.00017107
0.000171096
0.000170879
0.000170799
0.000170944
0.000171112
0.000170907
0.000170953
0.00020028
0.000170584
0.000170663
0.000206029
0.000181201
0.000200465
0.000170678
0.000170693
0.000170689
0.000170689
0.000180278
0.000172594
0.000170822
0.000170698
0.000170645
0.000170595
0.000172747
0.000170639
0.000170684
0.000170666
0.000170685
0.000172583
0.000170643
0.000170719
0.000170708
0.000171544
0.000170764
0.000170766
0.000171216
0.000170753
0.000173132
0.000246106
0.000210236
0.000170783
0.000170799
0.000170776
0.000170905
0.000171394
0.000170975
0.000171176
0.000171154
0.00017132
0.000206903
0.000172528
0.00017087
0.000170975
0.000170698
0.000170644
0.000170581
0.000170846
0.000178784
0.000172179
0.000170827
0.000172725
0.000170723
0.000170799
0.000170716
0.000170767
0.000173522
0.000170837
0.000170588
0.000170782
0.000170776
0.00017071
0.000170751
0.000170745
0.000170708
0.00017118
0.000170748
0.000170708
0.000170704
0.000183681
0.000174422
0.000171481
0.000171441
0.00019466
0.000191545
0.000170994
0.000170606
0.000170679
0.000171175
0.000170718
0.000170673
0.000170741
0.000170643
0.000170699
0.000170675
0.000170703
0.000170724
0.000170785
0.000170769
0.000180513
0.000176911
0.000170932
0.00017088
0.00017093
0.000170814
0.000170876
0.000170839
0.000170953
0.000170811
0.000170881
0.000170938
0.000170887
0.000170779
0.000170798
0.000173849
0.000170839
0.000170855
0.00017644
0.000170871
0.000170836
0.000187556
0.00019603
0.000233841
0.000170805
0.000170645
0.000170793
0.000170632
0.000170514
0.000170531
0.000170588
0.000204063
0.000171606
0.000170696
0.000170687
0.000170601
0.000170576
0.000170543
0.000170842
0.000170526
0.000170577
0.000172302
0.000170953
0.000170736
0.000170721
0.000170602
0.000170605
0.000170761
0.000170684
0.000170601
0.000170604
0.000170597
0.000172456
0.000170704
0.000170662
0.000170658
0.000170687
0.000170724
0.000170697
0.000209132
0.000170663
0.000180847
0.000172604
0.000171125
0.000170797
0.000170709
0.000170688
0.000170696
0.000170669
0.000170602
0.00017255
0.000170698
0.000170637
0.000170683
0.000170676
0.000172806
0.000170722
0.000170737
0.000170739
0.000170804
0.000170855
0.000170846
0.000181012
0.000172713
0.00017098
0.000176303
0.000170874
0.000176531
0.000170842
0.000170841
0.000170858
0.000170884
0.00017085
0.000175421
0.00017092
0.000170815
0.000170808
0.000170838
0.000170748
0.000170818
0.000170865
0.000171192
0.000194742
0.000245141
0.000171696
0.000170926
0.000173344
0.000191158
0.000170591
0.000188952
0.000170668
0.000170614
0.00017067
0.000170631
0.000203948
0.000171033
0.000170715
0.000170638
0.000170628
0.000170567
0.000170538
0.000170901
0.000200157
0.000171534
0.000170708
0.000170745
0.000170682
0.000170589
0.000170571
0.000170544
0.000170613
0.000170527
0.000170569
0.00017278
0.00018866
0.000170575
0.000170546
0.000170667
0.000170637
0.000170621
0.000170615
0.000170647
0.000170603
0.000182398
0.000172198
0.00017078
0.000170894
0.00017068
0.000172643
0.000171022
0.000170727
0.000170762
0.000170766
0.00017083
0.000170776
0.000170794
0.0001708
0.00017075
0.000176277
0.000170659
0.000170755
0.000170887
0.00017081
0.000174307
0.000174792
0.00017162
0.000175989
0.00017088
0.000176505
0.000175598
0.000170829
0.000170886
0.000170837
0.000175366
0.000170791
0.000170701
0.000174962
0.000170875
0.000176354
0.000170813
0.00017082
0.000175832
0.00017079
0.000170812
0.000185831
0.000263004
0.000172101
0.000170955
0.000170851
0.000194691
0.000170648
0.000170616
0.00017057
0.000170647
0.000203045
0.000171861
0.000170631
0.000170696
0.000170621
0.000170587
0.000170538
0.000170564
0.000170575
0.000172245
0.000170817
0.000172795
0.000170751
0.000170689
0.000170681
0.00019137
0.000170585
0.000170523
0.000170572
0.0001706
0.000170618
0.000170521
0.000170561
0.000170601
0.000170549
0.000170575
0.000172482
0.000170602
0.000172973
0.000170823
0.000170845
0.000170769
0.000170753
0.00017069
0.000170683
0.000170936
0.000170794
0.000170744
0.000170772
0.000170742
0.00017198
0.000170778
0.000170832
0.000170799
0.000170802
0.000170834
0.000170842
0.000181039
0.000171993
0.000170883
0.000170997
0.000170945
0.000170889
0.000170851
0.000170888
0.000170866
0.000170858
0.000178603
0.000170898
0.000177135
0.000170857
0.000170854
0.000176097
0.000170891
0.000170853
0.000172951
0.000180783
0.000171855
0.000174191
0.000176447
0.000170924
0.000201732
0.000205136
0.000196663
0.000170861
0.000170756
0.000173245
0.000170647
0.000170542
0.000193478
0.000225487
0.000171975
0.000170764
0.000170677
0.000170596
0.000178568
0.000170977
0.000170667
0.000170623
0.000170593
0.000170588
0.000172423
0.000170595
0.000170592
0.00017062
0.000170564
0.000171912
0.00017862
0.000170615
0.000170623
0.000172559
0.000170616
0.000175723
0.00017063
0.000170703
0.000184149
0.000171241
0.000170882
0.000170866
0.00017077
0.000171943
0.000170848
0.000170758
0.000170791
0.000170759
0.000170774
0.000176298
0.000170764
0.000170732
0.000172737
0.000170772
0.000170742
0.00017075
0.000170818
0.000176364
0.000178617
0.000170997
0.00017588
0.000170849
0.000170806
0.000170722
0.000170768
0.000170764
0.000172792
0.000170719
0.000170712
0.000170681
0.000170732
0.000170737
0.000176025
0.000170772
0.000176149
0.000170836
0.000170782
0.000185303
0.000171304
0.000170947
0.000173876
0.000170918
0.000170812
0.00017122
0.000222019
0.000198201
0.000190767
0.000170761
0.000170738
0.000170676
0.000170595
0.000204946
0.000171402
0.000170764
0.000170709
0.000170566
0.000170588
0.00017858
0.000171028
0.000170711
0.000170672
0.000170583
0.000172438
0.000170668
0.000170565
0.000170653
0.000170616
0.000175825
0.00017062
0.000170667
0.000170653
0.000173939
0.00017075
0.000170753
0.000170729
0.000170761
0.000171691
0.000170785
0.000181884
0.000171263
0.000170853
0.000170898
0.000170932
0.000170819
0.000170868
0.000170758
0.000170837
0.000172311
0.000170759
0.000174402
0.000175985
0.000170808
0.000176315
0.000170861
0.000170854
0.000175486
0.000176256
0.000170884
0.000180906
0.00017638
0.000170935
0.000176756
0.000174717
0.000170877
0.000173804
0.000176486
0.000170857
0.000174694
0.000174993
0.000170828
0.000175752
0.000172749
0.000170867
0.000170826
0.000171891
0.000170846
0.000172989
0.000173224
0.000170882
0.000187588
0.000171438
0.000170881
0.000245684
0.00017295
0.000170888
0.000171872
0.000190017
0.000179071
0.00017072
0.000171892
0.000191949
0.000170769
0.000170652
0.000170665
0.000170616
0.000170637
0.000170642
0.000170653
0.000170624
0.000178436
0.000171276
0.000172295
0.000170816
0.000170729
0.000170675
0.000170742
0.000173615
0.000170715
0.000170725
0.00017067
0.000170667
0.000171516
0.000170742
0.000170679
0.000170778
0.000170782
0.00017084
0.000176204
0.000170807
0.000170882
0.00018397
0.00017174
0.000176875
0.000200377
0.000171021
0.000171025
0.000170961
0.000170871
0.00017073
0.000170756
0.000170694
0.000170713
0.000170707
0.000170683
0.000170719
0.000170781
0.000170785
0.000170848
0.000170801
0.000172869
0.000170849
0.00018122
0.000171653
0.000171169
0.000171754
0.000170967
0.000170854
0.000170867
0.000175853
0.000176142
0.000170895
0.000173635
0.000170883
0.000170825
0.000170809
0.000172331
0.000170809
0.000174776
0.00017625
0.000175989
0.000195746
0.000197707
0.000182397
0.00018061
0.000170916
0.000170719
0.000173023
0.000170705
0.000170672
0.000170699
0.000170681
0.000185305
0.000203074
0.000198516
0.000170736
0.000170651
0.000170632
0.000170648
0.000172967
0.000170624
0.000170566
0.000170631
0.000179246
0.00017093
0.000170766
0.000170769
0.000170728
0.000170653
0.000170665
0.000173605
0.000170753
0.000170914
0.000170727
0.000170701
0.000170738
0.000170633
0.000170748
0.00017071
0.000172796
0.000170804
0.000170796
0.000170783
0.000188687
0.000173981
0.000170976
0.000170908
0.00017433
0.000170858
0.000170849
0.000170839
0.000170828
0.000172235
0.000170792
0.000179846
0.000176354
0.000170823
0.000171832
0.000170832
0.000175428
0.000194368
0.000170791
0.000170775
0.00017082
0.000180634
0.000171164
0.000170874
0.000170853
0.000170786
0.000170713
0.000170789
0.000170749
0.000170845
0.000170757
0.000170852
0.000170797
0.000172803
0.000170922
0.000170884
0.000170874
0.00017087
0.000172616
0.000170901
0.0002303
0.000230483
0.000171368
0.000170919
0.000170929
0.000170799
0.000170708
0.00017073
0.000170665
0.000170701
0.000170722
0.000204111
0.000171058
0.000170796
0.000170694
0.000170637
0.000170604
0.000170609
0.000170626
0.000170606
0.000178725
0.000171077
0.000170744
0.000170618
0.000170736
0.000170693
0.000170667
0.000171336
0.000170694
0.000170611
0.000170629
0.000170665
0.000172587
0.000170695
0.000170684
0.000170732
0.000170719
0.00017255
0.000170791
0.0001707
0.000185405
0.000173221
0.000170948
0.000170955
0.00017088
0.000173902
0.000170891
0.000170844
0.000176315
0.000170765
0.00017625
0.000174061
0.000170846
0.000176218
0.000170804
0.000170767
0.000176405
0.000170827
0.000170739
0.000180757
0.000171297
0.000170946
0.000176274
0.000170885
0.000176468
0.000170835
0.000170771
0.000170812
0.000170841
0.000176327
0.000176255
0.000170828
0.000170815
0.000176001
0.000170868
0.000170872
0.000170832
0.000175194
0.000183729
0.000171253
0.000170975
0.0001758
0.000192495
0.000216872
0.000212939
0.000170837
0.000213677
0.000227246
0.000211677
0.000214254
0.000226229
0.000212708
0.000235124
0.000219069
0.000214192
0.000228116
0.00018661
0.000207202
0.000191411
0.000223079
0.000212336
0.000230796
0.000193268
0.000190044
0.00019222
0.000206901
0.000208575
0.000208247
0.000213312
0.000211147
0.000226579
0.000205067
0.00024418
0.000229222
0.000211986
0.000220437
0.000207969
0.000205568
0.000229723
0.000184893
0.00020439
0.000170612
0.000229796
0.000215173
0.000224982
0.000213836
0.000224206
0.000192951
0.000250914
0.000235057
0.000220613
0.00023135
0.000204045
0.000210402
0.000192488
0.000208969
0.000204839
0.000206732
0.000231032
0.000170603
0.000237553
0.00020908
0.00022487
0.000211735
0.00020717
0.000214437
0.000228559
0.000206565
0.000209708
0.000221442
0.000251965
0.000198077
0.000230989
0.000191332
0.000208871
0.000171934
0.000208097
0.000190896
0.000205712
0.00021346
0.000206594
0.000207544
0.000209786
0.000204298
0.000227646
0.000219384
0.000238724
0.000207771
0.000225033
0.000208956
0.000230593
0.000205158
0.000219359
0.000192774
0.000230182
0.00017066
0.000237906
0.00021597
0.000207546
0.000230583
0.000217674
0.00021205
0.000219044
0.000205905
0.000217184
0.000217899
0.000198239
0.000233233
0.00021315
0.000217136
0.000213944
0.00022736
0.000224534
0.000211121
0.000215545
0.000206014
0.000212919
0.0002089
0.000221881
0.000170599
0.000229598
0.000191438
0.000210374
0.000207779
0.00019771
0.00022346
0.000201997
0.000239307
0.000210154
0.000227984
0.000209293
0.000203775
0.000224091
0.000190571
0.000284819
0.000213623
0.000188875
0.000210159
0.000192884
0.000231865
0.000217204
0.000202719
0.000201239
0.000204161
0.000203608
0.000221792
0.000247294
0.000225256
0.000213577
0.000226736
0.000190132
0.000229093
0.000189835
0.000207662
0.000190019
