#time [s]
0.0004507
0.000371763
0.00037889
0.00038222
0.000459767
0.000369434
0.000369161
0.000380532
0.000369516
0.000414793
0.000369729
0.00037958
0.000369463
0.00037118
0.000369428
0.000376002
0.000370073
0.000371197
0.000371125
0.000373186
0.000387388
0.000374665
0.000372344
0.00037238
0.000377676
0.000372216
0.000372244
0.000431485
0.000369462
0.000369384
0.000371697
0.000369257
0.000369285
0.000371567
0.000374081
0.000372114
0.000379621
0.000373153
0.000372257
0.000374639
0.000492832
0.000370015
0.000369166
0.000369054
0.000405691
0.000369152
0.000371071
0.000377738
0.0003693
0.000371038
0.000369858
0.000372772
0.000379024
0.000372661
0.000371929
0.000371871
0.000394012
0.000373524
0.000370824
0.000370767
0.000370929
0.000395861
0.000420882
0.000394853
0.000369533
0.000379111
0.000369513
0.00036931
0.000371336
0.000370101
0.000372271
0.000371155
0.000373033
0.000372259
0.000384194
0.000373718
0.000384013
0.000496313
0.000369379
0.000369106
0.000403878
0.000369228
0.000369092
0.000377685
0.00036917
0.00037099
0.000369726
0.000371817
0.000370969
0.00037888
0.000371942
0.000377039
0.000388115
0.000373613
0.000375394
0.000398507
0.00036918
0.000369116
0.000369082
0.000369039
0.000369111
0.000371671
0.000370312
0.000375053
0.000370887
0.000373052
0.00037721
0.000373987
0.000373522
0.000370963
0.000370877
0.000380718
0.000375981
0.000490851
0.000369225
0.000369147
0.000369262
0.000369083
0.000369076
0.00036904
0.000377227
0.000371209
0.000369829
0.000372744
0.000370775
0.000372861
0.000377349
0.000373852
0.000378885
0.000396054
0.000369383
0.000368993
0.000368989
0.000369094
0.00037086
0.000369844
0.000369829
0.000370809
0.00037078
0.000383504
0.000372033
0.000374014
0.000371846
0.000371933
0.000371848
0.000371914
0.000371807
0.000378536
0.000383848
0.00037785
0.000392098
0.000371145
0.000369075
0.000379632
0.00036928
0.000370885
0.000369072
0.00037127
0.000377463
0.000370074
0.000369891
0.000376132
0.000370803
0.000375156
0.000386921
0.000370895
0.000370811
0.000384408
0.000370976
0.000372811
0.000371989
0.000392567
0.00036922
0.000369086
0.000369185
0.000369141
0.000382641
0.000372159
0.000372061
0.00037099
0.000372844
0.000372121
0.000372106
0.000373588
0.000372157
0.000382433
0.000477797
0.000369345
0.00036904
0.000369017
0.000402152
0.000369249
0.000369157
0.000369064
0.000377286
0.000369203
0.000369926
0.000369838
0.000395668
0.000370712
0.000372851
0.000371925
0.000373883
0.000373741
0.000370812
0.000370709
0.000370822
0.000370834
0.000370752
0.000377211
0.000371915
0.000384438
0.0003722
0.000377157
0.000371947
0.000372028
0.000371959
0.000373327
0.000371789
0.000371896
0.000381656
0.000372088
0.000371909
0.000436706
0.000371044
0.000397529
0.00036928
0.000423976
0.000369404
0.00037755
0.000369297
0.000369119
0.000371142
0.000369891
0.000369871
0.000373836
0.000370927
0.00037201
0.000391852
0.000374361
0.000373315
0.000370921
0.000375992
0.000370859
0.000379336
0.000370811
0.000371938
0.000381926
0.000374191
0.000371932
0.000372103
0.000371882
0.000372031
0.000371999
0.000373407
0.000373423
0.000370914
0.000380191
0.00037107
0.000370936
0.000488495
0.00036918
0.000369135
0.00040166
0.000369203
0.000369016
0.000377438
0.000369247
0.000371051
0.000369625
0.000372703
0.000370618
0.000372662
0.000371867
0.000374036
0.000373256
0.000371065
0.000370883
0.000370777
0.000370776
0.000370765
0.000371862
0.000371857
0.000373875
0.000371841
0.00038193
0.000372063
0.000371973
0.000371936
0.000373289
0.000371927
0.000371844
0.000371968
0.00037189
0.000371801
0.00038581
0.000441173
0.000369179
0.000369023
0.000369003
0.000369326
0.000369062
0.000369013
0.000368898
0.000377286
0.000371092
0.00036989
0.000371783
0.000370774
0.000372805
0.000371921
0.000374113
0.000373262
0.000370832
0.000371191
0.000370863
0.000370818
0.000370793
0.000371925
0.000371881
0.000373323
0.000371991
0.000371812
0.000381767
0.000372085
0.000371899
0.00037337
0.000371911
0.000371971
0.000371929
0.000371856
0.000371874
0.000385222
0.000456217
0.000369221
0.00036913
0.000369
0.000403463
0.000369265
0.00036912
0.000368992
0.000369042
0.000377488
0.000369983
0.000369924
0.000372886
0.00037087
0.00037289
0.000371879
0.000373965
0.00037316
0.000388395
0.000375399
0.000373333
0.000373302
0.000368999
0.000369084
0.00036899
0.000369056
0.00036897
0.000369762
0.000379184
0.000372293
0.00037075
0.00037283
0.000371919
0.000373993
0.000373262
0.000370792
0.000370726
0.000473146
0.00036925
0.000369076
0.000369083
0.000368936
0.000402497
0.000369314
0.000369092
0.000377529
0.000369179
0.000369034
0.000369828
0.000369926
0.000372792
0.000370833
0.00037284
0.000372004
0.000388177
0.000372066
0.000369104
0.000369049
0.000369071
0.000369093
0.00036901
0.000371621
0.000369799
0.000381836
0.000370994
0.00037277
0.000371938
0.000374079
0.000373354
0.000370869
0.000370828
0.000370799
0.00038029
0.000370959
0.000371902
0.000439161
0.000669808
0.000686093
0.000369641
0.000369128
0.000377895
0.000369176
0.000369054
0.000368864
0.000368989
0.000377927
0.000369746
0.00038014
0.000370711
0.000387258
0.000372178
0.000373964
0.000373257
0.000370768
0.000370761
0.000370745
0.000370765
0.000370665
0.000381978
0.000372084
0.000374003
0.000371956
0.000371879
0.000371845
0.000369007
0.000368949
0.000368964
0.000368998
0.000378158
0.000380894
0.000399136
0.00036898
0.000370829
0.000369224
0.000371111
0.000368995
0.000368913
0.000377276
0.000377262
0.000369811
0.000380385
0.000370695
0.000372726
0.000371808
0.000373856
0.000373173
0.000370687
0.000377039
0.000370804
0.00037075
0.000370753
0.000371869
0.000371961
0.000373937
0.0003732
0.000370753
0.0003805
0.000370849
0.00037076
0.000370786
0.000371833
0.000371881
0.000373877
0.000371891
0.000371795
0.000434741
0.000373822
0.000370954
0.00036913
0.000369171
0.000369142
0.000373922
0.000381002
0.0003741
0.000382295
0.000380067
0.000372417
0.000375832
0.000371869
0.000376295
0.000372841
0.000374484
0.000376713
0.000373893
0.000376924
0.000370833
0.000370753
0.000370896
0.000379186
0.000372046
0.000371914
0.000376353
0.000377488
0.000372059
0.00037206
0.000372033
0.000371978
0.000373368
0.0003773
0.00037203
0.000371997
0.000382244
0.000372176
0.000451277
0.000377233
0.000370799
0.000373995
0.000457438
0.000369214
0.000368962
0.000379405
0.000369273
0.000372895
0.000369748
0.000369737
0.000370719
0.000370721
0.000371865
0.000371888
0.000389098
0.000372078
0.000371977
0.000369002
0.000373608
0.000371522
0.000369056
0.000371432
0.000384153
0.000384031
0.000385392
0.000370925
0.000372707
0.000372064
0.000374019
0.000373376
0.000375645
0.000370863
0.000370874
0.000380351
0.000407377
0.000369318
0.000369088
0.000381854
0.000369173
0.000368997
0.000371015
0.000369803
0.000388594
0.000371007
0.000372939
0.000371977
0.00037406
0.000373335
0.000370753
0.000370781
0.000370785
0.000375938
0.00037117
0.000379721
0.000371879
0.000378695
0.000371915
0.000376998
0.000371888
0.00037193
0.000371921
0.000383649
0.000371996
0.000371863
0.00037727
0.00037184
0.000371949
0.000373335
0.000371958
0.000371942
0.000437329
0.000369385
0.000369007
0.000369087
0.000392349
0.00040754
0.000369872
0.000369199
0.000369255
0.000369173
0.00036952
0.000369991
0.000369996
0.000371888
0.000370865
0.000372989
0.000372054
0.000374022
0.000373455
0.000387903
0.000371217
0.000370893
0.000370925
0.00037087
0.000379038
0.000372001
0.000377281
0.000374007
0.000382217
0.00037218
0.000371962
0.000372152
0.000372101
0.000373468
0.000371942
0.000372099
0.000371976
0.000372063
0.000470094
0.000372685
0.000369024
0.000368933
0.00036885
0.000402593
0.000369159
0.000368968
0.000369042
0.000377288
0.000371083
0.000369776
0.000372774
0.000370668
0.000372831
0.000371907
0.000373934
0.000373175
0.000384032
0.000371005
0.000370749
0.000370692
0.000370759
0.000371815
0.000371798
0.000374019
0.000373173
0.000370749
0.000371075
0.000370751
0.000370783
0.000370789
0.000371803
0.000371869
0.00037386
0.000371848
0.000371878
0.000393308
0.000422137
0.000418377
0.000419379
0.000369477
0.000369758
0.00036921
0.000369301
0.000369221
0.000377988
0.00037028
0.000370094
0.000372971
0.00037088
0.000372918
0.000372201
0.000374153
0.000373542
0.000384518
0.000371263
0.000371019
0.00037101
0.000371054
0.000369181
0.000369279
0.000369172
0.000369235
0.000369189
0.000380917
0.000370127
0.000372094
0.000371035
0.000372918
0.000372175
0.000372251
0.000373474
0.000372071
0.000430623
0.000369352
0.000369129
0.000369135
0.000369256
0.000379734
0.00036935
0.000369251
0.000369173
0.000379571
0.000369313
0.000369925
0.000370039
0.000380078
0.000370849
0.000378166
0.000372001
0.00037035
0.00037037
0.000370782
0.000370356
0.000370316
0.000371494
0.000371387
0.000373444
0.00037269
0.000374682
0.000372632
0.00038834
0.000372979
0.000377941
0.000369053
0.000370881
0.0003691
0.000371143
0.000368996
0.000369889
0.000379327
0.000442135
0.000369873
0.000369093
0.000369203
0.00040228
0.000369253
0.000369106
0.000369061
0.000368958
0.000379406
0.000370046
0.000369924
0.000370841
0.000370821
0.000372835
0.000371951
0.000374024
0.000377313
0.000385989
0.00037741
0.000371952
0.000372003
0.000373385
0.000371901
0.00037203
0.000371942
0.000372017
0.000372005
0.000373785
0.000373492
0.00037517
0.000373365
0.00036914
0.000370962
0.000368979
0.000369013
0.000369038
0.000452175
0.000369262
0.00039149
0.000369338
0.000369218
0.000421671
0.000371341
0.000369151
0.000369154
0.00037736
0.00037306
0.000369908
0.000369966
0.000376136
0.000370895
0.000377262
0.000372031
0.000374172
0.000372027
0.000372458
0.000372116
0.000372043
0.000371987
0.000373436
0.000371935
0.000372049
0.00037197
0.000371946
0.000382062
0.000373577
0.000373421
0.000375556
0.000373338
0.000369067
0.000369007
0.000369073
0.000369029
0.00037841
0.000450249
0.000369282
0.000369059
0.000369073
0.000402644
0.0003692
0.00036911
0.00036902
0.000369054
0.000379285
0.000374002
0.000371925
0.000370886
0.000370702
0.000371957
0.000371885
0.000379425
0.000371882
0.000391184
0.000372164
0.000371913
0.000371978
0.000373343
0.00037197
0.000371935
0.000371876
0.000371762
0.000371926
0.000373674
0.000371976
0.000371907
0.000369097
0.000368962
0.000369124
0.000368935
0.000369067
0.000370924
0.000476048
0.000396508
0.000369145
0.000369025
0.000369085
0.000401857
0.000369144
0.000368985
0.000369008
0.000377164
0.000377106
0.00036987
0.00037988
0.000398666
0.000368986
0.000369006
0.000370841
0.00036902
0.000376806
0.000370288
0.000380402
0.000370912
0.000372791
0.000371951
0.000374187
0.00037336
0.000370735
0.000376001
0.000380398
0.000371081
0.000370955
0.000372049
0.00037186
0.000373284
0.00037206
0.000371894
0.000371929
0.000387446
0.000462111
0.000381984
0.000369134
0.000369165
0.000395033
0.000369011
0.000369077
0.000369081
0.000377216
0.00037729
0.000369918
0.000380177
0.000370905
0.000372807
0.000372004
0.000374001
0.000373361
0.000370876
0.000384916
0.000371031
0.000370793
0.000370847
0.000372009
0.000372001
0.000375032
0.000371991
0.000371979
0.000382243
0.000372128
0.000371961
0.000378947
0.000371912
0.000377219
0.000371964
0.000371854
0.000371973
0.000403344
0.000391344
0.000371215
0.000369042
0.00037083
0.000369071
0.000372148
0.000369043
0.000369015
0.000369006
0.000377293
0.000371502
0.000369869
0.000371802
0.000396246
0.000369823
0.000369823
0.000369769
0.000369741
0.000385185
0.000370974
0.000372788
0.000371932
0.000373892
0.000373268
0.000370841
0.000370805
0.000379131
0.000380281
0.000371022
0.000371967
0.000372003
0.000374006
0.000377183
0.000371941
0.000371977
0.000371946
0.000371951
0.000394753
0.000415178
0.000369394
0.000369348
0.00041322
0.000369713
0.000426582
0.000373803
0.000369457
0.000378801
0.000369665
0.000369607
0.000370059
0.0003697
0.000369541
0.000369547
0.000369494
0.000372121
0.000389327
0.000369723
0.000375168
0.000370167
0.000380101
0.000371072
0.000373214
0.000372259
0.000374319
0.000398055
0.000371747
0.000369528
0.000371518
0.000369342
0.000369327
0.000370137
0.00037023
0.000372185
0.000371166
0.000458583
