#time [s]
2.246e-06
2.219e-06
2.175e-06
2.169e-06
2.157e-06
2.141e-06
2.144e-06
2.143e-06
2.139e-06
2.154e-06
2.142e-06
2.153e-06
2.132e-06
2.132e-06
2.135e-06
2.159e-06
2.136e-06
2.14e-06
2.144e-06
2.139e-06
2.155e-06
2.14e-06
2.137e-06
2.154e-06
2.132e-06
2.136e-06
2.14e-06
2.137e-06
2.139e-06
2.14e-06
2.142e-06
2.139e-06
2.133e-06
2.136e-06
2.134e-06
2.131e-06
2.136e-06
2.14e-06
2.135e-06
2.144e-06
2.139e-06
2.139e-06
2.134e-06
2.137e-06
2.13e-06
2.135e-06
2.131e-06
2.139e-06
2.134e-06
2.138e-06
2.138e-06
2.14e-06
2.137e-06
2.141e-06
2.133e-06
2.137e-06
2.128e-06
2.137e-06
2.132e-06
2.137e-06
2.136e-06
2.146e-06
2.136e-06
2.14e-06
2.134e-06
2.138e-06
2.13e-06
2.132e-06
2.13e-06
2.14e-06
2.134e-06
2.141e-06
2.138e-06
2.142e-06
2.136e-06
2.137e-06
2.132e-06
2.138e-06
2.13e-06
2.135e-06
2.133e-06
2.138e-06
2.136e-06
2.14e-06
2.138e-06
2.142e-06
2.134e-06
2.137e-06
2.229e-06
2.135e-06
2.137e-06
2.138e-06
2.138e-06
2.142e-06
2.143e-06
2.144e-06
2.136e-06
2.138e-06
2.132e-06
2.138e-06
2.13e-06
2.133e-06
2.133e-06
2.14e-06
2.136e-06
2.143e-06
2.137e-06
2.142e-06
2.133e-06
2.134e-06
2.13e-06
2.136e-06
2.131e-06
2.138e-06
2.134e-06
2.143e-06
2.139e-06
2.139e-06
2.137e-06
2.14e-06
2.131e-06
2.135e-06
2.13e-06
2.138e-06
2.133e-06
2.138e-06
2.136e-06
2.145e-06
2.138e-06
2.14e-06
2.133e-06
2.14e-06
2.13e-06
2.132e-06
2.132e-06
2.14e-06
2.135e-06
2.141e-06
2.138e-06
2.144e-06
2.135e-06
2.136e-06
2.132e-06
2.137e-06
2.129e-06
2.135e-06
2.132e-06
2.142e-06
2.136e-06
2.14e-06
2.136e-06
2.142e-06
2.133e-06
2.136e-06
2.13e-06
2.136e-06
2.131e-06
2.135e-06
2.135e-06
2.143e-06
2.138e-06
2.142e-06
2.135e-06
2.141e-06
2.131e-06
2.133e-06
2.129e-06
2.138e-06
2.133e-06
2.14e-06
2.137e-06
2.145e-06
2.137e-06
2.138e-06
2.134e-06
2.139e-06
2.128e-06
2.134e-06
2.132e-06
2.14e-06
2.135e-06
2.14e-06
2.138e-06
2.143e-06
2.135e-06
2.138e-06
2.131e-06
2.136e-06
2.13e-06
2.134e-06
2.132e-06
2.138e-06
2.138e-06
2.145e-06
2.142e-06
2.138e-06
2.132e-06
2.133e-06
2.129e-06
2.132e-06
2.131e-06
2.138e-06
2.135e-06
2.14e-06
2.137e-06
2.14e-06
2.135e-06
2.136e-06
2.132e-06
2.136e-06
2.136e-06
2.138e-06
2.139e-06
2.141e-06
2.141e-06
2.146e-06
2.142e-06
2.137e-06
2.137e-06
2.138e-06
2.135e-06
2.134e-06
2.135e-06
2.136e-06
2.139e-06
2.145e-06
2.14e-06
2.139e-06
2.14e-06
2.136e-06
2.13e-06
2.132e-06
2.138e-06
2.137e-06
2.133e-06
2.141e-06
2.144e-06
2.159e-06
2.142e-06
2.141e-06
2.139e-06
2.135e-06
2.129e-06
2.135e-06
2.138e-06
2.155e-06
2.141e-06
2.139e-06
2.14e-06
2.139e-06
2.14e-06
2.138e-06
2.134e-06
2.136e-06
2.131e-06
2.135e-06
2.133e-06
2.141e-06
2.137e-06
2.141e-06
2.136e-06
2.138e-06
2.132e-06
2.134e-06
2.129e-06
2.134e-06
2.132e-06
2.14e-06
2.141e-06
2.144e-06
2.143e-06
2.139e-06
2.139e-06
2.134e-06
2.13e-06
2.135e-06
2.13e-06
2.139e-06
2.134e-06
2.138e-06
2.137e-06
2.145e-06
2.136e-06
2.141e-06
2.132e-06
2.137e-06
2.129e-06
2.132e-06
2.132e-06
2.141e-06
2.135e-06
2.145e-06
2.138e-06
2.143e-06
2.14e-06
2.14e-06
2.131e-06
2.132e-06
2.139e-06
2.137e-06
2.136e-06
2.143e-06
2.145e-06
2.142e-06
2.136e-06
2.141e-06
2.14e-06
2.136e-06
2.129e-06
2.135e-06
2.137e-06
2.135e-06
2.142e-06
2.141e-06
2.171e-06
2.153e-06
2.155e-06
2.134e-06
2.134e-06
2.136e-06
2.131e-06
2.139e-06
2.141e-06
2.143e-06
2.138e-06
2.143e-06
2.14e-06
2.135e-06
2.137e-06
2.132e-06
2.154e-06
2.138e-06
2.133e-06
2.14e-06
2.141e-06
2.139e-06
2.142e-06
2.138e-06
2.156e-06
2.136e-06
2.13e-06
2.134e-06
2.135e-06
2.134e-06
2.139e-06
2.159e-06
2.16e-06
2.143e-06
2.136e-06
2.136e-06
2.14e-06
2.132e-06
2.134e-06
2.134e-06
2.139e-06
2.142e-06
2.138e-06
2.144e-06
2.142e-06
2.141e-06
2.14e-06
2.134e-06
2.151e-06
2.134e-06
2.13e-06
2.138e-06
2.139e-06
2.142e-06
2.144e-06
2.139e-06
2.157e-06
2.137e-06
2.138e-06
2.135e-06
2.132e-06
2.137e-06
2.137e-06
2.143e-06
2.136e-06
2.143e-06
2.137e-06
2.142e-06
2.133e-06
2.135e-06
2.13e-06
2.137e-06
2.131e-06
2.137e-06
2.135e-06
2.144e-06
2.138e-06
2.139e-06
2.134e-06
2.14e-06
2.132e-06
2.134e-06
2.13e-06
2.138e-06
2.134e-06
2.138e-06
2.137e-06
2.145e-06
2.137e-06
2.139e-06
2.134e-06
2.138e-06
2.13e-06
8.312e-06
2.249e-06
2.22e-06
2.197e-06
2.185e-06
2.139e-06
2.142e-06
2.137e-06
2.137e-06
2.136e-06
2.139e-06
2.158e-06
2.144e-06
2.143e-06
2.146e-06
2.141e-06
2.142e-06
2.136e-06
2.136e-06
2.131e-06
2.134e-06
2.136e-06
2.141e-06
2.14e-06
2.145e-06
2.157e-06
2.136e-06
2.134e-06
2.136e-06
2.151e-06
2.133e-06
2.151e-06
2.138e-06
2.156e-06
2.14e-06
2.138e-06
2.138e-06
2.14e-06
2.135e-06
2.135e-06
2.152e-06
2.131e-06
2.134e-06
2.138e-06
2.141e-06
2.139e-06
2.144e-06
2.14e-06
2.137e-06
2.138e-06
2.137e-06
2.151e-06
2.135e-06
2.137e-06
2.141e-06
2.14e-06
2.142e-06
2.143e-06
2.159e-06
2.142e-06
2.155e-06
2.135e-06
2.138e-06
2.13e-06
2.136e-06
2.14e-06
2.156e-06
2.146e-06
2.146e-06
2.142e-06
2.141e-06
2.157e-06
2.138e-06
2.139e-06
2.134e-06
2.137e-06
2.138e-06
2.139e-06
2.145e-06
2.144e-06
2.142e-06
2.143e-06
2.138e-06
2.139e-06
2.136e-06
2.136e-06
2.139e-06
2.137e-06
2.14e-06
2.144e-06
2.144e-06
2.145e-06
2.141e-06
2.141e-06
2.138e-06
2.136e-06
2.138e-06
2.135e-06
2.138e-06
2.14e-06
2.144e-06
2.142e-06
2.142e-06
2.142e-06
2.153e-06
2.139e-06
2.152e-06
2.13e-06
2.14e-06
2.134e-06
2.141e-06
2.146e-06
2.171e-06
2.141e-06
2.141e-06
2.141e-06
2.137e-06
2.135e-06
2.134e-06
2.157e-06
2.137e-06
2.142e-06
2.139e-06
2.143e-06
2.141e-06
2.155e-06
2.136e-06
2.151e-06
2.133e-06
2.15e-06
2.137e-06
2.137e-06
2.144e-06
2.144e-06
2.146e-06
2.14e-06
2.138e-06
2.141e-06
2.137e-06
2.153e-06
2.136e-06
2.152e-06
2.139e-06
2.142e-06
2.14e-06
2.146e-06
2.137e-06
2.137e-06
2.134e-06
2.134e-06
2.131e-06
2.134e-06
2.133e-06
2.141e-06
2.138e-06
2.142e-06
2.142e-06
2.14e-06
2.139e-06
2.136e-06
2.133e-06
2.136e-06
2.132e-06
2.137e-06
2.142e-06
2.157e-06
2.142e-06
2.158e-06
2.14e-06
2.154e-06
2.137e-06
2.132e-06
2.138e-06
2.137e-06
2.142e-06
2.138e-06
2.141e-06
2.143e-06
2.143e-06
2.144e-06
2.14e-06
2.137e-06
2.138e-06
2.136e-06
2.138e-06
2.136e-06
2.159e-06
2.143e-06
2.142e-06
2.144e-06
2.138e-06
2.139e-06
2.134e-06
2.131e-06
2.136e-06
2.135e-06
2.136e-06
2.137e-06
2.16e-06
2.146e-06
2.143e-06
2.139e-06
2.14e-06
2.134e-06
2.133e-06
2.134e-06
2.135e-06
2.137e-06
2.137e-06
2.143e-06
2.142e-06
2.138e-06
2.136e-06
2.136e-06
2.129e-06
2.132e-06
2.132e-06
2.139e-06
2.137e-06
2.136e-06
2.138e-06
2.14e-06
2.138e-06
2.138e-06
2.134e-06
2.135e-06
2.134e-06
2.157e-06
2.135e-06
2.134e-06
2.138e-06
2.136e-06
2.141e-06
2.14e-06
2.155e-06
2.134e-06
2.136e-06
2.129e-06
2.133e-06
2.131e-06
2.137e-06
2.14e-06
2.158e-06
2.138e-06
2.141e-06
2.134e-06
2.136e-06
2.131e-06
2.132e-06
2.134e-06
2.152e-06
2.135e-06
2.14e-06
2.137e-06
2.142e-06
2.135e-06
2.137e-06
2.138e-06
2.152e-06
2.129e-06
2.135e-06
2.132e-06
2.137e-06
2.134e-06
2.14e-06
2.143e-06
2.158e-06
2.135e-06
2.137e-06
2.13e-06
2.133e-06
2.13e-06
2.135e-06
2.139e-06
2.156e-06
2.137e-06
2.143e-06
2.135e-06
2.137e-06
2.132e-06
2.133e-06
2.133e-06
2.153e-06
2.132e-06
2.139e-06
2.135e-06
2.141e-06
2.138e-06
2.139e-06
2.139e-06
2.154e-06
2.131e-06
2.133e-06
2.13e-06
2.135e-06
2.134e-06
2.139e-06
2.138e-06
2.142e-06
2.137e-06
2.139e-06
2.133e-06
2.134e-06
2.129e-06
2.134e-06
2.138e-06
2.156e-06
2.136e-06
2.143e-06
2.137e-06
2.14e-06
2.134e-06
2.135e-06
2.135e-06
2.15e-06
2.131e-06
2.138e-06
2.134e-06
2.14e-06
2.137e-06
2.141e-06
2.14e-06
2.156e-06
2.133e-06
2.135e-06
2.129e-06
2.134e-06
2.131e-06
2.138e-06
2.14e-06
2.159e-06
2.139e-06
2.141e-06
2.134e-06
2.135e-06
2.129e-06
2.132e-06
2.136e-06
2.154e-06
2.135e-06
2.141e-06
2.138e-06
2.141e-06
2.135e-06
2.137e-06
2.136e-06
2.152e-06
2.129e-06
2.136e-06
2.132e-06
2.137e-06
2.136e-06
2.141e-06
2.142e-06
2.157e-06
2.134e-06
2.138e-06
2.13e-06
2.132e-06
2.131e-06
2.136e-06
2.138e-06
2.157e-06
2.139e-06
2.142e-06
2.135e-06
2.136e-06
2.131e-06
2.133e-06
2.135e-06
2.153e-06
2.133e-06
2.139e-06
2.136e-06
2.142e-06
2.137e-06
2.138e-06
2.139e-06
2.153e-06
2.13e-06
2.135e-06
2.13e-06
2.137e-06
2.134e-06
2.139e-06
2.144e-06
2.14e-06
2.161e-06
2.132e-06
2.135e-06
2.136e-06
2.132e-06
2.134e-06
2.138e-06
2.138e-06
2.144e-06
2.142e-06
2.14e-06
2.139e-06
2.136e-06
2.134e-06
2.136e-06
2.133e-06
2.136e-06
2.135e-06
2.138e-06
2.136e-06
2.14e-06
2.14e-06
2.141e-06
2.137e-06
2.137e-06
2.133e-06
2.132e-06
2.135e-06
2.137e-06
2.138e-06
2.143e-06
2.142e-06
2.141e-06
2.135e-06
2.136e-06
2.137e-06
2.135e-06
2.134e-06
2.138e-06
2.135e-06
2.143e-06
2.14e-06
2.143e-06
2.142e-06
2.158e-06
2.136e-06
2.135e-06
2.131e-06
2.135e-06
2.136e-06
2.153e-06
2.138e-06
2.138e-06
2.139e-06
2.143e-06
2.138e-06
2.133e-06
2.134e-06
2.133e-06
2.136e-06
2.138e-06
2.139e-06
2.155e-06
2.141e-06
2.164e-06
2.141e-06
2.139e-06
2.137e-06
2.134e-06
2.134e-06
2.137e-06
2.136e-06
2.156e-06
2.135e-06
2.141e-06
2.136e-06
2.139e-06
2.139e-06
2.137e-06
2.134e-06
2.135e-06
2.134e-06
2.156e-06
2.137e-06
2.158e-06
2.141e-06
2.141e-06
2.138e-06
2.135e-06
2.137e-06
2.135e-06
2.151e-06
2.13e-06
2.135e-06
2.137e-06
2.139e-06
2.139e-06
2.14e-06
2.14e-06
2.14e-06
2.138e-06
2.137e-06
2.155e-06
2.135e-06
2.141e-06
2.139e-06
2.141e-06
2.139e-06
2.145e-06
2.142e-06
2.142e-06
2.138e-06
2.135e-06
2.136e-06
2.138e-06
2.138e-06
2.141e-06
2.143e-06
2.163e-06
2.143e-06
2.157e-06
2.135e-06
2.134e-06
2.134e-06
2.136e-06
2.134e-06
2.138e-06
2.139e-06
2.14e-06
2.142e-06
2.143e-06
2.142e-06
2.139e-06
2.137e-06
2.138e-06
2.134e-06
2.137e-06
2.138e-06
2.137e-06
2.144e-06
2.143e-06
2.158e-06
2.14e-06
2.141e-06
2.134e-06
2.137e-06
2.135e-06
2.136e-06
2.138e-06
2.141e-06
2.14e-06
2.144e-06
2.143e-06
2.157e-06
2.139e-06
2.138e-06
2.138e-06
2.149e-06
2.14e-06
2.138e-06
2.138e-06
2.142e-06
2.143e-06
2.144e-06
2.141e-06
2.14e-06
2.14e-06
2.135e-06
2.138e-06
2.136e-06
2.138e-06
2.144e-06
2.144e-06
2.144e-06
2.144e-06
2.14e-06
2.154e-06
2.137e-06
2.148e-06
2.135e-06
2.15e-06
2.139e-06
2.155e-06
2.144e-06
2.141e-06
2.144e-06
2.142e-06
2.14e-06
2.132e-06
2.136e-06
2.134e-06
2.137e-06
2.137e-06
2.139e-06
2.146e-06
2.144e-06
2.141e-06
2.141e-06
2.137e-06
2.137e-06
2.138e-06
2.134e-06
2.137e-06
2.142e-06
2.142e-06
2.144e-06
