#time [s]
0.000943775
0.000927855
0.000922044
0.000938121
0.000923739
0.000923086
0.000929784
0.00092159
0.0009323
0.000921493
0.000922531
0.000929715
0.000946334
0.000937956
0.000932005
0.000937809
0.000933156
0.000925843
0.000927221
0.000921674
0.000922881
0.000935771
0.000923548
0.000927125
0.000923936
0.000942311
0.000936143
0.000924864
0.000922606
0.000936251
0.000930353
0.000954606
0.001067453
0.001129682
0.001064964
0.000934605
0.000922088
0.00092343
0.00092443
0.000939943
0.000925161
0.000922778
0.000927434
0.00092419
0.000921647
0.00092285
0.000934186
0.001019796
0.000929405
0.000957127
0.000960889
0.000926042
0.000947299
0.000924773
0.000921909
0.000924452
0.000926809
0.000923056
0.000927533
0.000929361
0.000930488
0.000921379
0.00092507
0.000938809
0.000924101
0.00092519
0.000922774
0.00095238
0.000942775
0.000923247
0.000927919
0.000930406
0.000921267
0.000935223
0.000924018
0.000923612
0.00092169
0.000922155
0.000930018
0.000924417
0.000922781
0.000922979
0.000929828
0.001096481
0.000937124
0.00113053
0.000922771
0.000924541
0.000933906
0.000928153
0.000927423
0.000925203
0.000930038
0.000934246
0.000960899
0.000947804
0.000934276
0.000934664
0.000943545
0.000945118
0.000967583
0.000926743
0.00092561
0.000927129
0.000945143
0.000927222
0.000929358
0.000938709
0.000948713
0.000953401
0.000939963
0.000938496
0.000938943
0.000933711
0.000949133
0.000938709
0.000943549
0.000938565
0.000966058
0.000932387
0.000981817
0.000922508
0.000921984
0.000921721
0.000931125
0.000923818
0.000924089
0.000927821
0.001003187
0.000922223
0.000921962
0.000925952
0.000923283
0.000933448
0.000924459
0.000928403
0.000984266
0.000932563
0.000925147
0.000959919
0.000925191
0.00092295
0.000927609
0.000937576
0.000929202
0.000923188
0.000923427
0.000921753
0.000921421
0.000927879
0.000943014
0.000930403
0.000929194
0.000923731
0.000926784
0.000945133
0.000956816
0.00094822
0.000936202
0.000922244
0.00093588
0.000935914
0.00092355
0.000929616
0.000927845
0.000928602
0.000930207
0.000944598
0.000925098
0.000924681
0.00092705
0.000922124
0.000932027
0.000928252
0.000926057
0.000923295
0.000962259
0.00092501
0.000933838
0.000922652
0.000923134
0.000932968
0.000924654
0.000922313
0.0009209
0.000920499
0.000935809
0.000925079
0.000926594
0.000923624
0.000921994
0.000936593
0.000924328
0.000929219
0.000967183
0.000933138
0.000923596
0.00093876
0.000924745
0.00092812
0.000937299
0.000928822
0.00092165
0.000921771
0.000922492
0.000925448
0.000942566
0.000933355
0.000924216
0.000921336
0.000921324
0.000932048
0.000927122
0.001203111
0.00101858
0.000935153
0.0009366
0.00092331
0.000921108
0.000921313
0.000920718
0.000932826
0.000927988
0.000922687
0.000923081
0.00092306
0.000921133
0.000944982
0.0009222
0.000922652
0.000922619
0.000923741
0.000953619
0.000942587
0.000923379
0.000921572
0.000921091
0.000933203
0.000938375
0.000926606
0.000921686
0.000925237
0.000928761
0.000944888
0.000922909
0.00092133
0.000921054
0.00092408
0.000937708
0.000923918
0.000927195
0.000921661
0.000921313
0.000974192
0.000933606
0.000923814
0.000923942
0.000923365
0.000929841
0.000921868
0.000922352
0.000922705
0.000928062
0.000934882
0.000923473
0.000921535
0.000928199
0.000929503
0.000935022
0.000926539
0.000961533
0.000924563
0.000924492
0.000932657
0.000934203
0.000921659
0.000922086
0.000930832
0.000929987
0.000930475
0.000921309
0.000921171
0.000934336
0.00092144
0.000922585
0.000922815
0.000922704
0.000939713
0.000928538
0.000926789
0.000946068
0.000931723
0.000923718
0.000923445
0.000933745
0.000932514
0.000930743
0.000921762
0.000921265
0.000922848
0.000934744
0.000921441
0.000921163
0.000922004
0.000932301
0.000923667
0.000921736
0.000921555
0.000932133
0.000921733
0.000932608
0.000934813
0.000930661
0.000936858
0.000922351
0.000927476
0.000921437
0.00094259
0.000930035
0.000924263
0.000920685
0.000923381
0.000932084
0.000924243
0.000928942
0.000928616
0.00093309
0.001046295
0.000926528
0.000957926
0.000943449
0.000952202
0.000943321
0.000941915
0.00095083
0.000923703
0.000922667
0.000920905
0.000922222
0.000935813
0.000923789
0.000933781
0.00092309
0.000933843
0.000995157
0.000936494
0.000932609
0.000926226
0.000924799
0.000923339
0.000923112
0.000921378
0.000935028
0.000924589
0.000925227
0.000922497
0.000929718
0.00092677
0.000924989
0.000926671
0.00092254
0.00093365
0.000951049
0.000922967
0.000924152
0.000932719
0.000923394
0.000921339
0.000921091
0.000944826
0.000936428
0.00092203
0.000921257
0.000922579
0.00093172
0.000932545
0.000929651
0.000921231
0.000925523
0.00103676
0.000923294
0.000932621
0.000926981
0.000931273
0.000923359
0.000922199
0.000922534
0.00092239
0.000935357
0.000922041
0.000921474
0.000922398
0.000921007
0.000924798
0.00092824
0.000926611
0.000927928
0.00099209
0.000931763
0.00093475
0.000925589
0.000932789
0.000922385
0.000923241
0.000921354
0.000921231
0.000922684
0.00093924
0.00092468
0.000922606
0.000922114
0.00092333
0.00092176
0.000931862
0.000921529
0.000946231
0.000925723
0.000930322
0.000933272
0.000928995
0.000928941
0.000920689
0.000920962
0.000924778
0.000940961
0.000936745
0.000933827
0.000924906
0.00092593
0.000961164
0.000946339
0.000923491
0.000944031
0.000987467
0.000995503
0.00092454
0.000923976
0.000925541
0.000923406
0.000963022
0.00093229
0.000940939
0.000924541
0.00093579
0.00092476
0.00092346
0.000925693
0.000923368
0.000934087
0.00092274
0.000970493
0.00092414
0.000922047
0.000933365
0.000925064
0.000935286
0.000924598
0.000934387
0.000930119
0.000928208
0.000931187
0.000921596
0.000934968
0.000931246
0.000931542
0.000929567
0.000937599
0.000921816
0.000921073
0.000925595
0.000956388
0.001465969
0.001338295
0.001144624
0.001038533
0.001003163
0.000932246
0.000923461
0.000924029
0.000925655
0.000922583
0.000922808
0.000939603
0.000924163
0.000927403
0.000922933
0.000921177
0.000922193
0.00095632
0.000924696
0.000924905
0.000922637
0.00093474
0.000934628
0.000925874
0.000929284
0.000925404
0.000923274
0.000921827
0.000935492
0.000923027
0.000922671
0.000922739
0.000922729
0.000933603
0.000922876
0.000922405
0.000923548
0.000966274
0.000922398
0.000934509
0.000923655
0.0009235
0.000932675
0.000923729
0.000921971
0.000921753
0.000937652
0.000924946
0.0009294
0.000928823
0.000922878
0.000938657
0.000922478
0.000928097
0.000941501
0.001033738
0.000925342
0.000924252
0.000956712
0.000924866
0.000924573
0.000929593
0.000939022
0.00092426
0.000922144
0.000925777
0.000923294
0.000921256
0.00093687
0.000931897
0.000927722
0.000921976
0.00092178
0.000923333
0.000984432
0.001000603
0.000946143
0.000969298
0.000927258
0.000923648
0.000923304
0.000922945
0.000924664
0.000924169
0.000922097
0.000921909
0.000922931
0.00092181
0.000945939
0.000924839
0.000928392
0.000929091
0.000929565
0.001062253
0.000926983
0.000933858
0.000923221
0.000950676
0.0009252
0.000929421
0.000922576
0.00093491
0.000922142
0.000921573
0.000922719
0.000928875
0.000944607
0.000931899
0.000931443
0.000922513
0.000922389
0.000942135
0.000922716
0.001014224
0.00092346
0.000923558
0.000948462
0.000925699
0.000931054
0.000928534
0.000928071
0.0009382
0.000923893
0.000923544
0.000921554
0.000921513
0.000945745
0.000922439
0.00092611
0.000922869
0.000927396
0.000931792
0.000973995
0.000925699
0.000924961
0.000922302
0.000932754
0.000948427
0.000924723
0.000928146
0.000928474
0.000938875
0.000924082
0.000929639
0.000921614
0.000922163
0.000920579
0.000957187
0.00092708
0.000928844
0.000924142
0.00092801
0.000921476
0.000970049
0.00092369
0.000922719
0.000921856
0.000948157
0.000946244
0.000928774
0.000924882
0.000922011
0.000931036
0.000924391
0.000928739
0.000929659
0.000928819
0.000943125
0.000922677
0.000929314
0.000930253
0.000938876
0.00092234
0.000960298
0.000925367
0.00092462
0.000940627
0.000923389
0.000937621
0.000928007
0.000932019
0.00093116
0.000923529
0.000928543
0.000939302
0.000924295
0.00092179
0.000921327
0.000922898
0.000931321
0.000924789
0.000923262
0.000927436
0.000938248
0.000935388
0.000923542
0.00093883
0.000939485
0.00093119
0.000927946
0.000929012
0.000936851
0.000923394
0.000923484
0.00092273
0.000936438
0.000930519
0.000927852
0.000923833
0.000932253
0.000922934
0.000922409
0.001209223
0.00093615
0.000923222
0.000927331
0.000923775
0.000929677
0.000922235
0.000927245
0.000921745
0.00094571
0.000924669
0.000924546
0.000925297
0.000922284
0.000923427
0.000927714
0.000945915
0.000936599
0.000928177
0.000922328
0.00092166
0.000923018
0.000921433
0.000938202
0.000924188
0.000924805
0.000934563
0.000926608
0.000930224
0.000944676
0.000923168
0.000923753
0.0009219
0.00096059
0.000922546
0.00092311
0.0009332
0.00092398
0.000926244
0.00094622
0.000922669
0.000930755
0.000934369
0.000927969
0.000923603
0.00092611
0.000940493
0.000928981
0.000921889
0.000921596
0.000926098
0.00092915
0.00093194
0.000929212
0.000923868
0.00093435
0.000943344
0.00096191
0.000922025
0.000924996
0.000926325
0.000931072
0.00092369
0.000923123
0.000928241
0.000930359
0.000941133
0.000928096
0.000924249
0.000921615
0.000931249
0.00092337
0.000923133
0.000959001
0.000932231
0.000922407
0.000921556
0.000935678
0.000924028
0.000923858
0.000931671
0.000921361
0.000942924
0.000929847
0.00092812
0.000926574
0.000922155
0.000920599
0.000923356
0.000941335
0.00092345
0.000923369
0.000928198
0.000963146
0.000926813
0.000929235
0.000932076
0.000926224
0.000937211
0.000927191
0.000927883
0.000923285
0.000923362
0.000939371
0.00093905
0.000933167
0.000938689
0.000926157
0.000937307
0.000921042
0.000946107
0.000923956
0.000922933
0.000923397
0.000947682
0.000922309
0.00093263
0.000922663
0.000921788
0.00094452
0.000928203
0.00093143
0.000924119
0.000923522
0.000928739
0.000927552
0.00092299
0.000935339
0.000922581
0.000923474
0.000923616
0.000928804
0.000932368
0.000928294
0.00092186
0.000933452
0.00092195
0.000940285
0.000923571
0.000923143
0.000923077
0.000923213
0.000930539
0.000922345
0.000920784
0.00092204
0.000926518
0.000943156
0.000930548
0.000923233
0.000921749
0.000921244
0.000932926
0.001004099
0.001727585
0.001682335
0.001635639
0.001433677
0.000996457
0.000988481
0.000974151
0.000920792
0.000922296
0.00093653
0.000929932
0.000923476
0.000927561
0.000927829
0.000931657
0.000923514
0.000923546
0.000982573
0.000929899
0.000933359
0.000941141
0.000931291
0.000924379
0.000938733
0.0009233
0.000921298
0.000927379
0.000926
0.000943757
0.000929054
0.000925311
0.000923358
0.000932085
0.000923306
0.000929599
0.000928208
0.000969892
0.00135851
0.001009452
0.000947822
0.000986043
0.000922477
0.000923502
0.00092345
0.000945359
0.000923717
0.000932214
0.000921808
0.000928923
0.000940106
0.000931167
0.000929008
0.000929211
0.00094042
0.00097808
0.000922869
0.000937408
0.000931883
0.000923607
0.000930318
0.000930008
0.000934831
0.000922743
0.000924109
0.000923337
0.000938768
0.000929573
0.000923479
0.000928807
0.00093737
0.000923659
0.000923346
0.000954823
0.000940414
0.000931727
0.000928571
0.000927065
0.000922507
0.000934891
0.000923072
0.000927634
0.00092296
0.000939745
0.000929245
0.000922288
0.000930772
0.000938817
0.000929315
0.000976743
0.000946379
0.000929429
0.000939025
0.000924181
0.000928152
0.000921502
0.000943567
0.000928816
0.000921594
0.000921247
0.00092975
0.000940192
0.000924354
0.000927238
0.000920885
0.000931494
0.000987243
0.000940663
0.000932058
0.000940803
0.000925234
0.000922314
0.000920953
0.000922189
0.000935015
0.000929883
0.000930473
0.000923641
0.000938799
0.000929765
0.00092781
0.00092364
0.000921618
0.000976623
0.000978353
0.000956922
0.000946611
0.00093115
0.000922142
0.00092612
0.000925116
0.000944171
0.000934275
0.0009238
0.00092643
0.000927565
0.000922991
0.000928265
0.000929781
0.000927845
0.000937567
0.000973917
0.000930776
0.00094014
0.000931863
0.000922592
0.000923367
0.000923869
0.00094276
0.000929658
0.000928201
0.000929286
0.000938045
0.000930833
0.000927763
0.000925433
0.000920908
0.00093874
0.000923848
0.000925888
0.000944523
0.000939623
0.000928664
0.000922133
