#time [s]
1.4765e-05
1.281e-05
1.2729e-05
1.2692e-05
1.2717e-05
1.2686e-05
1.2706e-05
1.2687e-05
1.2697e-05
1.2695e-05
1.2657e-05
1.2719e-05
1.2653e-05
1.2708e-05
1.2681e-05
1.2924e-05
1.2716e-05
1.2715e-05
1.2695e-05
1.271e-05
1.2682e-05
1.2693e-05
1.2669e-05
1.2666e-05
1.2675e-05
1.2686e-05
1.27e-05
1.2692e-05
1.2703e-05
1.2676e-05
1.2692e-05
1.2684e-05
1.2692e-05
1.2687e-05
1.2662e-05
1.2685e-05
1.2675e-05
1.2676e-05
1.2689e-05
1.2671e-05
1.2686e-05
1.2666e-05
1.2711e-05
1.2669e-05
1.2693e-05
1.2681e-05
1.2695e-05
1.2695e-05
1.2672e-05
1.2676e-05
1.266e-05
1.2696e-05
1.2714e-05
1.2688e-05
1.2686e-05
1.2654e-05
1.2704e-05
1.2672e-05
1.2703e-05
1.2657e-05
1.2672e-05
1.2691e-05
1.2657e-05
1.2702e-05
1.2672e-05
1.2681e-05
1.2655e-05
1.2695e-05
1.2687e-05
1.2658e-05
1.2682e-05
1.2658e-05
1.2685e-05
1.2672e-05
1.2679e-05
1.2671e-05
1.2666e-05
1.2698e-05
1.2674e-05
1.2705e-05
1.2673e-05
1.2679e-05
1.2659e-05
1.2689e-05
1.2673e-05
1.269e-05
1.2684e-05
1.267e-05
1.2704e-05
1.2652e-05
1.2674e-05
1.2688e-05
1.2667e-05
1.2679e-05
1.2689e-05
1.2705e-05
1.2654e-05
1.2676e-05
1.2686e-05
1.2679e-05
1.269e-05
1.265e-05
1.2691e-05
1.2666e-05
1.2685e-05
1.2676e-05
1.2672e-05
1.2717e-05
1.2685e-05
1.2719e-05
1.2671e-05
1.2703e-05
1.2657e-05
1.2681e-05
1.2668e-05
1.2679e-05
1.2702e-05
1.2671e-05
1.2693e-05
1.2655e-05
1.2691e-05
1.2671e-05
1.2676e-05
1.2684e-05
1.2649e-05
1.2715e-05
1.2666e-05
1.2712e-05
1.2659e-05
1.267e-05
1.2692e-05
1.2684e-05
1.2682e-05
1.268e-05
1.2699e-05
1.2688e-05
1.2675e-05
1.2671e-05
1.2666e-05
1.268e-05
1.2661e-05
1.2682e-05
1.2659e-05
1.269e-05
1.2673e-05
1.27e-05
1.2693e-05
1.2666e-05
1.2696e-05
1.2668e-05
1.2683e-05
1.266e-05
1.2694e-05
1.2675e-05
1.2671e-05
1.2683e-05
1.2681e-05
1.2692e-05
1.2675e-05
1.2679e-05
1.269e-05
1.2666e-05
1.2681e-05
1.2653e-05
1.268e-05
1.2661e-05
1.2687e-05
1.27e-05
1.2655e-05
1.2713e-05
1.2661e-05
1.2701e-05
1.2664e-05
1.2692e-05
1.2677e-05
1.2659e-05
1.269e-05
1.2649e-05
1.269e-05
1.2693e-05
1.2689e-05
1.2703e-05
1.2677e-05
1.2674e-05
3.503e-05
1.2812e-05
1.2717e-05
1.2701e-05
1.27e-05
1.2688e-05
1.304e-05
1.2682e-05
1.2766e-05
1.2765e-05
1.269e-05
1.2706e-05
1.2681e-05
1.2706e-05
1.2669e-05
1.2718e-05
1.2684e-05
1.2689e-05
1.27e-05
1.2674e-05
1.2713e-05
1.2687e-05
1.2712e-05
1.2676e-05
1.2698e-05
5.2344e-05
1.2862e-05
1.2713e-05
1.2718e-05
1.2682e-05
1.2707e-05
1.2711e-05
1.2666e-05
1.2709e-05
1.2683e-05
1.2709e-05
1.2702e-05
1.2683e-05
1.2701e-05
1.2668e-05
1.271e-05
1.2664e-05
1.2709e-05
1.2691e-05
1.2695e-05
1.2696e-05
1.2673e-05
1.2708e-05
1.2665e-05
1.2728e-05
1.2667e-05
1.2721e-05
1.2681e-05
1.2689e-05
1.2694e-05
1.2689e-05
1.271e-05
1.2689e-05
1.2708e-05
1.2674e-05
1.2694e-05
1.2688e-05
1.2681e-05
1.27e-05
1.2675e-05
1.27e-05
1.2682e-05
1.2688e-05
1.2695e-05
1.2672e-05
1.2708e-05
1.2665e-05
1.2711e-05
1.2667e-05
1.2703e-05
1.2679e-05
1.2699e-05
1.2705e-05
1.269e-05
1.2711e-05
1.2672e-05
1.2707e-05
1.2674e-05
1.2694e-05
1.269e-05
1.268e-05
1.2698e-05
1.2678e-05
1.2697e-05
1.2683e-05
1.2689e-05
1.2695e-05
1.2672e-05
1.271e-05
1.2663e-05
1.2698e-05
1.2678e-05
1.2692e-05
1.2692e-05
1.2677e-05
1.2704e-05
1.2666e-05
1.2711e-05
1.2665e-05
1.2706e-05
1.2676e-05
1.2696e-05
1.2697e-05
1.2668e-05
1.271e-05
1.2664e-05
1.2726e-05
1.2692e-05
1.2716e-05
1.2706e-05
1.2702e-05
1.2719e-05
1.2677e-05
1.2699e-05
1.2679e-05
1.2693e-05
1.2691e-05
1.2678e-05
1.2707e-05
1.2675e-05
1.271e-05
1.2665e-05
1.2696e-05
1.2685e-05
1.2682e-05
1.27e-05
1.2671e-05
1.271e-05
1.2665e-05
1.2708e-05
1.2669e-05
1.2698e-05
1.2692e-05
1.2684e-05
1.2695e-05
1.2677e-05
1.27e-05
1.268e-05
1.2691e-05
1.269e-05
1.2677e-05
1.2705e-05
1.2666e-05
1.2711e-05
1.2667e-05
1.2709e-05
1.2696e-05
1.2716e-05
1.2691e-05
1.2684e-05
1.2699e-05
1.2679e-05
1.2713e-05
1.2685e-05
1.2688e-05
1.2696e-05
1.2673e-05
1.2711e-05
1.2666e-05
1.2713e-05
1.2682e-05
1.2706e-05
1.268e-05
1.2689e-05
1.2695e-05
1.2681e-05
1.27e-05
1.2679e-05
1.271e-05
1.2687e-05
1.2697e-05
1.2705e-05
1.267e-05
1.2713e-05
1.2665e-05
1.2736e-05
1.2686e-05
1.27e-05
1.2686e-05
1.2686e-05
1.2698e-05
1.2679e-05
1.27e-05
1.2682e-05
1.2693e-05
1.2694e-05
1.2691e-05
1.2708e-05
1.2666e-05
1.2713e-05
1.2666e-05
1.2708e-05
1.2674e-05
1.2693e-05
1.2704e-05
1.268e-05
1.2713e-05
1.2679e-05
1.2698e-05
1.2684e-05
1.2687e-05
1.2698e-05
1.2672e-05
1.2731e-05
1.268e-05
1.2713e-05
1.2669e-05
1.2704e-05
1.2681e-05
1.2689e-05
1.2694e-05
1.2679e-05
1.2712e-05
1.2679e-05
1.2695e-05
1.269e-05
1.2682e-05
1.2704e-05
1.2669e-05
1.2711e-05
1.2679e-05
1.2711e-05
1.2685e-05
1.27e-05
1.2686e-05
1.2686e-05
1.2698e-05
1.2679e-05
1.2713e-05
1.2682e-05
1.2723e-05
1.2682e-05
1.2689e-05
1.2709e-05
1.268e-05
1.2715e-05
1.2679e-05
1.2696e-05
1.2691e-05
1.268e-05
1.2704e-05
1.2668e-05
1.2712e-05
1.2679e-05
1.2711e-05
1.2672e-05
1.2699e-05
1.2688e-05
1.2684e-05
1.2698e-05
1.2678e-05
1.2714e-05
1.2682e-05
1.2706e-05
1.2694e-05
1.2675e-05
1.271e-05
1.2698e-05
1.27e-05
1.2679e-05
1.2695e-05
1.2691e-05
1.2681e-05
1.2705e-05
1.2682e-05
1.2713e-05
1.2671e-05
1.2709e-05
1.2674e-05
1.2699e-05
1.2687e-05
1.2684e-05
1.2712e-05
1.2679e-05
1.2699e-05
1.2682e-05
1.2691e-05
1.2696e-05
1.2675e-05
1.271e-05
1.2667e-05
1.2712e-05
1.2682e-05
1.2709e-05
1.2711e-05
1.2695e-05
1.2704e-05
1.2682e-05
1.2713e-05
1.2665e-05
1.271e-05
1.2673e-05
1.2698e-05
1.2701e-05
1.2684e-05
1.2699e-05
1.2679e-05
1.2699e-05
1.2682e-05
1.269e-05
1.2697e-05
1.2675e-05
1.2709e-05
1.2681e-05
1.2713e-05
1.2668e-05
1.2709e-05
1.2677e-05
1.2692e-05
1.2694e-05
1.2681e-05
1.2731e-05
1.2692e-05
1.2715e-05
1.2693e-05
1.2705e-05
1.2714e-05
1.2689e-05
1.2719e-05
1.2677e-05
1.2699e-05
1.2683e-05
1.269e-05
1.2695e-05
1.2688e-05
1.271e-05
1.2666e-05
1.2713e-05
1.2667e-05
1.2707e-05
1.2677e-05
1.2694e-05
1.2707e-05
1.2679e-05
1.2713e-05
1.2678e-05
1.2697e-05
1.2693e-05
1.2684e-05
1.2702e-05
1.2671e-05
1.2711e-05
1.2679e-05
1.2713e-05
1.2671e-05
1.2704e-05
1.2684e-05
1.2688e-05
1.2697e-05
1.9225e-05
1.284e-05
1.2703e-05
1.2717e-05
1.2699e-05
1.2737e-05
1.2681e-05
1.2706e-05
1.269e-05
1.2686e-05
1.2693e-05
1.2685e-05
1.2688e-05
1.2685e-05
1.2686e-05
1.2686e-05
1.2674e-05
1.2702e-05
1.2657e-05
1.2714e-05
1.2659e-05
1.2712e-05
1.2663e-05
1.2697e-05
1.268e-05
1.2683e-05
1.2692e-05
1.2679e-05
1.2693e-05
1.2683e-05
1.2683e-05
1.2696e-05
1.2669e-05
1.2709e-05
1.2659e-05
1.2711e-05
1.2679e-05
1.2689e-05
1.2687e-05
1.2675e-05
1.2704e-05
1.266e-05
1.271e-05
1.2693e-05
1.2708e-05
1.2666e-05
1.2695e-05
1.2681e-05
1.2684e-05
1.269e-05
1.2675e-05
1.2727e-05
1.268e-05
1.2684e-05
1.2692e-05
1.2668e-05
1.2708e-05
1.2658e-05
1.2711e-05
1.2695e-05
1.2705e-05
1.2671e-05
1.2689e-05
1.2732e-05
1.2684e-05
1.2697e-05
1.268e-05
1.2694e-05
1.269e-05
1.2681e-05
1.2703e-05
1.2668e-05
1.2714e-05
1.2661e-05
1.2714e-05
1.2667e-05
1.2706e-05
1.2681e-05
1.2689e-05
1.2694e-05
1.2681e-05
1.2697e-05
1.2682e-05
1.2691e-05
1.2694e-05
1.2676e-05
1.2707e-05
1.2664e-05
1.2717e-05
1.2662e-05
1.2738e-05
1.269e-05
1.268e-05
1.2705e-05
1.2668e-05
1.2714e-05
1.2663e-05
1.2714e-05
1.2666e-05
1.2706e-05
1.268e-05
1.2689e-05
1.2693e-05
1.2682e-05
1.2697e-05
1.2683e-05
1.2691e-05
1.2695e-05
1.2677e-05
1.2709e-05
1.2664e-05
1.2716e-05
1.2662e-05
1.2711e-05
1.2671e-05
1.27e-05
1.2687e-05
1.2711e-05
1.2715e-05
1.2664e-05
1.2715e-05
1.2669e-05
1.2704e-05
1.2683e-05
1.2689e-05
1.2695e-05
1.2682e-05
1.2698e-05
1.2683e-05
1.2691e-05
1.2697e-05
1.2676e-05
1.2709e-05
1.2665e-05
1.2716e-05
1.2701e-05
1.271e-05
1.2672e-05
1.2699e-05
1.2724e-05
1.2685e-05
1.2697e-05
1.2681e-05
1.2732e-05
1.2712e-05
1.2703e-05
1.2681e-05
1.2689e-05
1.2694e-05
1.2679e-05
1.2697e-05
1.2684e-05
1.269e-05
1.2694e-05
1.2675e-05
1.271e-05
1.2664e-05
1.2715e-05
1.2663e-05
1.2712e-05
1.2672e-05
1.2698e-05
1.2687e-05
1.2687e-05
1.2697e-05
1.268e-05
1.2695e-05
1.2688e-05
1.2683e-05
1.27e-05
1.267e-05
1.2778e-05
2.1814e-05
2.9499e-05
1.5144e-05
1.3149e-05
1.3017e-05
1.3172e-05
1.3147e-05
1.6627e-05
1.2794e-05
1.2846e-05
1.2705e-05
1.3079e-05
1.3271e-05
1.275e-05
1.2728e-05
1.2705e-05
1.2725e-05
1.2685e-05
1.2704e-05
1.2689e-05
1.2712e-05
1.2697e-05
1.2696e-05
1.2703e-05
1.2683e-05
1.2711e-05
1.2678e-05
1.2714e-05
1.2705e-05
1.2668e-05
1.2712e-05
1.2673e-05
1.2715e-05
1.2673e-05
1.2707e-05
1.2698e-05
1.2691e-05
1.2677e-05
1.2682e-05
1.2706e-05
1.9586e-05
2.2342e-05
2.2388e-05
2.2384e-05
2.2361e-05
2.2338e-05
2.2424e-05
2.2355e-05
2.2407e-05
2.2417e-05
2.2448e-05
2.2449e-05
2.2381e-05
2.2421e-05
2.2393e-05
2.2363e-05
2.2413e-05
2.2353e-05
2.2377e-05
2.2362e-05
2.239e-05
2.2425e-05
2.2382e-05
2.2445e-05
2.2398e-05
2.2432e-05
2.2411e-05
2.2438e-05
2.2441e-05
2.2437e-05
2.238e-05
2.2432e-05
2.2439e-05
2.2443e-05
2.2413e-05
2.2428e-05
2.2433e-05
2.2448e-05
2.2414e-05
2.2363e-05
2.2429e-05
2.245e-05
2.2382e-05
2.2422e-05
2.2425e-05
2.2453e-05
2.2427e-05
2.2424e-05
2.2421e-05
2.2448e-05
2.2411e-05
2.2426e-05
2.2387e-05
2.2443e-05
2.2438e-05
2.2434e-05
2.241e-05
2.2438e-05
2.2442e-05
2.2437e-05
2.2385e-05
2.2432e-05
2.2438e-05
2.2444e-05
3.8532e-05
2.2637e-05
2.2411e-05
2.2408e-05
2.2418e-05
2.2414e-05
2.2387e-05
2.2389e-05
2.237e-05
2.2373e-05
2.2397e-05
2.2375e-05
2.2419e-05
2.2397e-05
2.2395e-05
2.2343e-05
2.2373e-05
2.2342e-05
2.2401e-05
2.2348e-05
2.2368e-05
2.2349e-05
2.24e-05
2.2353e-05
2.2371e-05
2.2345e-05
2.2398e-05
2.2358e-05
2.2371e-05
2.2341e-05
2.2392e-05
2.2361e-05
2.2379e-05
2.2338e-05
2.2388e-05
2.2367e-05
2.2383e-05
2.2391e-05
2.238e-05
3.7388e-05
2.2639e-05
2.2464e-05
2.2419e-05
2.2407e-05
2.2393e-05
2.2392e-05
2.2397e-05
2.2397e-05
2.2388e-05
2.2403e-05
2.238e-05
2.2395e-05
2.2381e-05
2.2382e-05
2.2387e-05
2.2391e-05
2.2353e-05
2.2376e-05
2.2376e-05
2.2405e-05
2.2359e-05
2.2373e-05
2.2371e-05
2.24e-05
2.2363e-05
2.2371e-05
2.2366e-05
2.24e-05
2.2378e-05
2.2372e-05
2.2369e-05
2.243e-05
2.2402e-05
2.2385e-05
2.2365e-05
2.2402e-05
2.2391e-05
2.2389e-05
2.2362e-05
2.2397e-05
2.2392e-05
2.2395e-05
2.2378e-05
2.2393e-05
2.2393e-05
2.239e-05
2.2367e-05
2.2387e-05
2.1844e-05
1.464e-05
1.4635e-05
1.464e-05
1.4635e-05
1.4639e-05
1.4635e-05
1.4632e-05
1.4634e-05
1.4633e-05
1.4644e-05
1.4658e-05
1.4641e-05
1.4641e-05
1.4625e-05
1.4641e-05
1.4633e-05
1.464e-05
1.4633e-05
1.4642e-05
1.4634e-05
1.4642e-05
1.4642e-05
1.4635e-05
1.4633e-05
1.4636e-05
1.4633e-05
1.4642e-05
1.4639e-05
1.4636e-05
1.4639e-05
1.4643e-05
1.463e-05
1.4645e-05
1.463e-05
1.4645e-05
1.4641e-05
1.4638e-05
1.4639e-05
1.4661e-05
1.4639e-05
1.4645e-05
1.4631e-05
1.4646e-05
1.4627e-05
1.4646e-05
1.4628e-05
1.4638e-05
1.4635e-05
1.464e-05
1.4628e-05
1.464e-05
1.4637e-05
1.4647e-05
1.4629e-05
1.4641e-05
1.4627e-05
1.4646e-05
1.4627e-05
1.4641e-05
1.4628e-05
1.464e-05
1.4637e-05
1.4647e-05
1.4626e-05
1.4648e-05
1.4625e-05
1.4663e-05
1.4655e-05
1.4635e-05
1.4635e-05
1.4637e-05
1.4645e-05
1.4671e-05
1.4645e-05
1.4639e-05
1.4644e-05
1.4635e-05
1.4644e-05
1.4635e-05
1.4652e-05
1.4638e-05
1.4641e-05
1.4637e-05
1.4634e-05
1.4636e-05
1.4643e-05
1.4639e-05
1.4633e-05
1.4638e-05
1.4642e-05
1.4674e-05
1.4642e-05
1.464e-05
1.464e-05
1.4636e-05
1.4649e-05
1.464e-05
