#time [s]
0.001881434
0.001760666
0.001781766
0.001776498
0.00187723
0.001796015
0.001809127
0.001965564
0.001816885
0.001789964
0.001813902
0.001926881
0.001767191
0.001815821
0.001812532
0.001826431
0.001776734
0.001820019
0.001806841
0.00185793
0.00176549
0.001825028
0.002053018
0.001807307
0.00187974
0.001767727
0.001835678
0.001770941
0.001891407
0.001999809
0.001790139
0.00180099
0.001791916
0.001801434
0.001762573
0.001811041
0.001983256
0.001821906
0.001795396
0.001815259
0.001805723
0.001807933
0.001790148
0.001821745
0.001757341
0.00175916
0.001809334
0.00181305
0.00181508
0.001820587
0.001968861
0.001816373
0.001804314
0.001803611
0.001872977
0.001757894
0.001777631
0.001833241
0.001760148
0.001793096
0.001778085
0.001810142
0.001809073
0.001803866
0.001826857
0.001925611
0.001874525
0.001824452
0.001809607
0.001853883
0.001819229
0.001813476
0.001930804
0.001755405
0.001818484
0.001796988
0.001799751
0.001786825
0.001814425
0.001902955
0.001790025
0.001907633
0.001810389
0.001778706
0.001810481
0.001892516
0.001817873
0.001787663
0.001798836
0.001848702
0.001762961
0.001814211
0.00177869
0.001977312
0.001829775
0.001824121
0.001802729
0.001818767
0.001774861
0.00181136
0.001773592
0.001844208
0.001926478
0.001787897
0.001799582
0.001791265
0.001846486
0.001796749
0.001875854
0.00180182
0.001809481
0.001861952
0.001785786
0.001837253
0.001777112
0.001941764
0.001810709
0.001779802
0.001766401
0.001792382
0.00184053
0.001819242
0.00186313
0.001793812
0.001778973
0.001769446
0.001814828
0.001811173
0.001778292
0.001818012
0.001921568
0.001789801
0.001813924
0.00178683
0.001823888
0.001768119
0.001808654
0.002000715
0.001798072
0.001885076
0.001765876
0.001840415
0.001774871
0.001805729
0.001938336
0.001800517
0.001796288
0.001834998
0.001763087
0.001826052
0.001761458
0.001978999
0.001795871
0.001762286
0.001776245
0.001775105
0.001846859
0.001784495
0.001925745
0.001856506
0.001779894
0.001765461
0.001825107
0.001796588
0.001776056
0.001849075
0.001953463
0.001807369
0.001764593
0.00184864
0.001775957
0.001822762
0.001767033
0.001963209
0.001823819
0.001765429
0.001842231
0.001779868
0.001827147
0.001763215
0.001908974
0.001857739
0.00178056
0.001782801
0.001943394
0.001774784
0.001815839
0.001808563
0.001961586
0.001793872
0.001798877
0.001851978
0.001764708
0.001819367
0.001781226
0.001935058
0.00185192
0.001788427
0.001765309
0.001852302
0.001801128
0.001821303
0.001784562
0.001759439
0.001779598
0.001805937
0.001837126
0.001787719
0.001807743
0.001831077
0.001934684
0.001821914
0.001788815
0.00182925
0.001809226
0.001799063
0.001821799
0.00179439
0.001842383
0.001765187
0.001828473
0.001788562
0.001822393
0.001828659
0.001791235
0.002198314
0.001766284
0.001814254
0.001778611
0.001798201
0.001785247
0.002031815
0.001861832
0.001822279
0.001972514
0.001868973
0.001825072
0.001794062
0.001852732
0.001896397
0.001811539
0.001832101
0.001769506
0.001849807
0.001779116
0.00197852
0.001814498
0.001794256
0.00180144
0.001843142
0.001772502
0.001814829
0.001819417
0.001953008
0.001790164
0.001795404
0.001819859
0.001774626
0.001835017
0.001767535
0.001988544
0.001825728
0.001802212
0.001802001
0.001813866
0.001825521
0.001774072
0.001821594
0.001921661
0.001778487
0.001787554
0.001817286
0.001820681
0.001777148
0.001846538
0.002001707
0.001765208
0.001843035
0.001810619
0.001811722
0.001777477
0.001819775
0.001974637
0.001789806
0.001764807
0.001841436
0.001879305
0.001809329
0.001767021
0.001990785
0.001799915
0.001758757
0.001777355
0.001812021
0.001809207
0.001772011
0.002034111
0.001816327
0.001789616
0.001767898
0.001823605
0.001762711
0.001810275
0.001779024
0.001888473
0.001812731
0.001782976
0.001799211
0.00177908
0.001804377
0.001770002
0.001930824
0.001864139
0.001824448
0.001772393
0.001811435
0.001801589
0.001870985
0.001800661
0.001931513
0.001815274
0.001768855
0.00183869
0.001771769
0.001830519
0.001781647
0.001899152
0.001846317
0.00178327
0.001766515
0.001855779
0.001768609
0.001792505
0.001764849
0.001783114
0.001810148
0.001795558
0.001812316
0.001778252
0.001800255
0.001776369
0.002046395
0.001845255
0.001810058
0.001820348
0.001788374
0.001820589
0.001766973
0.001842002
0.00183775
0.001788888
0.001826801
0.001782644
0.001823548
0.001824721
0.001813334
0.002033912
0.00180383
0.001783165
0.001841027
0.001761067
0.001792443
0.001788194
0.001788778
0.001785452
0.001783692
0.001825418
0.00176374
0.001818311
0.00177518
0.00198898
0.00181863
0.001785446
0.001768371
0.001778478
0.001810492
0.001784512
0.001812485
0.001882754
0.001772327
0.00176538
0.001822849
0.001762492
0.001789213
0.001810871
0.001971732
0.001810843
0.001796629
0.001803512
0.001863909
0.001799451
0.001770236
0.001962419
0.001928046
0.002250823
0.001809267
0.001779169
0.001832219
0.001764131
0.002025895
0.002405285
0.002414395
0.002398958
0.002339359
0.002256061
0.002323692
0.002406751
0.002400323
0.002365215
0.002381097
0.00234173
0.002313399
0.002286086
0.002251765
0.00233292
0.002503764
0.00246023
0.002363999
0.002301715
0.00227621
0.002321078
0.002366119
0.002470847
0.001854896
0.001838454
0.001819639
0.001774807
0.001952835
0.001772314
0.001877332
0.001812683
0.001814069
0.00178011
0.001860205
0.001845591
0.001764831
0.001770677
0.00178722
0.001789078
0.001764535
0.00186533
0.001859525
0.001787335
0.001761474
0.001829099
0.001771091
0.001841838
0.001772553
0.001948884
0.001837962
0.001777793
0.001764836
0.001866893
0.001764477
0.001816325
0.001777649
0.001834156
0.001761485
0.001761914
0.001886557
0.001770747
0.001829602
0.001773544
0.002001971
0.001822869
0.001762729
0.001826239
0.001763218
0.001836927
0.001793963
0.001926959
0.001841432
0.001806952
0.001834959
0.001768478
0.001822495
0.001770011
0.001787603
0.002051076
0.001811657
0.001811374
0.001779093
0.001915359
0.001794597
0.001787714
0.001852815
0.001801715
0.001802089
0.001762123
0.001821962
0.001763892
0.001925772
0.001829715
0.001786297
0.001764316
0.001783557
0.001769404
0.001775491
0.001844407
0.001851939
0.001837514
0.001768806
0.001828721
0.00177409
0.001838278
0.001778808
0.00190876
0.001832011
0.001773658
0.001767601
0.001806052
0.001842284
0.00177595
0.001862288
0.001975285
0.00180359
0.001775527
0.001790851
0.001784031
0.001778717
0.001910124
0.001838265
0.001795255
0.001857528
0.001843923
0.001763033
0.001822028
0.001828719
0.001860401
0.001784553
0.001759769
0.001804875
0.001826083
0.001769594
0.001839022
0.001954128
0.001828302
0.001762404
0.001809325
0.00178257
0.001781404
0.001834948
0.001917498
0.00187161
0.001780017
0.001815212
0.001780877
0.001800117
0.001776319
0.001957321
0.001875051
0.001786341
0.001811848
0.001806226
0.001769202
0.00177853
0.001959223
0.001819024
0.001783361
0.001762892
0.001849043
0.001779077
0.001818216
0.001775349
0.001914805
0.001830325
0.001781382
0.001819404
0.001807074
0.001772072
0.001800779
0.001917729
0.001841868
0.001759901
0.001778058
0.001840806
0.00176664
0.001818857
0.001885953
0.001790635
0.001772203
0.001826792
0.001778607
0.001775242
0.00185883
0.001989248
0.001785643
0.001770793
0.00183361
0.001762564
0.001837006
0.001776613
0.001871202
0.001889033
0.001809154
0.001767585
0.001839958
0.001759987
0.001813141
0.001867235
0.001756121
0.00175644
0.001762685
0.001845854
0.001779533
0.001837013
0.00178203
0.00200797
0.001824977
0.001769596
0.001831355
0.001784238
0.001847485
0.001781041
0.00178732
0.001878395
0.001761744
0.001822175
0.001778052
0.001816279
0.001829573
0.001813211
0.001835121
0.001762725
0.00185545
0.001789658
0.001789918
0.001755925
0.001866848
0.001907776
0.001759593
0.001810191
0.001776247
0.001813439
0.001806768
0.001988638
0.001809497
0.001794806
0.001774407
0.001831195
0.00177647
0.001762742
0.001854548
0.002107109
0.001844971
0.001775915
0.001837403
0.001784218
0.001810883
0.001868431
0.001856881
0.001791768
0.001764612
0.001822376
0.001796909
0.001790982
0.00178054
0.001940175
0.001866125
0.001792256
0.001855346
0.001796235
0.001798508
0.001800415
0.001824591
0.001927055
0.001759085
0.001823855
0.001800981
0.001794273
0.001815818
0.001779133
0.001818554
0.001775519
0.001814981
0.001826394
0.001797261
0.001813045
0.001783249
0.001830052
0.001760544
0.001837683
0.001803961
0.00180873
0.001798544
0.001904719
0.001819533
0.001802761
0.001768022
0.001820062
0.001807647
0.001779918
0.001929883
0.00184986
0.001786903
0.00180048
0.001849523
0.00176275
0.001823519
0.00178879
0.001994502
0.002029858
0.001802487
0.001814627
0.001804676
0.001865695
0.001946687
0.001851311
0.001856436
0.001817332
0.001893972
0.001780253
0.001800773
0.001889677
0.001851798
0.001909219
0.00182008
0.001782165
0.001839833
0.001889076
0.001959187
0.001997452
0.001907215
0.001937049
0.001815826
0.001867219
0.001841113
0.001801389
0.001809499
0.001774542
0.001780704
0.00189616
0.00181053
0.001799562
0.001845692
0.001847177
0.001797996
0.001850797
0.001777975
0.001840816
0.003844382
0.001934547
0.001870523
0.001888635
0.002020102
0.002018764
0.001833911
0.001817486
0.001804655
0.001882494
0.001833645
0.00181232
0.001797801
0.00199043
0.00194329
0.002023292
0.001920173
0.001868224
0.001828676
0.001885461
0.00184856
0.001990073
0.003401653
0.003566419
0.002493628
0.001822231
0.001900802
0.001812966
0.002017783
0.001844086
0.001802695
0.001853794
0.001883345
0.001988001
0.001935025
0.002112737
0.001992853
0.002062978
0.001935128
0.002220074
0.001959462
0.001903343
0.001815728
0.001877122
0.001914047
0.001919039
0.002895578
0.001961561
0.0018205
0.001866496
0.001864524
0.002342264
0.002096719
0.002239129
0.002097233
0.002333768
0.00223209
0.002227959
0.002193117
0.00220667
0.002417925
0.002154889
0.002073299
0.001974226
0.00210428
0.002038784
0.001863224
0.001856692
0.001948064
0.001877413
0.001863937
0.00197361
0.001859221
0.002082402
0.001791014
0.002473551
0.002355286
0.002123361
0.002311537
0.002070991
0.001907692
0.002029108
0.002127684
0.00218718
0.002057844
0.002140224
0.002031155
0.001931096
0.00227965
0.002094096
0.001850598
0.001991765
0.001854198
0.001853065
0.001908046
0.001931021
0.001794168
0.001814169
0.001988825
0.001811234
0.00202919
0.001784167
0.00194615
0.001785013
0.001814523
0.001807123
0.001896778
0.001853953
0.001860269
0.002069751
0.001827942
0.002175061
0.002062875
0.002116079
0.001867463
0.001900104
0.00210893
0.001913976
0.001847849
0.002500672
0.001873083
0.00181628
0.001832699
0.002018994
0.003072765
0.003806562
0.003686541
0.003968133
0.003239711
0.003270465
0.003201672
0.002793582
0.002704445
0.002312744
0.002201181
0.001937056
0.001858005
0.001812475
0.001995712
0.001865938
0.001828705
0.001972737
0.001896765
0.00187619
0.001910388
0.001897422
0.002018832
0.001838976
0.00182665
0.001776011
0.001849195
0.002035742
0.002147001
0.002070612
0.001922333
0.002134591
0.001874571
0.002025268
0.001883185
0.001865041
0.002152426
0.001857812
0.001879043
0.002154666
0.00195058
0.001999602
0.002167094
0.002080563
0.001974785
0.002029874
0.002083082
0.001999021
0.001959074
0.002062917
0.001990545
0.00178465
0.001959466
0.001894327
0.001861333
0.001842395
0.001946085
0.002409186
0.002092041
0.001789026
0.001829816
0.001806894
0.001920995
0.001881211
0.002296253
0.002145556
0.002014789
0.001825217
0.002031193
0.00244388
0.001938678
0.002259382
0.001987132
0.001947322
0.001840159
0.001855544
0.001810576
0.00202052
0.00193467
0.002027414
0.001844383
0.001939921
0.002287817
0.001931274
0.001812491
0.00189634
0.002239422
0.002256245
0.001909076
0.001796231
0.001826442
0.00179884
0.002082961
0.00201221
0.001858939
0.001829582
0.001844929
0.00187315
0.001990288
0.002011091
0.00193553
0.00183445
0.001842596
0.001897259
0.001989207
0.002070851
0.001948116
0.001791844
0.002042911
0.00192192
0.00181818
0.001871745
0.001807119
0.001874828
0.002050595
0.00209978
0.002040834
0.001917432
0.001787051
0.002001922
0.00218193
0.001923678
0.001997845
0.001869968
0.001850825
0.00194148
0.001898812
0.001976231
0.001820234
0.001809426
0.001846462
0.001818299
0.001776582
0.001928081
0.001939309
0.002108085
