#time [s]
1.268e-06
1.211e-06
1.176e-06
1.165e-06
1.145e-06
1.123e-06
1.122e-06
1.121e-06
1.124e-06
1.124e-06
1.128e-06
1.129e-06
1.126e-06
1.126e-06
1.126e-06
1.125e-06
1.125e-06
1.126e-06
1.123e-06
1.125e-06
1.123e-06
1.134e-06
1.131e-06
1.141e-06
1.132e-06
1.131e-06
1.123e-06
1.125e-06
1.122e-06
1.121e-06
1.13e-06
1.126e-06
1.136e-06
1.136e-06
1.136e-06
1.139e-06
1.138e-06
1.146e-06
1.13e-06
1.129e-06
1.129e-06
1.137e-06
1.135e-06
1.134e-06
1.127e-06
1.126e-06
1.125e-06
1.132e-06
1.125e-06
1.143e-06
1.127e-06
1.132e-06
1.131e-06
1.122e-06
1.125e-06
1.125e-06
1.135e-06
1.119e-06
1.125e-06
1.125e-06
1.123e-06
1.133e-06
1.13e-06
1.132e-06
1.128e-06
1.122e-06
1.129e-06
1.124e-06
1.123e-06
1.126e-06
1.126e-06
1.131e-06
1.132e-06
1.118e-06
1.119e-06
1.14e-06
1.125e-06
1.126e-06
1.12e-06
1.126e-06
1.125e-06
1.13e-06
1.128e-06
1.127e-06
1.124e-06
1.126e-06
1.125e-06
1.124e-06
1.124e-06
1.131e-06
1.123e-06
1.126e-06
1.119e-06
1.124e-06
1.122e-06
1.122e-06
1.122e-06
1.12e-06
1.124e-06
1.119e-06
1.147e-06
1.125e-06
1.125e-06
1.126e-06
1.124e-06
1.127e-06
1.127e-06
1.127e-06
1.122e-06
1.125e-06
1.125e-06
1.124e-06
1.125e-06
1.124e-06
1.124e-06
1.12e-06
1.129e-06
1.121e-06
1.118e-06
1.132e-06
1.127e-06
1.123e-06
1.119e-06
1.12e-06
1.121e-06
1.154e-06
1.12e-06
1.131e-06
1.121e-06
1.125e-06
1.122e-06
1.127e-06
1.119e-06
1.13e-06
1.12e-06
1.498e-06
1.236e-06
1.154e-06
1.132e-06
1.125e-06
1.124e-06
1.123e-06
1.12e-06
1.123e-06
1.123e-06
1.124e-06
1.12e-06
1.124e-06
1.124e-06
1.124e-06
1.126e-06
1.126e-06
1.128e-06
1.119e-06
1.118e-06
1.126e-06
1.119e-06
1.12e-06
1.125e-06
1.131e-06
1.119e-06
1.121e-06
1.12e-06
1.125e-06
1.122e-06
1.121e-06
1.118e-06
1.126e-06
1.124e-06
1.123e-06
1.148e-06
1.117e-06
1.118e-06
1.119e-06
1.119e-06
1.142e-06
1.121e-06
1.123e-06
1.122e-06
1.12e-06
1.12e-06
1.12e-06
1.121e-06
1.127e-06
1.119e-06
1.14e-06
1.118e-06
1.117e-06
1.118e-06
1.123e-06
1.118e-06
1.125e-06
1.125e-06
1.12e-06
1.121e-06
1.118e-06
1.124e-06
1.129e-06
1.119e-06
1.123e-06
1.119e-06
1.121e-06
1.117e-06
1.12e-06
1.117e-06
1.134e-06
1.116e-06
1.137e-06
1.125e-06
1.114e-06
1.117e-06
1.132e-06
1.115e-06
1.119e-06
1.142e-06
1.118e-06
1.116e-06
1.12e-06
1.118e-06
1.122e-06
1.119e-06
1.136e-06
1.12e-06
1.136e-06
1.121e-06
1.129e-06
1.119e-06
1.12e-06
1.117e-06
1.123e-06
1.117e-06
1.122e-06
1.117e-06
1.122e-06
1.117e-06
1.117e-06
1.119e-06
1.117e-06
1.117e-06
1.12e-06
1.117e-06
1.124e-06
1.144e-06
1.126e-06
1.121e-06
1.12e-06
1.122e-06
1.125e-06
1.121e-06
1.121e-06
1.117e-06
1.127e-06
1.117e-06
1.119e-06
1.116e-06
1.122e-06
1.115e-06
1.122e-06
1.115e-06
1.121e-06
1.118e-06
1.118e-06
1.118e-06
1.119e-06
1.118e-06
1.12e-06
1.119e-06
1.125e-06
1.119e-06
1.126e-06
1.166e-06
1.125e-06
1.125e-06
1.14e-06
1.117e-06
1.133e-06
1.117e-06
1.131e-06
1.13e-06
1.128e-06
1.13e-06
1.115e-06
1.125e-06
1.138e-06
1.127e-06
1.138e-06
1.123e-06
1.127e-06
1.124e-06
1.14e-06
1.118e-06
1.12e-06
1.121e-06
1.135e-06
1.133e-06
1.131e-06
1.131e-06
1.133e-06
1.129e-06
1.152e-06
1.128e-06
1.139e-06
1.122e-06
1.137e-06
1.123e-06
1.137e-06
1.115e-06
1.133e-06
1.118e-06
1.118e-06
1.131e-06
1.134e-06
1.126e-06
1.135e-06
1.131e-06
1.135e-06
1.129e-06
1.141e-06
1.125e-06
1.127e-06
1.125e-06
1.14e-06
1.117e-06
1.133e-06
1.117e-06
1.13e-06
1.13e-06
1.13e-06
1.122e-06
1.152e-06
1.127e-06
1.132e-06
1.127e-06
1.14e-06
1.129e-06
1.14e-06
1.126e-06
1.127e-06
1.121e-06
1.136e-06
1.12e-06
1.134e-06
1.119e-06
1.134e-06
1.125e-06
1.126e-06
1.127e-06
1.132e-06
1.127e-06
1.123e-06
1.125e-06
1.136e-06
1.123e-06
1.123e-06
1.117e-06
1.133e-06
1.118e-06
1.134e-06
1.119e-06
1.155e-06
1.129e-06
1.133e-06
1.132e-06
1.136e-06
1.13e-06
1.142e-06
1.13e-06
1.141e-06
1.115e-06
1.123e-06
1.123e-06
1.132e-06
1.116e-06
1.13e-06
1.114e-06
1.13e-06
1.124e-06
1.129e-06
1.13e-06
1.117e-06
1.128e-06
1.14e-06
1.129e-06
1.141e-06
1.117e-06
1.128e-06
1.126e-06
1.136e-06
1.154e-06
1.134e-06
1.118e-06
1.133e-06
1.131e-06
1.13e-06
1.13e-06
1.131e-06
1.128e-06
1.138e-06
1.118e-06
1.125e-06
1.117e-06
1.119e-06
1.118e-06
1.126e-06
1.116e-06
1.121e-06
1.127e-06
1.12e-06
1.129e-06
1.123e-06
1.128e-06
1.129e-06
1.12e-06
1.126e-06
1.117e-06
1.127e-06
1.119e-06
1.119e-06
1.139e-06
1.115e-06
1.115e-06
1.114e-06
1.117e-06
1.134e-06
1.115e-06
1.118e-06
1.115e-06
1.118e-06
1.118e-06
1.119e-06
1.121e-06
1.117e-06
1.123e-06
1.121e-06
1.123e-06
1.121e-06
1.121e-06
1.124e-06
1.116e-06
1.119e-06
1.116e-06
1.118e-06
1.115e-06
1.134e-06
1.114e-06
1.134e-06
1.117e-06
1.126e-06
1.117e-06
1.119e-06
1.126e-06
1.119e-06
1.128e-06
1.12e-06
1.128e-06
1.13e-06
1.121e-06
1.122e-06
1.12e-06
1.129e-06
1.118e-06
1.121e-06
1.117e-06
1.118e-06
1.117e-06
1.119e-06
1.125e-06
1.124e-06
1.125e-06
1.125e-06
1.115e-06
1.126e-06
1.117e-06
1.12e-06
1.118e-06
1.145e-06
1.128e-06
1.119e-06
1.128e-06
1.122e-06
1.129e-06
1.13e-06
1.12e-06
1.122e-06
1.119e-06
1.128e-06
1.118e-06
1.119e-06
1.116e-06
1.118e-06
1.115e-06
1.118e-06
1.125e-06
1.125e-06
1.125e-06
1.127e-06
1.116e-06
1.127e-06
1.118e-06
1.121e-06
1.121e-06
1.121e-06
1.118e-06
1.121e-06
1.143e-06
1.137e-06
1.117e-06
1.121e-06
1.116e-06
1.119e-06
1.118e-06
1.117e-06
1.115e-06
1.118e-06
1.114e-06
1.135e-06
1.118e-06
1.118e-06
1.117e-06
1.122e-06
1.118e-06
1.12e-06
1.117e-06
1.124e-06
1.12e-06
1.12e-06
1.121e-06
1.126e-06
1.122e-06
1.12e-06
1.118e-06
1.143e-06
1.118e-06
1.118e-06
1.117e-06
1.123e-06
1.115e-06
1.121e-06
1.115e-06
1.123e-06
1.118e-06
1.117e-06
1.119e-06
1.118e-06
1.118e-06
1.124e-06
1.119e-06
1.12e-06
1.12e-06
1.125e-06
1.121e-06
1.12e-06
1.12e-06
1.124e-06
1.121e-06
1.119e-06
1.117e-06
1.121e-06
1.116e-06
1.142e-06
1.115e-06
1.121e-06
1.114e-06
1.122e-06
1.116e-06
1.122e-06
1.119e-06
1.118e-06
1.119e-06
1.119e-06
1.12e-06
1.125e-06
1.12e-06
1.121e-06
1.119e-06
1.126e-06
1.12e-06
1.119e-06
1.119e-06
1.123e-06
1.119e-06
1.118e-06
1.116e-06
1.121e-06
1.114e-06
1.116e-06
1.116e-06
1.121e-06
1.142e-06
1.122e-06
1.118e-06
1.124e-06
1.12e-06
1.12e-06
1.121e-06
1.121e-06
1.12e-06
1.126e-06
1.119e-06
1.119e-06
1.118e-06
1.124e-06
1.119e-06
1.117e-06
1.118e-06
1.122e-06
1.117e-06
1.118e-06
1.115e-06
1.119e-06
1.116e-06
1.118e-06
1.117e-06
1.124e-06
1.119e-06
1.123e-06
1.119e-06
1.144e-06
1.121e-06
1.121e-06
1.122e-06
1.12e-06
1.12e-06
1.125e-06
1.118e-06
1.118e-06
1.117e-06
1.123e-06
1.118e-06
1.117e-06
1.117e-06
1.12e-06
1.117e-06
1.117e-06
1.116e-06
1.121e-06
1.116e-06
1.119e-06
1.116e-06
1.124e-06
1.12e-06
1.125e-06
1.118e-06
1.127e-06
1.121e-06
1.122e-06
1.165e-06
1.119e-06
1.121e-06
1.123e-06
1.121e-06
1.119e-06
1.115e-06
1.118e-06
1.114e-06
1.115e-06
1.117e-06
1.124e-06
1.116e-06
1.126e-06
1.115e-06
1.134e-06
1.117e-06
1.135e-06
1.119e-06
1.119e-06
1.121e-06
1.137e-06
1.117e-06
1.122e-06
1.117e-06
1.12e-06
1.118e-06
1.119e-06
1.142e-06
1.118e-06
1.115e-06
1.133e-06
1.115e-06
1.133e-06
1.117e-06
1.116e-06
1.119e-06
1.133e-06
1.12e-06
1.124e-06
1.124e-06
1.125e-06
1.117e-06
1.121e-06
1.123e-06
1.121e-06
1.123e-06
1.119e-06
1.123e-06
1.119e-06
1.117e-06
1.127e-06
1.117e-06
1.119e-06
1.125e-06
1.124e-06
1.139e-06
1.115e-06
1.115e-06
1.116e-06
1.12e-06
1.124e-06
1.121e-06
1.125e-06
1.118e-06
1.132e-06
1.118e-06
1.121e-06
1.12e-06
1.119e-06
1.125e-06
1.125e-06
1.124e-06
1.12e-06
1.122e-06
1.123e-06
1.117e-06
1.117e-06
1.115e-06
1.117e-06
1.114e-06
1.115e-06
1.121e-06
1.116e-06
1.139e-06
1.118e-06
1.12e-06
1.124e-06
1.119e-06
1.118e-06
1.117e-06
1.118e-06
1.121e-06
1.118e-06
1.119e-06
1.121e-06
1.117e-06
1.125e-06
1.117e-06
1.12e-06
1.123e-06
1.138e-06
1.115e-06
1.13e-06
1.115e-06
1.131e-06
1.13e-06
1.119e-06
1.124e-06
1.137e-06
1.128e-06
1.136e-06
1.118e-06
1.12e-06
1.124e-06
1.12e-06
1.121e-06
1.12e-06
1.12e-06
1.117e-06
1.119e-06
1.116e-06
1.119e-06
1.122e-06
1.117e-06
1.118e-06
1.112e-06
1.115e-06
1.117e-06
1.117e-06
1.118e-06
1.117e-06
1.121e-06
1.123e-06
1.119e-06
1.121e-06
1.146e-06
1.12e-06
1.117e-06
1.121e-06
1.118e-06
1.122e-06
1.119e-06
1.119e-06
1.118e-06
1.117e-06
1.119e-06
1.116e-06
1.115e-06
1.119e-06
1.115e-06
1.131e-06
1.115e-06
1.132e-06
1.125e-06
1.129e-06
1.131e-06
1.133e-06
1.129e-06
1.122e-06
1.12e-06
1.142e-06
1.127e-06
1.156e-06
1.125e-06
1.14e-06
1.118e-06
1.133e-06
1.118e-06
1.132e-06
1.129e-06
1.127e-06
1.129e-06
1.115e-06
1.127e-06
1.138e-06
1.126e-06
1.138e-06
1.123e-06
1.127e-06
1.123e-06
1.141e-06
1.119e-06
1.12e-06
1.12e-06
1.135e-06
1.133e-06
1.13e-06
1.132e-06
1.135e-06
1.129e-06
1.139e-06
1.152e-06
1.139e-06
1.122e-06
1.117e-06
1.123e-06
1.137e-06
1.116e-06
1.131e-06
1.115e-06
1.132e-06
1.121e-06
1.121e-06
1.127e-06
1.122e-06
1.128e-06
1.128e-06
1.129e-06
1.13e-06
1.118e-06
1.129e-06
1.12e-06
1.121e-06
1.118e-06
1.12e-06
1.117e-06
1.119e-06
1.125e-06
1.124e-06
1.124e-06
1.125e-06
1.135e-06
1.126e-06
1.117e-06
1.118e-06
1.118e-06
1.12e-06
1.118e-06
1.121e-06
1.119e-06
1.122e-06
1.12e-06
1.122e-06
1.12e-06
1.121e-06
1.119e-06
1.12e-06
1.117e-06
1.119e-06
1.117e-06
1.117e-06
1.116e-06
1.118e-06
1.116e-06
1.118e-06
1.116e-06
1.118e-06
1.118e-06
1.127e-06
1.117e-06
1.125e-06
1.118e-06
1.147e-06
1.119e-06
1.122e-06
1.12e-06
1.122e-06
1.12e-06
1.122e-06
1.119e-06
1.12e-06
1.117e-06
1.118e-06
1.116e-06
1.119e-06
1.115e-06
1.116e-06
1.115e-06
1.118e-06
1.116e-06
1.119e-06
1.117e-06
1.12e-06
1.119e-06
1.128e-06
1.118e-06
1.121e-06
1.12e-06
1.121e-06
1.119e-06
1.125e-06
1.117e-06
1.145e-06
1.118e-06
1.119e-06
1.117e-06
1.118e-06
1.116e-06
1.118e-06
1.115e-06
1.117e-06
1.116e-06
1.118e-06
1.117e-06
1.12e-06
1.117e-06
1.12e-06
1.119e-06
1.119e-06
1.119e-06
1.129e-06
1.119e-06
1.122e-06
1.119e-06
1.12e-06
1.118e-06
1.125e-06
1.116e-06
1.119e-06
1.117e-06
1.12e-06
1.116e-06
1.144e-06
1.116e-06
1.117e-06
1.115e-06
1.118e-06
1.116e-06
1.12e-06
1.118e-06
1.12e-06
1.119e-06
1.12e-06
1.12e-06
1.122e-06
1.12e-06
1.129e-06
1.119e-06
1.121e-06
1.119e-06
1.119e-06
1.117e-06
1.123e-06
1.116e-06
1.118e-06
1.116e-06
1.117e-06
1.115e-06
1.119e-06
1.115e-06
1.118e-06
1.116e-06
1.145e-06
1.118e-06
1.12e-06
1.119e-06
1.122e-06
1.12e-06
1.122e-06
1.121e-06
1.121e-06
1.121e-06
1.129e-06
