#time [s]
0.000282655
0.000257877
0.000254077
0.000253175
0.00025271
0.000252802
0.000254622
0.000263256
0.000252889
0.000257904
0.000252488
0.000253026
0.000252795
0.000252929
0.000253684
0.000252835
0.00025284
0.000252831
0.000252927
0.000263171
0.000372613
0.000253198
0.000251952
0.000251937
0.000251514
0.000251554
0.00028508
0.000252337
0.00025163
0.000251451
0.000251356
0.000251368
0.000251256
0.000261831
0.000257005
0.000251711
0.000251711
0.000260039
0.000251941
0.000251956
0.000256854
0.000298201
0.00027747
0.000251326
0.000251399
0.000251228
0.000251287
0.000252847
0.000251576
0.00025122
0.000251334
0.000251312
0.00025126
0.000254222
0.00025159
0.000251634
0.000253586
0.000252101
0.000257052
0.000254046
0.000263091
0.0002535
0.000254698
0.000253204
0.000255658
0.000252283
0.000252269
0.000252215
0.000252217
0.000252159
0.000257607
0.000254229
0.000252811
0.000261288
0.000320659
0.000313953
0.000252225
0.000251635
0.000251311
0.000251245
0.000251115
0.000251108
0.000279293
0.000251481
0.000251069
0.000250978
0.000250921
0.000259376
0.000251417
0.000252948
0.000251015
0.000250994
0.00025295
0.000315614
0.000251069
0.000250955
0.000250868
0.000250857
0.000250954
0.000250894
0.000250873
0.000263748
0.000252721
0.000251852
0.000253854
0.000251919
0.000251907
0.000253772
0.000252286
0.000252244
0.000254174
0.000252735
0.000252719
0.000254819
0.000253458
0.000263413
0.000253948
0.000253059
0.000252904
0.00025267
0.000252605
0.000252601
0.000254579
0.000253222
0.00025177
0.000251842
0.000251756
0.000251786
0.000251679
0.000272359
0.000307574
0.000251703
0.000251655
0.000251464
0.00025127
0.000251205
0.000284202
0.000251912
0.000251313
0.000251205
0.000251046
0.00025101
0.000283407
0.000251957
0.00025123
0.000251174
0.000251047
0.000250979
0.000250918
0.000252777
0.000273453
0.000251244
0.000251194
0.000254031
0.000251554
0.000251656
0.000264623
0.000253483
0.000252489
0.000254511
0.000252742
0.000252768
0.000285374
0.000252555
0.000252437
0.000252204
0.000252128
0.000251984
0.000251971
0.000251846
0.00025447
0.000252873
0.000252303
0.000259033
0.000252601
0.000252628
0.000260225
0.000252497
0.000252531
0.00025799
0.000252444
0.00025248
0.000258235
0.000272606
0.000347407
0.000251842
0.000251495
0.000251252
0.000251273
0.000251178
0.000251177
0.000284307
0.000252143
0.000251497
0.000251275
0.000250997
0.000251038
0.000259325
0.000251415
0.000253338
0.000251498
0.000251472
0.000253377
0.000251735
0.000251724
0.000253711
0.000252117
0.000252091
0.000252137
0.000252606
0.000252694
0.00025484
0.000253894
0.000252748
0.000252592
0.000252464
0.000252444
0.000252368
0.000252503
0.000252415
0.00025436
0.000253048
0.000252365
0.000252341
0.000252295
0.000253867
0.000252749
0.000252483
0.000252335
0.000254369
0.000252759
0.000252178
0.000252139
0.000252145
0.000252147
0.000252155
0.000252172
0.000252142
0.00026488
0.000314073
0.000278554
0.000251772
0.000274641
0.000251568
0.000251549
0.000285048
0.000252351
0.000251379
0.000251273
0.000251021
0.00025105
0.000250967
0.00025929
0.000253598
0.000251483
0.000251449
0.000254194
0.00025165
0.000251659
0.000253572
0.000251947
0.00025204
0.000253984
0.000252555
0.000252466
0.000252554
0.000265652
0.000253396
0.000253018
0.000252974
0.000257948
0.000252786
0.000252711
0.000258182
0.000254693
0.000253316
0.000257108
0.000251853
0.000251822
0.000256913
0.000253403
0.00025201
0.00025173
0.000253551
0.000251953
0.000252013
0.000253954
0.000252519
0.000251955
0.000252031
0.000251866
0.000251812
0.000251851
0.00038006
0.000253273
0.000251981
0.000252127
0.000251729
0.000251586
0.000251496
0.000262298
0.000252297
0.000251511
0.000251269
0.000251143
0.000251106
0.000251086
0.000259245
0.000253682
0.000251605
0.000251617
0.000253324
0.000254949
0.00025185
0.000253809
0.000252286
0.000252248
0.000252269
0.0002529
0.000252799
0.000252864
0.000257798
0.000253122
0.000252902
0.000252689
0.000252617
0.000252472
0.000252467
0.000252475
0.000258023
0.000253074
0.000251698
0.000251661
0.000255073
0.000261455
0.000252414
0.000254851
0.000251657
0.000253689
0.000251961
0.000251839
0.000253975
0.000252442
0.000252418
0.000251505
0.000251452
0.000251443
0.000251388
0.000270634
0.000344551
0.000254203
0.000265781
0.000252711
0.000253446
0.000312311
0.000263343
0.000254467
0.000251486
0.000251399
0.000273213
0.000251261
0.000260423
0.00025215
0.000251431
0.000251215
0.000251176
0.000251096
0.000251396
0.000251423
0.000251445
0.000258992
0.000251707
0.000255161
0.000254004
0.000252259
0.000268522
0.000252621
0.000262317
0.000251854
0.000251428
0.000251388
0.000251329
0.000251302
0.000253329
0.000251557
0.00025152
0.000254522
0.000251847
0.000251785
0.000262464
0.0002528
0.000252359
0.000252142
0.000254961
0.000251939
0.000250925
0.000272731
0.000251089
0.00027332
0.000250872
0.00025095
0.000250874
0.000260955
0.000293483
0.000276014
0.000297254
0.000252453
0.000251955
0.000251785
0.000285662
0.000252698
0.000251554
0.000251398
0.000251162
0.000251147
0.000259705
0.000251895
0.000253355
0.00025155
0.000251491
0.000253426
0.000251752
0.000251703
0.00025373
0.000252144
0.000252162
0.000254126
0.000252641
0.000252573
0.000256975
0.000254077
0.000253056
0.000252727
0.000252555
0.00025237
0.000252426
0.000252324
0.000252336
0.000254681
0.000252962
0.000252322
0.000252344
0.000263338
0.000253763
0.000252804
0.000252717
0.000252655
0.000254538
0.000253196
0.000251769
0.000251738
0.000251759
0.000251727
0.000251577
0.000251768
0.000251666
0.000263562
0.000291778
0.000303181
0.000251954
0.000251851
0.000251474
0.000251514
0.000286017
0.000252354
0.000251238
0.000251109
0.000251019
0.000250939
0.000259902
0.000251881
0.000253065
0.000251414
0.000251262
0.00025331
0.000251524
0.000251582
0.000253508
0.000252032
0.000251998
0.000252085
0.000258
0.000252518
0.00026489
0.000260063
0.000252941
0.000252863
0.000252665
0.000252646
0.000252573
0.000252615
0.000252472
0.000254553
0.000253269
0.000252561
0.000252436
0.000252537
0.000254314
0.000252864
0.000252436
0.000252261
0.000254414
0.000252944
0.000251481
0.000251393
0.000251453
0.000251445
0.000251367
0.000251464
0.000251453
0.0002637
0.000267274
0.00030666
0.000251637
0.000273947
0.000251287
0.000251324
0.000262029
0.000251996
0.000251332
0.000251084
0.000250912
0.000250883
0.000250906
0.000259319
0.000253392
0.000251498
0.000251438
0.000253471
0.000251646
0.000251601
0.000251663
0.000252127
0.000252029
0.000252063
0.000254973
0.00025248
0.000252577
0.000256909
0.000253088
0.000252731
0.000252539
0.000252488
0.000252371
0.000252408
0.00025235
0.000254396
0.000252982
0.000252243
0.000252264
0.000252179
0.000263103
0.00025314
0.00025225
0.000252261
0.000254175
0.000252665
0.000251304
0.000251307
0.000251235
0.000251348
0.000251283
0.000251262
0.000251196
0.000253204
0.000261994
0.000342413
0.000270653
0.000251746
0.000251715
0.000251498
0.000251465
0.000280161
0.000251391
0.000251209
0.000251016
0.000250881
0.000250911
0.000250826
0.000253851
0.000251362
0.000251149
0.00025106
0.000251303
0.000251275
0.000251222
0.00025151
0.000251569
0.000251574
0.000253485
0.000252122
0.000252039
0.000254067
0.000258488
0.000252127
0.000251931
0.000254754
0.000251623
0.000251538
0.000251542
0.00025143
0.00025351
0.000251995
0.000258007
0.000253918
0.000252508
0.000269056
0.000252744
0.000251874
0.000251728
0.000251614
0.000251679
0.000251596
0.000251646
0.000253631
0.000252054
0.000252032
0.000254034
0.000252563
0.000252098
0.000297822
0.00027579
0.000251871
0.000273849
0.000251617
0.000251692
0.000251523
0.000251444
0.000284229
0.000252368
0.000251535
0.000251336
0.000251082
0.000259553
0.000251797
0.000251116
0.000251198
0.000251185
0.000251142
0.000253165
0.00025149
0.000251458
0.000258913
0.000251918
0.00025184
0.000253826
0.000252361
0.000264669
0.000256353
0.000253685
0.000252916
0.000252694
0.000252779
0.000252753
0.00025268
0.000252659
0.000252658
0.000250956
0.000250995
0.000250891
0.000250853
0.000260324
0.00025178
0.000251215
0.0002531
0.000251264
0.000251399
0.000253229
0.000251625
0.000251611
0.000251576
0.000252068
0.000251987
0.000255344
0.000252504
0.000262966
0.000283221
0.000325976
0.000252192
0.000252099
0.000251892
0.000251925
0.000288049
0.000252049
0.000251115
0.000251025
0.000250897
0.000250909
0.000259216
0.0002515
0.00025289
0.000251225
0.000251142
0.000254084
0.00025145
0.000251452
0.000253291
0.000251831
0.000251769
0.000253726
0.000252257
0.000252374
0.000264555
0.000254406
0.000252792
0.000252802
0.000250891
0.000250901
0.000250741
0.000250771
0.000250716
0.000250825
0.000250748
0.000252825
0.000251096
0.00025109
0.000253963
0.000251768
0.000254496
0.000251362
0.000251767
0.00025166
0.000251641
0.000254143
0.000252155
0.00025217
0.000254072
0.000252709
0.000251372
0.000253007
0.00031059
0.00025223
0.000251328
0.000251225
0.000251144
0.000251177
0.000251074
0.0002524
0.000251165
0.000250827
0.000252467
0.000250673
0.000253726
0.000273324
0.000250658
0.000250574
0.000250552
0.000250521
0.000250454
0.000250413
0.00025046
0.0002523
0.000250674
0.000250631
0.000252824
0.000262983
0.000251767
0.000253572
0.000251518
0.000251472
0.000253367
0.000251884
0.000251851
0.00025403
0.000252338
0.000251727
0.000251829
0.000262142
0.000278507
0.000277775
0.000250474
0.000250381
0.000250413
0.00025031
0.000250229
0.000250343
0.000250281
0.000250578
0.000250541
0.000250517
0.00026052
0.000252296
0.000251575
0.000253398
0.000251792
0.000280583
0.000297201
0.000251581
0.000279504
0.000273394
0.000284205
0.000284162
0.000310064
0.000274041
0.000270321
0.000287978
0.000307335
0.000281145
0.00029799
0.000273304
0.000285151
0.000284739
0.000251821
0.000295938
0.000274209
0.000312296
0.000277385
0.000296794
0.000276522
0.000286281
0.000287693
0.000274616
0.000324057
0.000250996
0.000272453
0.000273598
0.00029531
0.000295734
0.000296367
0.000295091
0.000301738
0.000284059
0.000294637
0.000296622
0.000282091
0.000273134
0.000290444
0.000296176
0.000290603
0.000273851
0.000273039
0.00027364
0.000279987
0.000272993
0.000273484
0.0002739
0.000323944
0.000999669
0.00059094
0.000536913
0.000266346
0.000253084
0.000251622
0.000308156
0.000319305
0.000319246
0.000357608
0.000289264
0.000324269
0.000367807
0.000341496
0.000273434
0.000340796
0.000333691
0.000334867
0.000338193
0.000340992
0.000346434
0.000318568
0.00034129
0.000295268
0.000300556
0.000372847
0.000305349
0.000297448
0.000333774
0.000343862
0.000344353
0.000319202
0.000317214
0.000342024
0.000322114
0.000303523
0.00027549
0.000251916
0.000285694
0.00029835
0.000273329
0.000275537
0.00027715
0.00028086
0.000290343
0.000280193
0.000274677
0.00028456
0.000340828
0.000318518
0.000274976
0.000297961
0.000333145
0.000325653
0.00029661
0.000318143
0.000317358
0.000344957
0.00032536
0.000319377
0.00034185
0.000382637
0.000342169
0.00031749
0.000319221
0.000329209
0.000318299
0.000320776
0.000317086
0.000362651
0.000298484
0.000308067
0.000359329
0.00034864
0.000333692
0.000329718
0.000312021
0.000320072
0.000320076
0.000294788
0.000296964
0.000323293
0.000295616
0.000365541
0.000370432
0.000360516
0.000318465
0.000348149
0.000318066
0.000330846
0.000302094
0.000323677
0.000344703
0.000305272
0.000301207
0.000330393
0.00033867
0.000328834
0.000350712
0.000303779
0.000318515
0.000326277
0.000297064
0.000296799
0.000340663
0.000316321
0.000340599
0.000316153
0.000359224
0.000340347
0.000316354
0.00032767
0.000296749
0.00035131
0.000327925
0.000274232
0.000319742
0.000319437
0.000322242
0.000318261
0.000318213
0.000318346
0.000317384
0.000307962
0.000349656
0.000321205
0.000317949
0.000298758
0.000321734
0.000324174
0.00034599
0.000344667
0.000332476
0.000320276
0.000330567
0.000363043
0.000325171
0.000314731
0.000317704
0.000341747
0.000272883
0.000320508
0.000340597
0.000331371
0.000375241
0.000307471
0.00034744
0.000318541
0.00034255
0.000295695
0.000295644
0.000367123
0.000280988
0.000250778
0.000250857
0.000252197
0.000251062
0.000250774
0.000250605
0.000252523
0.000250767
0.000250653
0.000250679
