#time [s]
5.5199e-05
9.67e-07
9.26e-07
9.12e-07
9.12e-07
9.1e-07
9.19e-07
9.09e-07
9.11e-07
9.12e-07
9.11e-07
9.11e-07
9.1e-07
9.1e-07
9.05e-07
9.08e-07
9.05e-07
9.08e-07
9.07e-07
9.14e-07
9.05e-07
9.08e-07
9.06e-07
9.09e-07
9.21e-07
9.12e-07
9.07e-07
9.13e-07
9.07e-07
9.11e-07
9.08e-07
9.13e-07
9.08e-07
9.13e-07
9.35e-07
9.08e-07
9.12e-07
9.07e-07
9.17e-07
9.07e-07
9.17e-07
9.06e-07
9.12e-07
9.05e-07
9.11e-07
9.08e-07
9.12e-07
9.05e-07
9.15e-07
9.05e-07
9.1e-07
9.06e-07
9.12e-07
9.06e-07
9.11e-07
9.08e-07
9.18e-07
9.08e-07
9.18e-07
9.09e-07
9.14e-07
9.08e-07
9.14e-07
9.08e-07
9.16e-07
9.08e-07
9.17e-07
9.08e-07
9.33e-07
9.07e-07
9.13e-07
9.06e-07
9.11e-07
9.09e-07
9.12e-07
9.04e-07
9.15e-07
9.05e-07
9.11e-07
9.06e-07
9.12e-07
9.06e-07
9.11e-07
9.06e-07
9.18e-07
9.06e-07
9.17e-07
9.08e-07
9.13e-07
9.08e-07
9.14e-07
9.11e-07
9.17e-07
9.08e-07
9.17e-07
9.07e-07
9.12e-07
9.07e-07
9.12e-07
9.06e-07
9.1e-07
9.22e-07
9.06e-07
9.08e-07
9.04e-07
9.04e-07
9.05e-07
9.08e-07
9.05e-07
9.09e-07
9.06e-07
9.15e-07
9.06e-07
9.1e-07
9.07e-07
9.11e-07
9.08e-07
9.13e-07
9.09e-07
9.13e-07
9.09e-07
9.12e-07
9.08e-07
9.22e-07
9.07e-07
9.12e-07
9.07e-07
9.1e-07
9.07e-07
9.14e-07
9.06e-07
9.08e-07
9.06e-07
9.06e-07
9.04e-07
9.29e-07
9.1e-07
9.05e-07
9.12e-07
9.06e-07
9.17e-07
9.07e-07
9.12e-07
9.07e-07
9.12e-07
9.07e-07
9.13e-07
9.08e-07
9.17e-07
9.1e-07
9.19e-07
9.09e-07
9.13e-07
9.08e-07
9.14e-07
9.08e-07
9.12e-07
9.07e-07
9.17e-07
9.06e-07
9.1e-07
9.06e-07
9.11e-07
9.04e-07
9.11e-07
9.08e-07
9.14e-07
9.05e-07
9.16e-07
9.33e-07
9.11e-07
9.07e-07
9.13e-07
9.08e-07
9.12e-07
9.08e-07
9.18e-07
9.09e-07
9.19e-07
9.09e-07
9.13e-07
9.08e-07
9.13e-07
9.06e-07
9.14e-07
9.07e-07
9.16e-07
9.05e-07
9.11e-07
9.06e-07
9.11e-07
9.05e-07
9.1e-07
9.05e-07
9.13e-07
9.06e-07
9.15e-07
9.07e-07
9.12e-07
9.06e-07
9.12e-07
9.07e-07
9.12e-07
9.35e-07
9.18e-07
9.08e-07
9.19e-07
9.09e-07
9.14e-07
9.08e-07
9.14e-07
9.12e-07
9.15e-07
9.08e-07
9.17e-07
9.06e-07
9.12e-07
9.06e-07
9.11e-07
9.06e-07
9.08e-07
9.05e-07
9.15e-07
9.05e-07
9.15e-07
9.07e-07
9.12e-07
9.06e-07
9.12e-07
9.06e-07
9.14e-07
9.07e-07
9.17e-07
9.08e-07
9.13e-07
9.08e-07
9.14e-07
9.37e-07
9.14e-07
9.11e-07
9.14e-07
9.08e-07
9.17e-07
9.07e-07
9.12e-07
9.06e-07
9.12e-07
9.06e-07
9.1e-07
9.05e-07
9.15e-07
9.05e-07
9.14e-07
9.05e-07
9.1e-07
9.06e-07
9.11e-07
9.08e-07
9.15e-07
9.07e-07
9.16e-07
9.08e-07
9.13e-07
9.08e-07
9.14e-07
9.09e-07
9.14e-07
9.09e-07
9.18e-07
9.07e-07
9.17e-07
9.34e-07
9.15e-07
9.06e-07
9.11e-07
9.06e-07
9.11e-07
9.06e-07
9.15e-07
9.05e-07
9.09e-07
9.04e-07
9.11e-07
9.06e-07
9.11e-07
9.09e-07
9.14e-07
9.07e-07
9.17e-07
9.07e-07
9.12e-07
9.07e-07
9.15e-07
9.09e-07
9.14e-07
9.08e-07
9.19e-07
9.08e-07
9.18e-07
9.07e-07
9.12e-07
9.07e-07
9.13e-07
9.1e-07
9.13e-07
9.33e-07
9.15e-07
9.05e-07
9.11e-07
9.05e-07
9.1e-07
9.04e-07
9.11e-07
9.06e-07
9.14e-07
9.06e-07
9.17e-07
9.09e-07
9.13e-07
9.07e-07
9.13e-07
9.08e-07
9.13e-07
9.09e-07
9.19e-07
9.09e-07
9.11e-07
9.08e-07
9.13e-07
9.07e-07
9.13e-07
9.1e-07
9.14e-07
9.06e-07
9.16e-07
9.05e-07
9.11e-07
9.05e-07
9.1e-07
9.31e-07
9.1e-07
9.05e-07
9.15e-07
9.06e-07
9.16e-07
9.08e-07
9.12e-07
9.08e-07
9.14e-07
9.08e-07
9.16e-07
9.08e-07
9.19e-07
9.09e-07
9.13e-07
9.09e-07
9.13e-07
9.08e-07
9.12e-07
9.07e-07
9.15e-07
9.06e-07
9.16e-07
9.07e-07
9.13e-07
9.06e-07
9.11e-07
9.04e-07
9.09e-07
9.05e-07
9.16e-07
9.06e-07
9.11e-07
9.33e-07
9.13e-07
9.07e-07
9.12e-07
9.11e-07
9.15e-07
9.07e-07
9.19e-07
9.08e-07
9.13e-07
9.08e-07
9.13e-07
9.09e-07
9.13e-07
9.08e-07
9.17e-07
9.07e-07
9.15e-07
9.08e-07
9.12e-07
9.07e-07
9.11e-07
9.06e-07
9.12e-07
9.05e-07
9.16e-07
9.05e-07
9.1e-07
9.07e-07
9.11e-07
9.07e-07
9.12e-07
9.07e-07
9.14e-07
9.36e-07
9.18e-07
9.08e-07
9.15e-07
9.08e-07
9.14e-07
9.09e-07
9.13e-07
9.08e-07
9.18e-07
9.07e-07
9.17e-07
9.07e-07
9.11e-07
9.06e-07
9.11e-07
9.08e-07
9.13e-07
9.05e-07
9.15e-07
9.05e-07
9.1e-07
9.05e-07
9.11e-07
9.04e-07
9.1e-07
9.07e-07
9.17e-07
9.07e-07
9.18e-07
9.09e-07
9.13e-07
9.09e-07
9.15e-07
9.35e-07
9.13e-07
9.08e-07
9.18e-07
9.07e-07
9.12e-07
9.08e-07
9.12e-07
9.06e-07
9.11e-07
9.08e-07
9.13e-07
9.04e-07
9.15e-07
9.05e-07
9.11e-07
9.06e-07
9.11e-07
9.05e-07
9.11e-07
9.07e-07
9.17e-07
9.07e-07
9.17e-07
9.07e-07
9.13e-07
9.08e-07
9.15e-07
9.12e-07
9.15e-07
9.08e-07
9.17e-07
9.08e-07
9.12e-07
9.34e-07
9.13e-07
9.06e-07
9.12e-07
9.06e-07
9.13e-07
9.05e-07
9.16e-07
9.06e-07
9.1e-07
9.05e-07
9.11e-07
9.05e-07
9.1e-07
9.06e-07
9.16e-07
9.06e-07
9.11e-07
9.09e-07
9.13e-07
9.09e-07
9.14e-07
9.11e-07
9.17e-07
9.09e-07
9.18e-07
9.08e-07
9.14e-07
9.08e-07
9.13e-07
9.06e-07
9.12e-07
9.06e-07
9.16e-07
9.33e-07
9.15e-07
9.06e-07
9.11e-07
9.05e-07
9.1e-07
9.05e-07
9.13e-07
9.05e-07
9.16e-07
9.06e-07
9.11e-07
9.07e-07
9.13e-07
9.08e-07
9.13e-07
9.07e-07
9.15e-07
9.08e-07
9.19e-07
9.11e-07
9.14e-07
9.08e-07
9.13e-07
9.07e-07
9.12e-07
9.07e-07
9.17e-07
9.06e-07
9.11e-07
9.07e-07
9.12e-07
9.05e-07
9.12e-07
9.31e-07
9.12e-07
9.05e-07
9.16e-07
9.07e-07
9.11e-07
9.06e-07
9.12e-07
9.07e-07
9.12e-07
9.08e-07
9.19e-07
9.08e-07
9.19e-07
9.1e-07
9.14e-07
9.1e-07
9.14e-07
9.08e-07
9.16e-07
9.07e-07
9.17e-07
9.06e-07
9.11e-07
9.05e-07
9.12e-07
9.06e-07
9.11e-07
9.05e-07
9.13e-07
9.04e-07
9.15e-07
9.07e-07
9.11e-07
9.33e-07
9.13e-07
9.07e-07
9.11e-07
9.08e-07
9.18e-07
9.08e-07
9.2e-07
9.09e-07
9.14e-07
9.09e-07
9.14e-07
9.11e-07
9.16e-07
9.08e-07
9.18e-07
9.07e-07
9.11e-07
9.06e-07
9.12e-07
9.06e-07
9.09e-07
9.06e-07
9.15e-07
9.05e-07
9.15e-07
9.07e-07
9.11e-07
9.05e-07
9.12e-07
9.06e-07
9.15e-07
9.07e-07
9.18e-07
9.34e-07
9.12e-07
9.08e-07
9.15e-07
9.09e-07
9.15e-07
9.11e-07
9.15e-07
9.08e-07
9.17e-07
9.07e-07
9.13e-07
9.07e-07
9.12e-07
9.06e-07
9.1e-07
9.05e-07
9.16e-07
9.05e-07
9.15e-07
9.05e-07
9.11e-07
9.05e-07
9.1e-07
9.09e-07
9.15e-07
9.07e-07
9.17e-07
9.07e-07
9.13e-07
9.08e-07
9.13e-07
9.07e-07
9.12e-07
9.36e-07
9.16e-07
9.08e-07
9.17e-07
9.08e-07
9.14e-07
9.07e-07
9.12e-07
9.06e-07
9.11e-07
9.06e-07
9.15e-07
9.06e-07
9.08e-07
9.05e-07
9.11e-07
9.06e-07
9.12e-07
9.09e-07
9.14e-07
9.06e-07
9.16e-07
9.07e-07
9.14e-07
9.07e-07
9.14e-07
9.09e-07
9.13e-07
9.09e-07
9.19e-07
9.08e-07
9.19e-07
9.07e-07
9.13e-07
9.34e-07
9.13e-07
9.06e-07
9.15e-07
9.06e-07
9.15e-07
9.06e-07
9.09e-07
9.04e-07
9.11e-07
9.05e-07
9.11e-07
9.05e-07
9.13e-07
9.06e-07
9.16e-07
9.08e-07
9.12e-07
9.07e-07
9.13e-07
9.07e-07
9.12e-07
9.09e-07
9.19e-07
9.09e-07
9.13e-07
9.08e-07
9.15e-07
9.07e-07
9.13e-07
9.11e-07
9.14e-07
9.06e-07
9.16e-07
9.32e-07
9.11e-07
9.06e-07
9.11e-07
9.04e-07
9.09e-07
9.05e-07
9.15e-07
9.06e-07
9.17e-07
9.07e-07
9.13e-07
9.07e-07
9.12e-07
9.08e-07
9.15e-07
9.08e-07
9.19e-07
9.09e-07
9.13e-07
9.09e-07
9.13e-07
9.08e-07
9.12e-07
9.08e-07
9.15e-07
9.07e-07
9.16e-07
9.07e-07
9.12e-07
9.06e-07
9.11e-07
9.06e-07
9.1e-07
9.32e-07
9.14e-07
9.05e-07
9.15e-07
9.05e-07
9.12e-07
9.06e-07
9.12e-07
9.1e-07
9.16e-07
9.07e-07
9.18e-07
9.08e-07
9.13e-07
9.08e-07
9.14e-07
9.08e-07
9.13e-07
9.07e-07
9.18e-07
9.08e-07
9.17e-07
9.08e-07
9.12e-07
9.06e-07
9.12e-07
9.05e-07
9.13e-07
9.05e-07
9.15e-07
9.05e-07
9.09e-07
9.05e-07
9.11e-07
9.32e-07
9.12e-07
9.1e-07
9.15e-07
9.07e-07
9.18e-07
9.08e-07
9.13e-07
9.08e-07
9.15e-07
9.09e-07
9.13e-07
9.08e-07
9.18e-07
9.08e-07
9.18e-07
9.07e-07
9.13e-07
9.06e-07
9.12e-07
9.08e-07
9.14e-07
9.05e-07
9.14e-07
9.05e-07
9.1e-07
9.05e-07
9.11e-07
9.05e-07
9.11e-07
9.06e-07
9.17e-07
9.07e-07
9.18e-07
9.33e-07
9.14e-07
9.08e-07
9.14e-07
9.08e-07
9.13e-07
9.08e-07
9.18e-07
9.08e-07
9.12e-07
9.08e-07
9.12e-07
9.04e-07
9.12e-07
9.09e-07
9.14e-07
9.06e-07
9.15e-07
9.04e-07
9.11e-07
9.04e-07
9.11e-07
9.06e-07
9.1e-07
9.06e-07
9.16e-07
9.07e-07
9.17e-07
9.07e-07
9.13e-07
9.07e-07
9.13e-07
9.12e-07
9.33e-07
9.09e-07
9.19e-07
9.09e-07
9.13e-07
9.08e-07
9.11e-07
9.07e-07
9.12e-07
9.07e-07
9.14e-07
9.05e-07
9.15e-07
9.07e-07
9.1e-07
9.05e-07
9.11e-07
9.06e-07
9.1e-07
9.06e-07
9.16e-07
9.07e-07
9.11e-07
9.07e-07
9.12e-07
9.06e-07
9.13e-07
9.11e-07
9.17e-07
9.09e-07
9.18e-07
9.08e-07
9.15e-07
9.08e-07
9.33e-07
9.08e-07
9.11e-07
9.07e-07
9.18e-07
9.07e-07
9.16e-07
9.06e-07
9.11e-07
9.05e-07
9.11e-07
9.05e-07
9.13e-07
9.05e-07
9.16e-07
9.06e-07
9.11e-07
9.07e-07
9.13e-07
9.07e-07
9.13e-07
9.08e-07
9.16e-07
9.08e-07
9.19e-07
9.11e-07
9.15e-07
9.09e-07
9.14e-07
9.07e-07
9.12e-07
9.07e-07
9.17e-07
9.07e-07
9.34e-07
9.06e-07
9.11e-07
9.05e-07
9.1e-07
9.07e-07
9.13e-07
9.05e-07
9.15e-07
9.06e-07
9.1e-07
9.06e-07
9.11e-07
9.07e-07
9.11e-07
9.08e-07
9.17e-07
9.07e-07
9.18e-07
9.1e-07
9.14e-07
9.08e-07
9.15e-07
9.08e-07
9.14e-07
9.08e-07
9.18e-07
9.07e-07
9.12e-07
9.07e-07
9.12e-07
9.05e-07
9.11e-07
9.06e-07
9.28e-07
9.04e-07
9.15e-07
9.06e-07
9.12e-07
9.05e-07
9.12e-07
9.07e-07
9.11e-07
9.07e-07
9.17e-07
9.08e-07
9.18e-07
9.08e-07
9.13e-07
9.08e-07
9.14e-07
9.11e-07
9.17e-07
9.08e-07
9.18e-07
9.07e-07
9.11e-07
9.07e-07
9.11e-07
9.06e-07
9.1e-07
9.05e-07
9.15e-07
9.06e-07
9.14e-07
9.06e-07
9.12e-07
9.06e-07
9.31e-07
9.06e-07
9.11e-07
9.06e-07
9.17e-07
9.07e-07
9.11e-07
9.08e-07
9.14e-07
9.08e-07
9.15e-07
9.11e-07
9.16e-07
9.08e-07
9.18e-07
9.08e-07
