#time [s]
0.00070146
0.000708073
0.000727766
0.000698832
0.000710695
0.000706277
0.0006988
0.000700084
0.000703654
0.000697381
0.00069661
0.000700451
0.000716232
0.000696255
0.000696341
0.000700342
0.00070816
0.000696641
0.00070792
0.000706074
0.000699274
0.000706835
0.000696411
0.000697048
0.000706617
0.000732563
0.00072054
0.0007347
0.000703561
0.000700415
0.000696534
0.000701366
0.000702219
0.000696886
0.000695413
0.000715719
0.000702614
0.000704047
0.000695548
0.000697529
0.0006971
0.000706555
0.000695954
0.000702429
0.000695359
0.000696708
0.000703667
0.000696604
0.000714185
0.000700196
0.000695055
0.000705703
0.000709397
0.00069695
0.000695397
0.000696872
0.000695314
0.000697127
0.00071083
0.000696525
0.000695578
0.00069549
0.00069892
0.00069702
0.000698267
0.000695622
0.00070117
0.000695561
0.000695401
0.00071068
0.000696148
0.000700037
0.000725858
0.000695598
0.000707332
0.000705335
0.000697046
0.000697997
0.000701783
0.000703231
0.000701591
0.000711957
0.00070099
0.000702731
0.000702412
0.000695259
0.000700395
0.000707411
0.000700451
0.000696066
0.000695306
0.000702587
0.000701841
0.000697087
0.000704869
0.000710338
0.000696054
0.000706709
0.000704032
0.000695472
0.000710051
0.000697251
0.000700519
0.000708613
0.000695345
0.000701551
0.00071505
0.000696914
0.000697029
0.000695462
0.00070358
0.000700694
0.000705163
0.000696966
0.000703798
0.000699129
0.000695283
0.000695225
0.000724371
0.000697244
0.000695995
0.000705852
0.000695714
0.000695215
0.000703437
0.000695408
0.000700316
0.00070392
0.000695108
0.000702127
0.000713506
0.000697659
0.000700063
0.000695508
0.000700532
0.000695297
0.000706922
0.000697834
0.000700248
0.000695525
0.000694953
0.000695264
0.000752741
0.000699162
0.000698006
0.0007086
0.00069603
0.000699594
0.00069537
0.000697436
0.000697093
0.000695651
0.00069699
0.000695291
0.000695161
0.000716887
0.00069745
0.000704264
0.000695628
0.000702026
0.00069503
0.000701539
0.000695311
0.000697225
0.000696548
0.000695592
0.000791734
0.000697945
0.000695492
0.000695493
0.000712864
0.000703912
0.000711972
0.000695847
0.000697019
0.00070141
0.000695515
0.000702492
0.00070988
0.000702737
0.000697103
0.000696781
0.000700177
0.000697079
0.000705801
0.000699621
0.000700234
0.000697211
0.000695176
0.000695099
0.000695081
0.000737386
0.000735937
0.00069789
0.000696204
0.000695503
0.00070482
0.000695702
0.000704367
0.000704197
0.00069691
0.000702609
0.000716127
0.000703093
0.00069566
0.000702041
0.000696708
0.000696921
0.000695117
0.00070359
0.000699685
0.000697203
0.000695174
0.000695407
0.000695203
0.000717041
0.000697411
0.000700258
0.000714439
0.000702436
0.000695531
0.00071246
0.000702055
0.000695857
0.000695288
0.000698767
0.000700523
0.000710918
0.000697139
0.000696126
0.000701918
0.000695384
0.000695232
0.00070631
0.000703993
0.000702322
0.000695411
0.000695515
0.000696845
0.000737411
0.00069626
0.000696824
0.000707611
0.000697249
0.000696878
0.000704812
0.000695554
0.000697678
0.000696756
0.000696945
0.000700316
0.000708647
0.000696017
0.000695545
0.000696361
0.000696906
0.000695378
0.000710586
0.000705046
0.000695458
0.000695406
0.000695406
0.000703485
0.000718442
0.000696002
0.000695472
0.000712816
0.000695943
0.000706067
0.000703937
0.000700151
0.000695275
0.000698984
0.000702009
0.000710495
0.000697152
0.000696178
0.000700622
0.000695295
0.000695369
0.000704906
0.000704069
0.000700983
0.000695568
0.000695465
0.00070546
0.000697528
0.000695723
0.000726258
0.00069748
0.000696735
0.000706849
0.000695609
0.000702658
0.000699739
0.000701788
0.000721565
0.000705586
0.000695796
0.000695612
0.000701765
0.000702941
0.000707037
0.000702044
0.000695793
0.000700168
0.000707526
0.000698446
0.000704696
0.000703186
0.000696954
0.000751377
0.000713529
0.000703022
0.000705424
0.000697111
0.000695843
0.000696714
0.000701699
0.00070008
0.000705326
0.000701628
0.000695182
0.000695466
0.000696642
0.000707039
0.000696063
0.000697215
0.000699763
0.000695401
0.000699472
0.000707345
0.000700602
0.000761465
0.000699018
0.000711422
0.000697274
0.000709351
0.000704512
0.00069706
0.00069686
0.000700007
0.000700949
0.000695244
0.000695276
0.000695222
0.000712326
0.000697148
0.000695824
0.00070179
0.000695339
0.000695141
0.000702151
0.000696699
0.000696713
0.000706401
0.000724365
0.000703008
0.000702587
0.000713792
0.000697662
0.000695511
0.000705461
0.000695674
0.00069573
0.000695329
0.000703147
0.000696829
0.000699974
0.000702023
0.000708777
0.000701738
0.000703054
0.000696831
0.00069914
0.000695734
0.000695173
0.000705066
0.00069575
0.000699613
0.000710426
0.00069649
0.000695976
0.000706708
0.000704916
0.0006959
0.000697242
0.000696501
0.000695702
0.000695281
0.000695486
0.000714927
0.000697241
0.000704389
0.000695679
0.000699235
0.000700454
0.000695387
0.000707186
0.000697676
0.000696178
0.000695383
0.000695404
0.000701679
0.000703594
0.000725778
0.000709642
0.000698165
0.000695587
0.000703826
0.000695396
0.00069529
0.000704473
0.000697094
0.000696665
0.00069559
0.000695199
0.000695207
0.000695302
0.000711042
0.000697695
0.000695785
0.000695324
0.000702391
0.000701591
0.000696519
0.000707063
0.000711405
0.000696316
0.000699106
0.000695575
0.000695587
0.000707185
0.000728903
0.000701547
0.00070258
0.000701802
0.000702475
0.000706114
0.00070452
0.000695701
0.000697081
0.000695244
0.00069534
0.000709094
0.00069735
0.000697592
0.000695602
0.000696914
0.000699591
0.000714403
0.000695491
0.000695504
0.000701828
0.000728959
0.000697802
0.000704561
0.000695592
0.000696893
0.000709334
0.000695951
0.000697067
0.000696641
0.000706444
0.000696196
0.000695723
0.000697745
0.0006953
0.000695168
0.000696267
0.000710283
0.000695456
0.000696855
0.000697194
0.000697064
0.000700269
0.000698531
0.000704665
0.000699374
0.000703275
0.000822214
0.0007282
0.000708248
0.000698421
0.000715775
0.000696104
0.000695628
0.000696951
0.000696558
0.000697738
0.000695555
0.000705259
0.000702207
0.000701521
0.000695838
0.000721435
0.000695981
0.000701721
0.000713766
0.000698192
0.00069604
0.000699733
0.000695492
0.000695252
0.000696439
0.000720379
0.000716334
0.000697431
0.000695888
0.000695778
0.000695669
0.000708123
0.000731091
0.000696087
0.000702262
0.000703417
0.000703632
0.000705429
0.000695791
0.00070841
0.000695372
0.000695209
0.000702147
0.00071193
0.000703847
0.000695834
0.000701159
0.000695295
0.000695191
0.000704869
0.000696811
0.000697148
0.000695502
0.000770134
0.0007152
0.000713117
0.000696305
0.000697095
0.000708832
0.000696005
0.000697179
0.00070432
0.000695711
0.000695344
0.000704205
0.000700351
0.000695297
0.000717769
0.000702694
0.000695455
0.000703707
0.000703838
0.000699884
0.00070666
0.000695449
0.000695493
0.000695298
0.000696688
0.000703893
0.000757898
0.000705204
0.000696083
0.00070219
0.000697242
0.000707324
0.000697703
0.000701284
0.000707875
0.00069537
0.000695225
0.000709187
0.000704473
0.000697635
0.000695712
0.000695285
0.000701796
0.000712176
0.000697086
0.000695496
0.000695497
0.000699453
0.000695271
0.000711873
0.000695641
0.001059101
0.000752651
0.000743797
0.000696431
0.000710274
0.000700154
0.000695357
0.000703542
0.00070077
0.000701163
0.000698144
0.00071783
0.000695909
0.000695722
0.00069687
0.000696974
0.000695562
0.000697268
0.000709642
0.000702868
0.000702473
0.000696128
0.000696911
0.000753916
0.000706333
0.00072069
0.000696205
0.000704558
0.000697448
0.000702293
0.000695681
0.000711806
0.000703186
0.000702853
0.000697449
0.000696992
0.000695646
0.000713067
0.000696662
0.000695774
0.000695585
0.000695377
0.000696939
0.000696618
0.000706254
0.000696194
0.000747983
0.000703851
0.000702981
0.000697388
0.000697278
0.0007012
0.000726681
0.000703016
0.000695694
0.000695423
0.000706458
0.000697631
0.000695893
0.000695906
0.000705114
0.000703587
0.000709234
0.000695599
0.000702891
0.000696187
0.000697121
0.000699988
0.000706604
0.000705209
0.000713111
0.000713435
0.000704283
0.000727081
0.000709705
0.000695849
0.000704186
0.000701085
0.000716754
0.000705959
0.00070598
0.000695403
0.000695379
0.000702178
0.000700863
0.000716208
0.000700459
0.000697659
0.000695378
0.00070159
0.000705345
0.000697456
0.000704621
0.000695691
0.000701289
0.000709351
0.000705148
0.000702397
0.000695372
0.000708043
0.000709821
0.000707331
0.000701896
0.000697948
0.000701938
0.000704015
0.00069737
0.000696736
0.000703172
0.000701055
0.000716959
0.0006959
0.000697156
0.000696932
0.000700444
0.000696821
0.000695136
0.000695169
0.000695168
0.000696445
0.000708151
0.000716517
0.000724494
0.000702969
0.000704552
0.000702063
0.000695408
0.000695405
0.000713844
0.000697643
0.000695948
0.000695451
0.000701996
0.000695301
0.000696582
0.000696711
0.000710825
0.000702283
0.000704867
0.000695344
0.000695429
0.000699524
0.000696614
0.000725635
0.00070184
0.000722039
0.000695694
0.000695288
0.000695341
0.000696721
0.000708804
0.000696273
0.000712255
0.00070101
0.000695532
0.000695164
0.000702176
0.00070378
0.000696898
0.000714987
0.00069586
0.000695512
0.000695463
0.000696827
0.000696773
0.000699977
0.000698075
0.000701933
0.000695641
0.000702525
0.000696892
0.000729085
0.000711389
0.000702936
0.000695501
0.000695607
0.000701746
0.000696935
0.000707015
0.000699762
0.000701801
0.000699505
0.000702338
0.000711985
0.000717342
0.000702402
0.000695562
0.000702736
0.000696971
0.000698871
0.000707645
0.000704756
0.000695494
0.000715973
0.000699412
0.00070644
0.00069582
0.000696789
0.000696576
0.000712874
0.000705029
0.000706954
0.000697478
0.000700823
0.000708691
0.000695218
0.000695187
0.003171429
0.003271352
0.00203783
0.00173608
0.000885948
0.000800758
0.000753228
0.000747347
0.000715639
0.000696586
0.000705358
0.000702175
0.000713675
0.000729525
0.00071312
0.000700795
0.000702385
0.000702239
0.000701602
0.00069517
0.000695027
0.000714271
0.000703706
0.000695675
0.000697187
0.000745806
0.000767793
0.000697418
0.000697993
0.000705609
0.000699818
0.000704242
0.000696741
0.000703876
0.000700008
0.000701759
0.000703779
0.000727925
0.000702552
0.000702186
0.000695251
0.000696817
0.000696972
0.000695179
0.000705748
0.000702242
0.000702014
0.000724322
0.000698063
0.000697827
0.00070614
0.000696869
0.000705736
0.000702149
0.000697149
0.000696827
0.000696876
0.000695531
0.000708809
0.000696027
0.000695577
0.000696774
0.000697017
0.000695525
0.000698902
0.000704884
0.000702635
0.000698777
0.000697037
0.000696902
0.000695553
0.000695227
0.000726664
0.000707433
0.000695973
0.000696466
0.000698973
0.000695274
0.000695239
0.000706466
0.000701509
0.00070129
0.00070219
0.000701671
0.000695115
0.000702224
0.000711793
0.000697204
0.000699866
0.000702388
0.000702055
0.000695113
0.000700803
0.000706581
0.000732076
0.000700989
0.00069834
0.000696838
0.000696297
0.000705118
0.000710921
0.000703178
0.000702524
0.000696598
0.00069679
0.000701078
0.00071093
0.000696234
0.000695319
0.000695153
0.000698617
0.000696445
0.000696726
0.000715609
0.000697479
0.000695611
0.000695477
0.000699788
0.000695031
0.000695005
0.000706006
0.000728028
0.000697531
0.000695448
0.000699044
0.000696789
0.000715594
0.000723147
0.000696299
0.000751857
0.000738347
0.000695753
0.000696877
0.000697973
0.000697668
0.000697029
0.0006974
0.000695561
0.000697195
0.000719332
0.000695687
0.000695516
0.000702802
0.000696799
0.000703792
0.000709465
0.000695641
0.000695493
0.000697219
0.000695378
0.000719517
0.000711384
0.000704131
0.000697006
0.000716824
0.00069598
0.000704882
0.000697188
0.000697309
0.000695387
0.00070138
0.000701081
0.000711534
0.000697898
0.0006991
0.000695641
0.000695329
0.000694929
0.00070422
0.00069661
0.000696558
0.000698054
0.000702033
0.000712062
0.00069694
0.000723086
0.000696436
0.000706443
0.000695649
0.000708306
0.000703968
0.000697141
0.000695601
0.000700887
0.000715766
0.000696064
0.000695692
0.000696825
0.000696872
0.000695445
0.000704864
0.00069721
0.000695427
0.000696667
0.000695049
0.000705805
0.000695645
0.00069678
0.000705883
0.001172262
0.000706598
0.000696259
0.000696974
0.000695417
0.000696836
0.000697448
0.000695564
0.000696709
0.000696949
