#time [s]
0.000855735
0.000924862
0.000856758
0.000854989
0.000860016
0.000863747
0.000862281
0.000865931
0.000864812
0.000863244
0.000853603
0.000853273
0.001025606
0.000859659
0.000860349
0.000856781
0.00089933
0.000858962
0.000859391
0.000861198
0.00086957
0.000860444
0.000865667
0.000881512
0.000862345
0.000866984
0.000867063
0.000884839
0.000938146
0.000856553
0.000930278
0.000874957
0.000853933
0.00085565
0.00085679
0.000885774
0.000961969
0.00086173
0.000864598
0.000895327
0.000859692
0.000864514
0.000867791
0.000882613
0.000903735
0.000916652
0.000867099
0.000857416
0.000864215
0.000862142
0.000882894
0.000865594
0.000867201
0.00085783
0.000950757
0.00085559
0.000857517
0.000864812
0.000880864
0.000981509
0.000884331
0.000856418
0.000865539
0.000857401
0.000868809
0.000860396
0.000889228
0.000880365
0.00085902
0.000867185
0.000874351
0.000865748
0.000859124
0.000859341
0.000874553
0.00085783
0.000868438
0.000856569
0.000868427
0.000858069
0.000857825
0.000860038
0.000865503
0.000867942
0.000858821
0.000859633
0.000861386
0.000865805
0.000860808
0.000859148
0.000877164
0.000914742
0.000856334
0.000856039
0.000867497
0.000856471
0.000858358
0.000868051
0.000895301
0.00086142
0.0008628
0.000860515
0.000859779
0.000864643
0.000857341
0.000857946
0.0008595
0.00096568
0.000892968
0.00085672
0.000857105
0.000865577
0.000858509
0.00086028
0.000865698
0.000868683
0.000858677
0.000859062
0.000875411
0.000865818
0.000868214
0.000859015
0.000873996
0.00085803
0.000858113
0.000897993
0.000866196
0.000860183
0.000858032
0.000858842
0.000863709
0.000867514
0.000859184
0.000860036
0.000867508
0.000870004
0.00086653
0.00086786
0.000862332
0.000929146
0.000872928
0.000865889
0.000879827
0.000855063
0.000857801
0.000876953
0.000859893
0.000863076
0.000860114
0.000873614
0.000864147
0.000867463
0.000858793
0.000858934
0.000975464
0.00085626
0.000857736
0.000864735
0.000856192
0.00085803
0.000860529
0.000865668
0.000868898
0.000862394
0.000858518
0.000861863
0.000865813
0.000858145
0.000864137
0.000863443
0.000987159
0.000855963
0.000891002
0.000855277
0.00086264
0.000865579
0.000864378
0.000862834
0.000878715
0.000858019
0.000859348
0.000863975
0.000870764
0.00085893
0.000863736
0.000880445
0.000974844
0.000856604
0.000858109
0.000868694
0.000863806
0.000865786
0.000860409
0.000890729
0.000861642
0.000857194
0.000863485
0.000868444
0.000867876
0.000858861
0.000859206
0.000865434
0.000972853
0.00093409
0.000867293
0.000855002
0.000862477
0.000866806
0.000885434
0.000871437
0.000868841
0.000863654
0.000865859
0.000853302
0.000855206
0.000866186
0.000880718
0.000926411
0.000868148
0.000853202
0.000896935
0.000858227
0.000862241
0.000866249
0.000880311
0.000864122
0.000866583
0.000858217
0.000873155
0.000869391
0.000857012
0.000857581
0.000872284
0.000908309
0.000858398
0.000882837
0.000870441
0.000863689
0.000857733
0.000860008
0.000882185
0.00085863
0.000857732
0.000859273
0.00087824
0.000858
0.00085761
0.000860806
0.000881696
0.000961032
0.000895413
0.000860176
0.000869543
0.000861243
0.000861879
0.000867494
0.000885356
0.000860053
0.000944409
0.000853761
0.000868222
0.000858607
0.000859584
0.000888375
0.000943
0.000858922
0.000895645
0.000855483
0.000871966
0.000867104
0.00086018
0.000862407
0.00088524
0.000866663
0.000860128
0.0008642
0.000883951
0.000854928
0.00085691
0.000857487
0.000962121
0.000857286
0.000917938
0.000866545
0.00085759
0.000858931
0.000867822
0.000886192
0.000860709
0.000859624
0.000862296
0.000878319
0.000865831
0.000859715
0.000862949
0.000868259
0.000944812
0.000856646
0.000864855
0.000857923
0.000857508
0.00085703
0.000882499
0.000863503
0.000885362
0.000856477
0.000868057
0.000857748
0.000864975
0.000862336
0.000870238
0.000858157
0.000962716
0.000856866
0.000865959
0.000856204
0.000857027
0.000865372
0.00088739
0.00086793
0.000883874
0.000855759
0.000865882
0.000857289
0.000859792
0.00086771
0.000878825
0.000950101
0.000895198
0.000879924
0.000867066
0.000858003
0.000861966
0.000864946
0.00088611
0.0008661
0.000864757
0.000863708
0.000881505
0.000873612
0.000858912
0.00086159
0.001002796
0.000863245
0.000874313
0.000856827
0.000871297
0.000860372
0.000865457
0.000873885
0.000854645
0.000855381
0.000860944
0.000857326
0.000883005
0.0008665
0.000872534
0.000867716
0.000921925
0.000856266
0.000892775
0.000854122
0.00085698
0.000857299
0.000859271
0.000868534
0.000872848
0.000868911
0.000856343
0.000856747
0.000858417
0.000865012
0.00086008
0.000865837
0.000955069
0.000882627
0.00089793
0.000854793
0.000856999
0.000857637
0.000863844
0.00086705
0.000884427
0.000858831
0.000867311
0.000867627
0.000879795
0.000872998
0.000858974
0.000861928
0.000957368
0.000860863
0.000899021
0.000854971
0.000866673
0.000858045
0.000859672
0.000867528
0.000890443
0.00085859
0.000859673
0.000860769
0.000879186
0.000859828
0.000859071
0.000862088
0.000992684
0.000856251
0.000890847
0.000855906
0.000867544
0.000858326
0.000859622
0.000861818
0.000885863
0.00086882
0.000868649
0.000853484
0.000865786
0.000855616
0.000857218
0.000862788
0.000925547
0.000865686
0.000858083
0.000857616
0.000864685
0.000857648
0.000857413
0.000865971
0.000888478
0.000869168
0.000868278
0.000865309
0.000879438
0.000858819
0.000872282
0.000870917
0.000875675
0.000854462
0.000892968
0.000855875
0.000864733
0.000855779
0.0008632
0.000864338
0.00088362
0.000868223
0.000859486
0.000867852
0.00088098
0.000871946
0.000859408
0.00086617
0.000901698
0.000882023
0.000856577
0.000855414
0.000865448
0.000857206
0.000857959
0.000865458
0.000882339
0.000867752
0.000867442
0.000859233
0.000861407
0.000866338
0.000863703
0.000858586
0.00086092
0.00105824
0.000972909
0.000868604
0.00087102
0.000859848
0.000858159
0.000857801
0.000879526
0.000874284
0.000971498
0.000859295
0.000874331
0.00086484
0.000861848
0.00086646
0.000892905
0.000935368
0.000901023
0.000918797
0.000866174
0.000856632
0.000853097
0.000855237
0.000886829
0.000860119
0.000865577
0.000859822
0.000925797
0.000855011
0.000856946
0.00086431
0.000992628
0.000857047
0.000893316
0.000858247
0.000870451
0.000865539
0.000867914
0.000868215
0.000880357
0.000861557
0.00086602
0.000871278
0.000888328
0.00085869
0.00086659
0.000860964
0.001001913
0.000858505
0.000894228
0.000855979
0.000857833
0.000859634
0.000867543
0.000868133
0.000858746
0.000861968
0.00086113
0.000880424
0.000868134
0.000879992
0.000854541
0.000870969
0.001065274
0.000858169
0.00090158
0.000867902
0.000856385
0.000857781
0.000868248
0.000881914
0.000897674
0.000868596
0.000865596
0.000865089
0.000861609
0.000868918
0.000865123
0.000865518
0.001001047
0.00092097
0.000868349
0.00085664
0.000865116
0.000862616
0.000881227
0.000872225
0.000867611
0.000866614
0.000873898
0.000870885
0.000867825
0.000869073
0.000861614
0.000963785
0.000939512
0.000929844
0.000941682
0.00094993
0.000931336
0.00096677
0.001029145
0.001161559
0.00110238
0.001049935
0.00107684
0.000968281
0.000959955
0.00095621
0.001123997
0.001146516
0.001082577
0.001058645
0.001218037
0.00110367
0.001026455
0.001167291
0.00112619
0.001105842
0.001172896
0.001154656
0.001083422
0.001117063
0.001147796
0.001107481
0.001078529
0.001080169
0.001048791
0.001140624
0.001160444
0.00108694
0.001182496
0.001157723
0.001103406
0.001164313
0.001147893
0.00111371
0.001101349
0.001156977
0.001117542
0.001054362
0.001126831
0.00111382
0.001081137
0.00120883
0.001195495
0.001101643
0.001140951
0.001181856
0.001094748
0.001064217
0.001141288
0.001091993
0.001065286
0.000862317
0.000916941
0.000858445
0.000891527
0.000867752
0.000858317
0.000862396
0.000859498
0.000861992
0.000869355
0.000859234
0.000866475
0.000866488
0.000865622
0.00085853
0.000867204
0.000861739
0.000964055
0.000869522
0.000902502
0.000855993
0.000858043
0.000863741
0.00086726
0.000861975
0.000867134
0.000853157
0.000853463
0.000861558
0.000878025
0.000867472
0.000871624
0.0008675
0.000957239
0.000854151
0.000885754
0.000857113
0.000867932
0.00085954
0.00085951
0.000862463
0.000887961
0.000858537
0.000858704
0.000862719
0.000879362
0.00085959
0.000858344
0.000860144
0.000990941
0.000858371
0.000871885
0.000889718
0.000866761
0.000854668
0.000858318
0.000860915
0.000880113
0.000865703
0.000863231
0.000854154
0.000933659
0.000856121
0.000880284
0.000854727
0.00095248
0.000884325
0.000939717
0.000861221
0.000871872
0.000863656
0.000866659
0.000867855
0.000883334
0.000860944
0.000868628
0.000857438
0.000857637
0.000860037
0.000869856
0.000880928
0.000928225
0.000886949
0.000900657
0.000870171
0.000858508
0.000865351
0.00086617
0.000882578
0.00087332
0.000859209
0.000863861
0.000875982
0.000871021
0.0008666
0.000859518
0.000861956
0.000971426
0.000893236
0.00085812
0.000855653
0.000861324
0.000866444
0.000886474
0.000866335
0.000872822
0.000867077
0.000859292
0.000862118
0.00086597
0.000858868
0.000858423
0.000882948
0.000855507
0.000892643
0.000855619
0.000860887
0.000890906
0.000854576
0.000856318
0.000873067
0.000857151
0.000866805
0.000870825
0.000882648
0.000860092
0.000858314
0.000860512
0.000996337
0.000859398
0.000856635
0.000857067
0.000919747
0.000854897
0.000853276
0.000855653
0.000875758
0.000862564
0.000870237
0.000867208
0.000880153
0.000859363
0.000866295
0.000865445
0.001005703
0.000857993
0.000895875
0.000856167
0.000868365
0.000859078
0.00091145
0.000862474
0.000884251
0.000856171
0.000855396
0.000857861
0.000870939
0.000861032
0.000865146
0.000868975
0.000980213
0.000959391
0.000897124
0.000860439
0.000876767
0.00085572
0.000856544
0.000873773
0.000898768
0.00088114
0.000857461
0.000857903
0.00088106
0.000870016
0.000858972
0.000922099
0.000957754
0.000855904
0.000892431
0.000854467
0.000858446
0.00085728
0.000865507
0.000867153
0.000868384
0.000868032
0.000858787
0.000860575
0.000873088
0.000858968
0.000868361
0.000861162
0.001028533
0.000859169
0.000857444
0.000867974
0.000856678
0.000867836
0.000860204
0.000887287
0.000873821
0.000866467
0.00085941
0.00088022
0.00086665
0.000866689
0.000857982
0.00087933
0.000937598
0.00085814
0.000895969
0.000865947
0.000856958
0.000865291
0.00085903
0.000884182
0.00085852
0.000857617
0.000865191
0.000862683
0.000864629
0.000858813
0.000861022
0.000862866
0.001003461
0.00085646
0.000882163
0.000855105
0.000857446
0.000859556
0.00086426
0.000868042
0.000868432
0.000859452
0.000858473
0.00086274
0.000866867
0.000858924
0.000858797
0.000866364
0.000989471
0.000862321
0.00085561
0.00085483
0.000872578
0.00085827
0.000860946
0.000869384
0.000875896
0.00085749
0.000859766
0.000869321
0.000875748
0.000858087
0.000862516
0.000867801
0.000997371
0.000857175
0.000895552
0.000857215
0.000866807
0.000858592
0.000859473
0.000867591
0.000884434
0.000859886
0.000859146
0.000866808
0.000866318
0.000859182
0.000862183
0.000882451
0.000938799
0.000855284
0.000890782
0.000864057
0.000856685
0.000861006
0.000859765
0.000880551
0.000866892
0.000863913
0.000853815
0.000981967
0.000857606
0.000858789
0.000865124
0.000882127
0.000952835
0.000920505
0.000863528
0.000864215
0.000859048
0.000865259
0.000881599
0.000866368
0.000858865
0.000859036
0.000870486
0.000866645
0.000859701
0.000858008
0.000867534
0.000968324
0.00085886
0.000911686
0.000868568
0.00085704
0.000853227
0.000853874
0.000857883
0.000870561
0.000868552
0.000863306
0.000874215
0.000884586
0.000857425
0.000856077
0.000859059
0.001038983
0.000857208
0.000856744
0.000854389
0.000858895
0.000857994
0.000864653
0.00087032
0.000875844
0.000859878
0.000859663
0.000861378
0.00088468
0.000867695
0.000859661
0.000860916
0.000967261
0.000877469
0.000892353
0.000858159
0.000863047
0.000863336
0.000870557
0.00086777
0.000886549
0.000859935
0.000883342
0.000854439
0.000868109
0.000866437
0.000867593
0.000866303
0.000984933
0.000854917
0.000890619
0.000929872
0.000857852
0.000858583
0.000856614
0.000859738
0.000881633
0.000860405
0.00085953
0.000866791
0.000888442
0.000859228
0.00086008
0.000861328
0.000994884
0.000855766
0.00089286
0.000854926
0.000871902
0.000854795
0.000858772
0.000856714
