#time [s]
0.000864722
0.000842419
0.000840584
0.00084576
0.000846075
0.000851683
0.000841482
0.000841766
0.000839512
0.000846563
0.000850532
0.000847698
0.000913455
0.000859452
0.000846347
0.000849279
0.000896421
0.000842464
0.000839274
0.000842498
0.00084076
0.000839539
0.00085562
0.000842284
0.000841532
0.000844842
0.000839475
0.000839518
0.000840907
0.000845205
0.00085096
0.000847675
0.00085121
0.000839745
0.000840731
0.000854245
0.000936638
0.000840255
0.000846299
0.00084722
0.000841551
0.000839148
0.000839273
0.000855023
0.000841453
0.000841452
0.000840327
0.000839462
0.000839435
0.000916483
0.000841288
0.000840724
0.00084069
0.000875982
0.00085149
0.00084974
0.000846386
0.000846186
0.000839739
0.000839643
0.000862426
0.000848698
0.000840244
0.000841624
0.000839544
0.000846081
0.000858329
0.000849028
0.000840302
0.000845162
0.000839641
0.000971483
0.000854511
0.000852727
0.000841407
0.000839544
0.000839696
0.000855729
0.000841008
0.00084768
0.00084408
0.000839334
0.000865154
0.00084175
0.000841495
0.000841702
0.000840665
0.000846204
0.00086098
0.000841588
0.000918747
0.000840595
0.00084011
0.000849573
0.000859654
0.000847542
0.000844755
0.000841532
0.000848855
0.000846316
0.000847511
0.000841144
0.000840122
0.000860192
0.000846171
0.000843254
0.000841011
0.000840148
0.000874384
0.000844193
0.000839709
0.000847699
0.000906295
0.000839359
0.000838745
0.000855504
0.00084088
0.00085039
0.000841597
0.000845708
0.000839904
0.00083974
0.000862038
0.000840173
0.000839943
0.000845696
0.000840368
0.000852376
0.000839083
0.000838868
0.000838893
0.000849852
0.000854496
0.000843699
0.000847343
0.000857306
0.000856448
0.00084501
0.000839702
0.000841626
0.000858346
0.000840757
0.000841572
0.000844695
0.000846395
0.000857933
0.00084563
0.000841458
0.000844376
0.00084962
0.000839766
0.000846899
0.000968569
0.000859756
0.000850976
0.000839724
0.000843628
0.000841864
0.000841146
0.000856119
0.000844501
0.000840228
0.00084033
0.000852708
0.000845181
0.000844646
0.000846394
0.000839958
0.000850943
0.000842297
0.000840654
0.000873864
0.0008574
0.000852739
0.000848903
0.000841938
0.000840456
0.000846387
0.00085383
0.000848692
0.000841272
0.000840368
0.000851629
0.000839814
0.000839382
0.000840969
0.000848202
0.000850812
0.000845752
0.000873068
0.000852477
0.000841673
0.000864382
0.000839419
0.000844634
0.000843846
0.000840871
0.000873455
0.000843022
0.000843575
0.000840787
0.000839837
0.000851357
0.000846038
0.00084613
0.000846409
0.000846798
0.000858356
0.000841998
0.000878066
0.000855009
0.00084094
0.000849494
0.000840005
0.000841117
0.000845859
0.000840335
0.000848027
0.000847194
0.000846906
0.000840944
0.000853234
0.000840897
0.000840769
0.000839512
0.000839722
0.000859226
0.000854319
0.000841055
0.000850074
0.000841058
0.000849942
0.000841508
0.000845834
0.000842035
0.000840948
0.000861049
0.000840088
0.000841159
0.00095818
0.000842672
0.000856296
0.000847173
0.000839823
0.000847065
0.000841267
0.000881206
0.000842781
0.000846301
0.000852265
0.000858052
0.000841655
0.00084435
0.000845823
0.000839459
0.000859506
0.000841901
0.000841864
0.000840748
0.000846333
0.000855873
0.000845113
0.000841347
0.000841894
0.00085112
0.000839978
0.000881662
0.000840015
0.000840255
0.000849255
0.000840749
0.000841045
0.000841509
0.000841779
0.000840746
0.000854027
0.000839863
0.000841096
0.000841324
0.000841897
0.000851603
0.000846393
0.000846164
0.000847924
0.000841392
0.001013165
0.000863683
0.000839758
0.00084028
0.000840991
0.000847381
0.000847627
0.000840013
0.000851939
0.000839483
0.00084643
0.00084076
0.000841252
0.000839969
0.000861718
0.000839637
0.000840854
0.000841013
0.000839732
0.00085547
0.0008433
0.000849385
0.000840799
0.000840399
0.000840517
0.00084096
0.000880723
0.000840782
0.000846302
0.000846079
0.000848531
0.000848408
0.000859234
0.000839699
0.000843543
0.000847499
0.000841228
0.00085048
0.000839663
0.000845668
0.000847644
0.000847893
0.000851813
0.000907558
0.00093172
0.000880152
0.000839135
0.000850596
0.000841267
0.000839718
0.000841136
0.000841868
0.000842015
0.000841296
0.000839791
0.000841327
0.000841542
0.000846994
0.000855556
0.000847185
0.000847946
0.000876007
0.000873971
0.000840483
0.000856861
0.000853139
0.000842189
0.000846727
0.000839941
0.000856094
0.00084875
0.000848228
0.000845007
0.000839624
0.00085396
0.0008482
0.000841899
0.000840453
0.000841946
0.000849443
0.000847279
0.000847432
0.000876296
0.00117861
0.001501974
0.00153381
0.000932712
0.000931949
0.000933482
0.000857685
0.000839709
0.000842005
0.000843607
0.000846108
0.000840979
0.000841109
0.000841442
0.000854995
0.00084498
0.00084193
0.000839898
0.000840018
0.001274251
0.000839936
0.000849749
0.000842831
0.000845728
0.000860847
0.000842318
0.00084043
0.000855985
0.000854226
0.000839646
0.000839835
0.000841172
0.000841322
0.000855862
0.000839877
0.000839663
0.000840837
0.000841837
0.000840284
0.000852559
0.000839974
0.000887725
0.001656388
0.001690515
0.000846266
0.000839919
0.000841056
0.000839663
0.000857783
0.000841554
0.000844997
0.000841577
0.000840471
0.000865647
0.000846555
0.000846544
0.000841219
0.000841302
0.000840136
0.00085252
0.000920602
0.000841113
0.000839086
0.000844847
0.000853878
0.000848079
0.000843122
0.000841647
0.000840343
0.000853785
0.00084004
0.00084756
0.000847777
0.00084477
0.00084503
0.000859504
0.000839945
0.000842378
0.001220669
0.000849443
0.000851967
0.000850823
0.000839398
0.000840561
0.00083911
0.00083916
0.000838903
0.000851944
0.000845182
0.000846138
0.00083983
0.000845612
0.000839309
0.000853561
0.00083935
0.000841805
0.000839355
0.000840664
0.000863293
0.000839402
0.000851164
0.000845135
0.000840501
0.000840861
0.000846477
0.000850241
0.000841673
0.000839329
0.000839477
0.000841181
0.000848515
0.000855794
0.000839666
0.000839621
0.000840809
0.000848736
0.000855014
0.000841006
0.000840133
0.000840491
0.000845206
0.000849229
0.00086974
0.00085048
0.000839466
0.000840643
0.000850327
0.000841327
0.000841359
0.000841905
0.000840767
0.000872728
0.000846142
0.000843474
0.000845348
0.000840429
0.000840602
0.000839692
0.000847523
0.000848577
0.000851236
0.00087312
0.000839955
0.00084936
0.000839296
0.000849226
0.000846184
0.000840768
0.000846271
0.000845319
0.0008564
0.00084017
0.000839495
0.000840872
0.000841512
0.000850699
0.000840063
0.00084685
0.000847555
0.000848452
0.000850873
0.000859908
0.000843695
0.000850269
0.00083961
0.000849554
0.000846174
0.000839754
0.000847066
0.000841563
0.000861951
0.000846666
0.000847395
0.000841265
0.00084174
0.000855933
0.000842628
0.000846448
0.000846311
0.000841296
0.000851508
0.000880373
0.000839762
0.000857567
0.000840235
0.000850829
0.000846991
0.000844285
0.000840826
0.000842033
0.000860195
0.000846366
0.000839565
0.000840909
0.000841717
0.000850957
0.000839865
0.000839331
0.000840898
0.000841436
0.000979938
0.001568091
0.00156117
0.001558363
0.001480034
0.001258523
0.001259588
0.000885053
0.000853078
0.000840666
0.000838915
0.000842989
0.000840679
0.000840909
0.000841709
0.000885445
0.000842624
0.000839043
0.000840439
0.00085772
0.000839969
0.000850547
0.00084117
0.000841441
0.000839366
0.000839287
0.000840735
0.00086329
0.000844789
0.000844938
0.000846087
0.000846224
0.000847775
0.000859548
0.000840606
0.000840314
0.000988399
0.000840273
0.000858855
0.000842896
0.000840819
0.000841706
0.000841451
0.000846131
0.000851051
0.000846694
0.000843632
0.000841122
0.000845462
0.000842211
0.000861377
0.000840049
0.000839597
0.00084095
0.000841918
0.000844629
0.000963141
0.000855514
0.000841857
0.000839584
0.000839331
0.000844171
0.000893923
0.000840038
0.00083984
0.000845987
0.000845591
0.000857711
0.000842333
0.000841374
0.00084139
0.000840399
0.000856713
0.000840182
0.000840961
0.000841675
0.000840444
0.00085592
0.000853693
0.00087122
0.000841343
0.000840197
0.000851035
0.000848123
0.000853154
0.000842003
0.000841525
0.000856142
0.000842452
0.000846617
0.000843587
0.000846257
0.000856465
0.000844245
0.00083966
0.000841463
0.000856212
0.00084513
0.000845354
0.000846634
0.000839717
0.000851402
0.00094059
0.001583707
0.00084234
0.000848643
0.000840629
0.000840621
0.000848095
0.000841208
0.000841482
0.000840026
0.00083989
0.000863017
0.000882255
0.000838992
0.000839008
0.000841862
0.000845084
0.000839298
0.000841028
0.000869659
0.000846733
0.00085375
0.000840952
0.000840621
0.000838819
0.000847279
0.000850616
0.00084139
0.000841531
0.00084479
0.000839954
0.000841265
0.000839912
0.000854996
0.000846494
0.000844281
0.000839737
0.00084196
0.000872111
0.000840242
0.000847586
0.000840795
0.000844797
0.000847316
0.000852894
0.000844669
0.000855979
0.000839755
0.00084499
0.000848102
0.000841201
0.000854596
0.000844457
0.000846435
0.000840774
0.000841082
0.000841387
0.000855394
0.000839502
0.000846196
0.000840985
0.000971927
0.000879142
0.000850618
0.000840617
0.000840377
0.000840652
0.000841338
0.000859206
0.000841991
0.000839828
0.000840187
0.000846188
0.000840509
0.0008534
0.000845387
0.00084096
0.000848529
0.0008403
0.000839405
0.00086821
0.00084919
0.000838788
0.000840033
0.000839188
0.000864007
0.000844818
0.000841188
0.000841481
0.000840008
0.000849706
0.00083918
0.000838802
0.000841582
0.000843183
0.000861123
0.000840117
0.000841405
0.000841317
0.000839193
0.00085421
0.000841103
0.000841105
0.000875043
0.000842464
0.000849237
0.000843937
0.000853181
0.000848478
0.000844347
0.000855095
0.000845473
0.000840844
0.000848402
0.000845763
0.000855507
0.000843405
0.000846847
0.000840853
0.000841016
0.000851076
0.000839439
0.000843222
0.00084319
0.000841283
0.000879514
0.000847025
0.000839422
0.000850864
0.000863232
0.000845359
0.000840146
0.000839402
0.000845776
0.000857491
0.000845927
0.000840186
0.000843299
0.000839261
0.00086029
0.000841789
0.000840156
0.000845937
0.000846329
0.000853132
0.000861476
0.000840661
0.000853795
0.000845745
0.000848873
0.000841178
0.000847732
0.000844368
0.000839335
0.000856348
0.000843767
0.000841867
0.000840084
0.000839295
0.000849206
0.000848046
0.00084779
0.000840025
0.000839177
0.000883469
0.000840709
0.000838964
0.000852396
0.000844993
0.000854046
0.000846428
0.00084135
0.000846359
0.0008461
0.000852726
0.000840911
0.000841016
0.000839826
0.000846337
0.000849089
0.000847358
0.00084819
0.000839927
0.000845774
0.000859453
0.000846677
0.000839631
0.000852755
0.000846498
0.000849211
0.000847462
0.000841192
0.000842
0.000859957
0.000846296
0.000842091
0.000841045
0.000845469
0.000850856
0.000846507
0.000846247
0.000839463
0.000841084
0.000851497
0.000872235
0.000839703
0.000849197
0.000841021
0.000849145
0.000841145
0.000839783
0.000846143
0.00084641
0.000852673
0.000847354
0.000848148
0.000841433
0.000840497
0.000850151
0.000843698
0.000846678
0.000848696
0.000857408
0.000845782
0.000845143
0.000851217
0.000839456
0.000849227
0.000843667
0.000845276
0.000848736
0.00084127
0.000858436
0.000840827
0.000839009
0.000841689
0.000845317
0.00084949
0.000842257
0.000841072
0.000845892
0.000846228
0.000849883
0.000863052
0.000843547
0.000857778
0.000840402
0.000848692
0.000845035
0.000841461
0.000845285
0.000839613
0.000853374
0.000848023
0.00084139
0.000840377
0.000839692
0.000846417
0.000841197
0.000841342
0.000844926
0.000843249
0.000884812
0.000840941
0.000849277
0.000841699
0.000842466
0.000854488
0.000846098
0.000840992
0.000846655
0.000839376
0.000853015
0.000848138
0.000848417
0.000840313
0.000841566
0.00085071
0.000839223
0.000841087
0.000840258
0.000845445
0.001105651
0.001510777
0.001484055
0.001503374
0.001498595
0.001144953
0.001147338
0.000888416
0.000854371
0.003099467
0.003949405
0.000853074
0.000843477
0.000847359
0.000873861
0.00086498
0.000842993
0.000860281
0.00084269
0.000841992
0.00085672
0.000844305
0.000842293
0.000851444
0.000855449
0.000855444
0.000860527
0.000848601
0.000864886
0.000839308
0.000840431
0.000927452
0.000859696
0.000853238
0.000841375
0.000845714
0.000841577
0.000850086
0.0008404
0.000841546
0.000840325
0.000839569
0.000839615
0.000854978
0.000841518
0.000840811
0.000846095
0.000839336
