#time [s]
0.006618353
0.006597757
0.006825315
0.006617533
0.006759841
0.006592114
0.006662162
0.006653844
0.006630477
0.006600754
0.007297009
0.006672572
0.006651005
0.006687726
0.006648808
0.006645895
0.006650186
0.006594851
0.006709604
0.006592302
0.006596137
0.006701759
0.006674495
0.006660985
0.006656067
0.006631739
0.006677328
0.006682959
0.006680332
0.006597094
0.006623098
0.006688647
0.006617385
0.006716713
0.006670634
0.006678866
0.006630756
0.006617649
0.006759595
0.0066463
0.007139725
0.009023554
0.006690812
0.006694729
0.00667431
0.006630704
0.006676599
0.006793706
0.006770531
0.006873157
0.006646875
0.006652141
0.006675115
0.006644861
0.006796764
0.006609721
0.006690739
0.006738599
0.006663515
0.00676005
0.006702566
0.006793211
0.006615038
0.006650689
0.007508148
0.00667941
0.007012531
0.006653255
0.007361334
0.006584637
0.006705426
0.006634862
0.00668265
0.007336761
0.007914665
0.006629457
0.006627559
0.006590794
0.006808888
0.006688654
0.006684646
0.006809511
0.006653665
0.006600524
0.006695108
0.006725811
0.006856512
0.006641737
0.006631254
0.006650574
0.006612343
0.006649422
0.006686248
0.006606993
0.006672433
0.00662989
0.006590871
0.006579749
0.006619386
0.006658867
0.006633341
0.006656323
0.007139712
0.006681504
0.0067901
0.006708771
0.006704267
0.006602103
0.006615821
0.006634981
0.006614436
0.006659664
0.006737933
0.006657545
0.00666008
0.006661933
0.00669474
0.006646183
0.007168306
0.006723074
0.006654418
0.006602447
0.006655398
0.006576919
0.006642449
0.006701591
0.006695682
0.006632918
0.006628947
0.006675288
0.006652191
0.006638858
0.006649437
0.00666494
0.006712179
0.006642723
0.006660099
0.006604485
0.006646187
0.006650244
0.006662455
0.006662608
0.006625821
0.006688031
0.006662697
0.006667952
0.006650049
0.006700657
0.007365218
0.006648222
0.006722255
0.006584747
0.006604102
0.00902934
0.006661663
0.006766512
0.006716419
0.006828946
0.006608625
0.00667348
0.006640795
0.006604752
0.006626106
0.006658226
0.006607079
0.0067247
0.006645434
0.006732024
0.006619184
0.006633258
0.006646203
0.006648471
0.008260189
0.007468401
0.0067217
0.006691683
0.007308492
0.006694856
0.006670057
0.006737464
0.006649583
0.006652749
0.006682191
0.006697002
0.009941838
0.007007641
0.00673996
0.006627597
0.00662542
0.006652267
0.00662874
0.006634227
0.006666776
0.006632007
0.006616352
0.006796801
0.006702884
0.006697129
0.006597391
0.006768895
0.006599404
0.006719846
0.006687559
0.006650489
0.007079101
0.006608376
0.006649036
0.006627544
0.006632998
0.006685951
0.007290917
0.007587078
0.006734491
0.006633856
0.006641183
0.006627914
0.006634394
0.006779372
0.00659947
0.00673485
0.006812713
0.006599958
0.006617845
0.006650774
0.006690229
0.006680718
0.006602885
0.006747961
0.006688839
0.006637058
0.006694765
0.006631343
0.00674998
0.006652635
0.006685136
0.006677677
0.006687063
0.006757891
0.006670893
0.006772775
0.006627691
0.006667797
0.006770587
0.006641064
0.006750779
0.006651953
0.006855139
0.006597829
0.006683288
0.006784653
0.00662826
0.006637949
0.007285675
0.006696607
0.007340892
0.006596468
0.006751463
0.006682685
0.006632767
0.007135893
0.006631064
0.006601049
0.006722266
0.006721635
0.006710837
0.006600559
0.006687648
0.006619057
0.006684517
0.006711653
0.006676869
0.006717507
0.006653907
0.006759776
0.00662462
0.006711254
0.006697792
0.006686776
0.006673332
0.006645546
0.006743362
0.006717653
0.006682442
0.006711622
0.006639307
0.006684866
0.006756676
0.006605898
0.006781759
0.006680511
0.006844626
0.006646026
0.006694027
0.006738211
0.006626365
0.006666538
0.006644543
0.006702019
0.006739126
0.00661907
0.006704756
0.006590698
0.006644314
0.006730757
0.006690028
0.006754119
0.006649909
0.00667725
0.006647533
0.006825581
0.006685678
0.006652303
0.00683237
0.006616773
0.006616833
0.006651513
0.006682558
0.006795808
0.006697238
0.006673869
0.006858366
0.006592021
0.006595341
0.006729872
0.006651766
0.006673927
0.006615934
0.006680131
0.006688239
0.006702951
0.006678747
0.006674981
0.006585976
0.006673079
0.006614845
0.006701282
0.006665201
0.006632455
0.006586939
0.006610438
0.006860815
0.006648147
0.007536579
0.006635386
0.006639079
0.006604089
0.006688314
0.006741613
0.006669274
0.00671501
0.006742075
0.006707071
0.006754585
0.006599564
0.006692773
0.006601889
0.006638069
0.006832097
0.006633235
0.006842467
0.006599846
0.006643297
0.006664171
0.00669822
0.006790409
0.006648635
0.006721887
0.006740874
0.006583466
0.006699761
0.006611902
0.00667941
0.006707873
0.006718567
0.006779346
0.006670475
0.006680358
0.006698435
0.006623603
0.006670509
0.006826905
0.006718807
0.006787655
0.006674677
0.006654608
0.006773353
0.006670959
0.006820149
0.006698135
0.006822124
0.006595316
0.006629155
0.008058061
0.006679205
0.009089733
0.006676085
0.006635087
0.006644646
0.0065945
0.006721723
0.006673779
0.006638133
0.006580328
0.006654729
0.006635282
0.006600887
0.006692423
0.006631293
0.006754185
0.006631613
0.006652568
0.006642601
0.006656735
0.006610698
0.006676604
0.00661488
0.006647965
0.006592903
0.00663427
0.006580605
0.006671638
0.00664591
0.006664264
0.006613328
0.006640822
0.006642792
0.006731962
0.006668369
0.006648351
0.00660252
0.006696511
0.006600615
0.006622605
0.006689791
0.006577848
0.006604829
0.00666587
0.006743039
0.006693657
0.006601337
0.006697399
0.006633158
0.006638869
0.006653318
0.006681131
0.006671548
0.006662741
0.006616594
0.007014163
0.006723714
0.006820178
0.006596369
0.006717258
0.007441808
0.006634515
0.006678222
0.006614443
0.006755585
0.006721086
0.006613004
0.006713647
0.006619029
0.006629423
0.006697502
0.006638473
0.006636685
0.006582752
0.006650012
0.006666819
0.006638947
0.006718432
0.006596955
0.006689971
0.006657206
0.006690094
0.006643086
0.006653915
0.006616615
0.006623299
0.006637244
0.006792383
0.006619604
0.006643755
0.006622755
0.006640546
0.006643217
0.006657152
0.006667493
0.006669066
0.006618588
0.006655049
0.006673869
0.006609439
0.006665652
0.006693033
0.006801844
0.006630006
0.006810713
0.006622588
0.006621744
0.00669659
0.006727122
0.006622401
0.006636897
0.006664382
0.006616941
0.006661893
0.006663903
0.006611442
0.006689153
0.006630054
0.006660061
0.006708152
0.006681287
0.006696267
0.006628364
0.006650074
0.006747968
0.006672756
0.006672403
0.006651553
0.006642187
0.006673371
0.006694487
0.006701784
0.006576734
0.006719022
0.00674521
0.00659199
0.006752668
0.006688316
0.006615651
0.006730542
0.006602169
0.006677082
0.006647704
0.006606756
0.006750069
0.006613133
0.006686727
0.006660176
0.006704412
0.006832938
0.006568983
0.006597925
0.006704477
0.006678191
0.006611563
0.006628165
0.006709399
0.006708843
0.006657579
0.007536876
0.00769864
0.006653093
0.006721418
0.006700333
0.006716383
0.006791471
0.006665597
0.00663626
0.006759596
0.006642277
0.006817379
0.006666763
0.006695253
0.007280573
0.006602578
0.006674029
0.00666229
0.006682835
0.006656408
0.006583074
0.006648862
0.006677656
0.006629624
0.006643644
0.006632048
0.00664767
0.006672762
0.006628979
0.006661794
0.006633954
0.006691512
0.006582475
0.006650284
0.006730696
0.006639599
0.006806299
0.006649297
0.006687697
0.006722917
0.006598157
0.006705803
0.006698505
0.00662806
0.006739653
0.006676815
0.006601302
0.006826096
0.006601241
0.006646041
0.006586015
0.006637106
0.006699464
0.006633629
0.006680888
0.006594809
0.006580503
0.00677096
0.006588244
0.006636788
0.006702661
0.006623909
0.006685181
0.006611704
0.006638288
0.006614422
0.006600508
0.006624443
0.008705111
0.006751316
0.006684317
0.006609192
0.006609338
0.006605534
0.006638589
0.007014049
0.00662859
0.006677971
0.006597068
0.00663435
0.006685739
0.006610356
0.006593102
0.006787408
0.006600211
0.006720358
0.006633944
0.006619405
0.006625244
0.006606878
0.006676929
0.006598684
0.006735816
0.00661923
0.006649318
0.008608306
0.006785462
0.006711693
0.006594829
0.006680032
0.006793723
0.006654908
0.006733298
0.006719582
0.006605262
0.006672616
0.006625543
0.006689387
0.006834214
0.006621619
0.006686114
0.006710354
0.006683339
0.00671399
0.006619547
0.006705827
0.008990268
0.006595248
0.006695411
0.006638598
0.00669516
0.008385426
0.006648556
0.00670148
0.006647752
0.006687559
0.006619606
0.006701431
0.00675508
0.006662415
0.006688607
0.006717004
0.006632317
0.006767061
0.006707669
0.006804898
0.006641646
0.006713797
0.00659875
0.006687837
0.009163729
0.006610138
0.006851669
0.006629881
0.006714112
0.006614211
0.006681598
0.006770561
0.00667285
0.006632077
0.006676104
0.006641087
0.006842589
0.006644856
0.006615942
0.006629511
0.00665283
0.006762109
0.006610886
0.006704173
0.006812919
0.006665403
0.006798835
0.006898237
0.007393313
0.007438302
0.006689265
0.00670756
0.006628758
0.0067584
0.006747769
0.006630444
0.0068609
0.006637229
0.006691517
0.006701814
0.006690858
0.006828007
0.006623186
0.006723901
0.006633274
0.006694872
0.006753632
0.00668392
0.006882632
0.006626553
0.006635095
0.006661243
0.006721674
0.00682276
0.006648884
0.006777793
0.006604827
0.006685837
0.006792148
0.006690345
0.006782408
0.006633496
0.006788854
0.006659197
0.006681821
0.006636639
0.006596537
0.006792486
0.006630888
0.006698043
0.006595617
0.00666477
0.006658204
0.00666044
0.006671134
0.006672287
0.006699308
0.006751986
0.00664343
0.006656022
0.00670881
0.006678274
0.006660431
0.006636536
0.006688291
0.006721262
0.006634077
0.00670356
0.006645127
0.006594129
0.006664483
0.006644799
0.006649256
0.006587125
0.006663846
0.006663799
0.006677678
0.008456138
0.008286009
0.006639706
0.006663212
0.006688471
0.00675246
0.006620797
0.006712771
0.006777478
0.008605945
0.008295605
0.008371809
0.006799488
0.0066284
0.006588186
0.006682123
0.006704725
0.006810199
0.006663433
0.006705079
0.007459677
0.006783014
0.006693788
0.006643661
0.008628303
0.006646366
0.006731815
0.006638211
0.006865779
0.009920505
0.00666593
0.006661751
0.00662047
0.006701163
0.00672726
0.006735728
0.006693431
0.00660322
0.006598745
0.006692499
0.006746522
0.006625736
0.006685409
0.006733335
0.006627714
0.006832898
0.006625456
0.006689899
0.00664602
0.006685121
0.006732609
0.006681304
0.006653964
0.006769904
0.006709212
0.006842879
0.006646496
0.006759894
0.006593949
0.006664476
0.00670692
0.006618951
0.006766613
0.006593085
0.006752574
0.006718027
0.006649574
0.006842793
0.006584708
0.006645213
0.0067123
0.006646786
0.006666664
0.006625525
0.006672605
0.00671856
0.006651908
0.006669938
0.006628564
0.00663107
0.009594165
0.006627505
0.006792304
0.006672341
0.006782087
0.006705233
0.006752192
0.006651751
0.006711937
0.006872524
0.006645338
0.006659415
0.006665
0.006631009
0.006807812
0.006643754
0.006710921
0.00681197
0.006690978
0.00662413
0.006629526
0.006825027
0.006625253
0.00664609
0.006664352
0.0067081
0.006798213
0.007414694
0.006624417
0.006855906
0.006694769
0.006739876
0.006661474
0.006678627
0.006745355
0.006634194
0.006775828
0.006693569
0.006767731
0.006669177
0.006689594
0.006742693
0.006622538
0.007134803
0.006708177
0.006750719
0.006586078
0.006654718
0.006722398
0.00662521
0.006694913
0.006848577
0.006660164
0.00669541
0.006651236
0.006618369
0.008126751
0.00854448
0.006591822
0.007119487
0.006682845
0.006700322
0.006639167
0.006630036
0.006614007
0.006641909
0.006635228
0.006742106
0.006672908
0.006652569
0.006613111
0.006630641
0.006630654
0.006659811
0.006669277
0.006636712
0.006634416
0.008284627
0.006630592
0.006863906
0.006644348
0.006662631
0.007993173
0.006717029
0.00681943
0.006676695
0.006894476
0.006594098
0.006710247
0.006775028
0.006720809
0.006795666
0.006719187
0.00669154
0.007319211
0.006605362
0.006602752
0.008580926
0.006641929
0.006638011
0.00675926
0.006643085
0.006606592
0.006614065
0.006729363
0.006748303
0.006655421
0.006657284
0.006702267
0.006640541
0.006667864
0.009159089
0.007395109
0.006665382
0.006631503
0.00687197
0.006595142
0.006643902
0.006711693
0.00671904
0.006718007
0.006683151
0.006852823
0.006651152
0.006693776
0.00681893
0.006677346
0.006667082
0.006754121
0.006589084
0.006655434
0.006628731
0.006614086
0.006804072
0.006596854
