#time [s]
0.00051264
0.000503435
0.000502582
0.000503549
0.000502315
0.000510487
0.000502209
0.000502249
0.000504453
0.000501881
0.000504101
0.000501662
0.000504252
0.000503557
0.000504883
0.00050452
0.000502101
0.000502153
0.000501796
0.000501637
0.00050166
0.000504194
0.000512577
0.000504829
0.000502596
0.00050493
0.000501761
0.000545207
0.000504004
0.000502518
0.000512385
0.00050264
0.00050255
0.000513213
0.000506113
0.000504736
0.000502259
0.00050205
0.000501812
0.000504079
0.000511039
0.000505167
0.000501956
0.000501755
0.000501693
0.000501613
0.000501628
0.000502951
0.000501619
0.000503865
0.000502784
0.000516759
0.000510219
0.000501804
0.000510872
0.000501675
0.000501733
0.000501733
0.000501755
0.000509705
0.000501678
0.000568044
0.000539577
0.000502852
0.000503753
0.000502032
0.00050301
0.000503795
0.000524264
0.000504843
0.000511211
0.000502257
0.000503675
0.000501978
0.000503223
0.000501799
0.000501661
0.000501676
0.000501631
0.000501637
0.000517767
0.000502294
0.000503291
0.000502084
0.000503107
0.0005019
0.000501878
0.000501682
0.000501729
0.000511403
0.000503465
0.000503297
0.000501938
0.000504038
0.000501909
0.000503596
0.000501812
0.000568257
0.000821688
0.000715911
0.00068546
0.000686072
0.000684122
0.000559223
0.000503237
0.000501763
0.000513134
0.000502328
0.000502092
0.000501728
0.000501769
0.000501721
0.000501677
0.00050288
0.000501651
0.000501676
0.000501645
0.000516072
0.000502287
0.000504321
0.000505177
0.000502499
0.000505938
0.000502421
0.000552556
0.000502731
0.000502257
0.000501955
0.000512056
0.000502282
0.000503574
0.000501963
0.000503435
0.000501851
0.000501879
0.00052045
0.000507221
0.000520028
0.000506314
0.000510416
0.000506493
0.00050179
0.000501784
0.000501724
0.000501756
0.00050315
0.000516305
0.000503835
0.000501929
0.000503926
0.000502512
0.000501877
0.00050192
0.000501705
0.000502977
0.000512353
0.000505869
0.000501878
0.000508545
0.000501718
0.000507321
0.000501697
0.000503177
0.000583871
0.000517557
0.000523014
0.000502905
0.000503261
0.000501895
0.000503801
0.000536149
0.000503616
0.000503313
0.000512458
0.000503821
0.000501832
0.000508582
0.000505138
0.000501655
0.000501636
0.000501575
0.000501669
0.000502945
0.000517314
0.000505817
0.000501986
0.000504997
0.0005018
0.000501757
0.000501799
0.000503937
0.000503766
0.000501664
0.000540927
0.000503674
0.000501996
0.000501726
0.000501903
0.000503104
0.000501802
0.000501794
0.000514293
0.00051164
0.00050222
0.000501764
0.000503106
0.00050164
0.000503037
0.000501751
0.000502491
0.000505878
0.000521526
0.000502378
0.000501621
0.0005018
0.000501715
0.000502878
0.000501714
0.0005031
0.000501776
0.000503496
0.000501748
0.000501752
0.000501772
0.000501627
0.000503444
0.000501705
0.000503268
0.000512179
0.00106707
0.000523304
0.000502718
0.00050214
0.000501892
0.00050173
0.000502584
0.000505068
0.000501802
0.000503662
0.000501917
0.000501797
0.000504056
0.000505976
0.00050177
0.000504078
0.000501741
0.000504178
0.000505353
0.000506175
0.000517884
0.000503403
0.000501904
0.00050231
0.000501756
0.000503111
0.000501797
0.000503111
0.000506238
0.000514104
0.00050269
0.000501975
0.000502106
0.000512979
0.00050231
0.000514546
0.000502255
0.000504312
0.000501855
0.000501759
0.000501759
0.000501781
0.000503096
0.000501761
0.00051266
0.000505456
0.000505119
0.000501822
0.000501739
0.000501706
0.000501729
0.00050291
0.000501767
0.000503087
0.000501785
0.000519607
0.000502708
0.000501967
0.000501947
0.000501875
0.000503029
0.000501856
0.000501724
0.00053693
0.000502568
0.000502149
0.000503041
0.000501842
0.000501745
0.000501874
0.000501813
0.000501719
0.000512915
0.000502093
0.000501683
0.000502906
0.000501754
0.000501716
0.000501821
0.00050178
0.000501772
0.000501843
0.000501685
0.000501661
0.000503421
0.000502056
0.000502003
0.000501899
0.000501862
0.000501818
0.000501722
0.000501693
0.000501752
0.000503044
0.000501799
0.000501895
0.000501765
0.00050174
0.000501763
0.000501817
0.00056574
0.000508419
0.00050268
0.000525205
0.000502387
0.000501846
0.000502087
0.000501768
0.000501749
0.000501754
0.000511564
0.00050234
0.000501728
0.000501826
0.000501742
0.000501797
0.000502837
0.000501747
0.000506035
0.00051919
0.000503867
0.000502262
0.000502085
0.000506072
0.000501976
0.000501832
0.000501829
0.000501786
0.000501814
0.000515342
0.000502263
0.000553684
0.000503742
0.000503476
0.000502678
0.000510147
0.000506269
0.000517553
0.000536793
0.000504063
0.000501977
0.000501892
0.000501885
0.000501887
0.000502512
0.000511362
0.000504089
0.000501764
0.000501955
0.000501913
0.000501733
0.000501686
0.000501747
0.000517219
0.000503557
0.000502118
0.000502688
0.000501848
0.000502654
0.000502013
0.00050773
0.00051764
0.000502102
0.000504556
0.000503091
0.000501756
0.00054718
0.000503345
0.000502187
0.000511374
0.000502342
0.000501683
0.000502981
0.000513386
0.000503249
0.000501938
0.000504746
0.000503136
0.000503375
0.000502125
0.000512359
0.000505133
0.000509838
0.00050978
0.00051613
0.000502288
0.000501819
0.000501838
0.000503062
0.000501776
0.000503201
0.000501813
0.000513518
0.000502502
0.000505857
0.000505799
0.000507102
0.000506247
0.000503277
0.000508874
0.000507227
0.000608061
0.000506544
0.00088721
0.000907629
0.000573439
0.000502439
0.000501988
0.000502365
0.000501748
0.000501674
0.000502963
0.000501681
0.000503301
0.000504253
0.00051952
0.000502866
0.000506003
0.000506004
0.000501718
0.000501694
0.000501676
0.000501641
0.000502753
0.000501671
0.000515333
0.000502043
0.000501764
0.000501654
0.000502856
0.000501676
0.000528935
0.000502729
0.000501889
0.000512952
0.000511085
0.000503686
0.000501776
0.000501851
0.000501744
0.000501641
0.000502055
0.00050169
0.000501728
0.000514906
0.000502119
0.000501663
0.000501772
0.000502839
0.000501673
0.000504554
0.000501752
0.000502152
0.000513834
0.000502372
0.000503501
0.000501965
0.000504202
0.000501654
0.000501644
0.000501643
0.000501656
0.000570921
0.000556682
0.000528397
0.000516104
0.000513657
0.000513575
0.000514596
0.000514686
0.00052689
0.000515736
0.000512932
0.000517674
0.000517759
0.000513016
0.000513106
0.000522268
0.000536849
0.000523347
0.000534898
0.00053945
0.000515831
0.000519165
0.000514016
0.000515497
0.000528898
0.000516549
0.000506013
0.000519626
0.000502891
0.000502106
0.000501778
0.000501748
0.000502745
0.000511229
0.000504066
0.000513567
0.000503343
0.000501882
0.000501874
0.000503024
0.000501813
0.000510737
0.000501986
0.000501717
0.000501729
0.000502875
0.000501728
0.000503095
0.0005044
0.000517119
0.000502172
0.00050178
0.000501808
0.000501724
0.000502812
0.000501715
0.00050642
0.000512567
0.000507042
0.000501713
0.000501694
0.00050167
0.000501638
0.000503175
0.000877433
0.000504323
0.000502461
0.00050221
0.000502045
0.000503445
0.000501775
0.000501883
0.000501768
0.000501728
0.000510444
0.000502089
0.000501825
0.000501787
0.00050281
0.000501639
0.000502774
0.000501632
0.000503178
0.000519064
0.000502699
0.000503479
0.000504767
0.000501785
0.000501693
0.000501721
0.000501674
0.000502996
0.000512392
0.00050603
0.000501798
0.000501869
0.000501595
0.000549093
0.000505679
0.000502929
0.000501993
0.000512016
0.000514221
0.000504985
0.00050166
0.000503104
0.000501741
0.000502989
0.000504865
0.000502983
0.000501764
0.000502888
0.000501635
0.000501648
0.000511102
0.000502079
0.000503028
0.000501746
0.000505691
0.000501718
0.00056916
0.000503621
0.000502238
0.000501944
0.000501833
0.000502987
0.000501759
0.00051937
0.000502751
0.000502138
0.000533481
0.000503127
0.00050226
0.000501922
0.000501682
0.000502745
0.00050167
0.000503861
0.000511499
0.000502217
0.000503304
0.000501865
0.000515318
0.000503245
0.000501994
0.000506015
0.000509058
0.000508414
0.000508894
0.000510897
0.000502187
0.000501812
0.000501619
0.000502934
0.000501752
0.000502898
0.000501626
0.000501706
0.000501667
0.000501653
0.000517864
0.000505491
0.000503154
0.000501863
0.000501847
0.000504943
0.000505217
0.000501645
0.000501621
0.000501637
0.000548232
0.000526812
0.000504406
0.000514137
0.000502493
0.000502081
0.000501911
0.000503387
0.000504273
0.000511482
0.000502246
0.000502965
0.000501749
0.000504805
0.000501711
0.000501719
0.000501703
0.000501659
0.000501606
0.00050414
0.000501801
0.000503336
0.0005018
0.000501734
0.00050171
0.000501677
0.000502877
0.000512343
0.000503922
0.000501863
0.000501926
0.000501908
0.000501728
0.000501745
0.000501764
0.000501702
0.00053425
0.000521958
0.000504276
0.00050223
0.000503582
0.000501948
0.000503229
0.000501867
0.000513901
0.000504933
0.000506025
0.000506302
0.000501684
0.000501683
0.000501683
0.000501707
0.000502849
0.000501728
0.000502861
0.000516818
0.00050441
0.000502076
0.000510232
0.000504842
0.000501759
0.000501696
0.000501723
0.000501696
0.000503326
0.000577936
0.000503637
0.000502068
0.000501962
0.000501822
0.00050718
0.000501639
0.000526939
0.000503995
0.000511163
0.00050396
0.000501907
0.000502253
0.000501909
0.000501658
0.000501661
0.000501686
0.000501673
0.000517461
0.000502368
0.000503074
0.000501963
0.000501889
0.000501712
0.000501683
0.000501698
0.000501724
0.000512092
0.000502045
0.00050315
0.000501756
0.000501689
0.000501739
0.000508203
0.00050356
0.000576449
0.000504946
0.000509291
0.000521252
0.000502909
0.000504473
0.000503804
0.000504405
0.000511337
0.000509223
0.000503328
0.000506423
0.000506261
0.000504573
0.000501676
0.000502762
0.000501767
0.000503926
0.000515877
0.000503901
0.000501956
0.000503518
0.000501872
0.000503007
0.000501878
0.00050231
0.000512105
0.000502373
0.00050327
0.00050414
0.000501972
0.000541994
0.000503327
0.000502622
0.00051152
0.000503917
0.000501909
0.000503243
0.00051786
0.000510525
0.000501833
0.000516004
0.00050244
0.00050579
0.000501894
0.000504392
0.000501727
0.000501764
0.000503414
0.000516422
0.000504804
0.000502054
0.000504677
0.000502968
0.00050195
0.00050192
0.000520982
0.000507941
0.000510347
0.000511408
0.000501715
0.000501711
0.000501731
0.000501595
0.000512435
0.00050249
0.000562245
0.000503553
0.000502868
0.00051799
0.00050405
0.000511238
0.00050373
0.000502048
0.000503231
0.000501997
0.000506056
0.000506109
0.000518701
0.000502125
0.00050188
0.000501694
0.000501633
0.000502837
0.00050175
0.000503469
0.000515318
0.000506513
0.000501947
0.00050183
0.000501696
0.000501731
0.000501698
0.000513749
0.00050244
0.000503114
0.00050192
0.000625244
0.000506647
0.000518565
0.000511683
0.000502786
0.000503538
0.000501833
0.000503103
0.000501755
0.000501806
0.000501684
0.000504073
0.000501845
0.00050193
0.000503498
0.000501728
0.000503026
0.00050179
0.000514394
0.000502446
0.000501708
0.000501721
0.000501701
0.00050162
0.000502924
0.000511116
0.000503704
0.000501794
0.000508332
0.000501835
0.000561996
0.000503699
0.000542615
0.00053761
0.000504189
0.000521874
0.000523968
0.000530369
0.000516886
0.000506039
0.000502717
0.000505135
0.000504973
0.000502176
0.000502071
0.000501677
0.000504509
0.000506153
0.000511667
0.000502169
0.000501856
0.000501695
0.0005027
0.00050172
0.000503886
0.000501673
0.000512006
0.000503468
0.000504495
0.000503119
0.000501854
0.00055929
0.000503418
0.000507849
0.000511233
0.000503592
0.000501969
0.000509293
0.00050185
0.000506792
0.000505824
0.000501635
0.000522243
0.000502284
0.000507642
0.000503385
0.000501806
0.000503015
0.000501811
0.000501832
0.000512824
0.000502092
0.000501784
0.000501748
0.000501751
0.000503339
0.000501746
0.000503051
0.000512046
0.000599166
0.000522286
0.000503707
0.000502197
0.000518102
0.000502353
0.000502017
0.000504378
0.00050191
0.000503556
0.00050463
0.000506336
0.000501767
0.00050422
0.000517399
0.000508547
0.00050196
0.000503041
0.000501774
0.000503052
0.000501749
0.000501786
0.000503151
0.00050174
0.000501719
0.000501767
0.000503241
0.000501717
0.000502923
0.000512542
0.000502386
0.000508536
0.001066731
0.000903661
0.000904957
0.000922997
0.00089733
0.000885595
0.000883497
0.000684096
0.000684007
0.000683989
0.000667645
0.000502034
0.000501761
0.000501631
0.00050155
0.000502651
0.00050156
0.000501577
0.000502822
0.000501624
0.000502894
