#time [s]
0.000485628
0.000478618
0.000478329
0.000478599
0.00047838
0.000478396
0.000478488
0.000478481
0.000478436
0.000486744
0.000478744
0.000505203
0.000480791
0.000478423
0.000478506
0.000478428
0.000478597
0.000478414
0.000487152
0.000478685
0.000488783
0.000478701
0.000478633
0.000478444
0.000478489
0.000478421
0.000486059
0.000479979
0.000478455
0.000478436
0.00047846
0.000478578
0.000478352
0.000478561
0.000478377
0.000490623
0.000482995
0.000478506
0.000478432
0.000478501
0.000478475
0.000478422
0.000478405
0.000478436
0.000486793
0.000481656
0.000478427
0.000478564
0.000478362
0.000478382
0.000478437
0.000505194
0.000489273
0.000479258
0.00047854
0.000478433
0.000478346
0.000478551
0.00049811
0.00047917
0.00047852
0.000485502
0.000478685
0.000478432
0.000478515
0.000478437
0.000478352
0.000478468
0.000478464
0.000490743
0.000478677
0.0004785
0.000478262
0.000478426
0.000478387
0.000478581
0.000478575
0.000486834
0.00047848
0.000478469
0.000478467
0.000478467
0.000478496
0.00047856
0.000478659
0.000486658
0.000483023
0.000478434
0.000478441
0.000506769
0.000478614
0.000478462
0.000488443
0.000485923
0.00047851
0.000478485
0.000478326
0.000478562
0.000478315
0.00047841
0.000478531
0.000490318
0.000478631
0.000478404
0.000478524
0.000478448
0.00047838
0.000478426
0.000478492
0.000486736
0.000478527
0.000478513
0.0004785
0.000478445
0.000478434
0.000478448
0.000478379
0.000486518
0.000478483
0.000478499
0.000478479
0.000478515
0.00047848
0.000529244
0.000481245
0.000494644
0.000479893
0.000478442
0.00047841
0.00047833
0.000478461
0.000478458
0.000478446
0.000478504
0.000495431
0.0004786
0.000478357
0.000478411
0.000478463
0.000478406
0.000478252
0.000478464
0.000487378
0.000482984
0.000478339
0.000478486
0.000478545
0.0004784
0.000478336
0.000478397
0.000478431
0.000487081
0.000478836
0.000478408
0.000478427
0.000533649
0.0007714
0.00085687
0.000858542
0.000844461
0.000844585
0.000844324
0.000831693
0.000797406
0.000797335
0.000819729
0.000509389
0.000478514
0.000478367
0.000478619
0.000478452
0.000478475
0.000478527
0.00047849
0.00047852
0.0004785
0.000486534
0.000479728
0.000478628
0.000484025
0.000527938
0.000480826
0.000480298
0.000495109
0.000480389
0.000479658
0.000481693
0.000481693
0.000492074
0.000482191
0.000480872
0.000482478
0.000481216
0.000485329
0.000480914
0.000482555
0.000483467
0.000481753
0.000480999
0.000496917
0.000483819
0.000482902
0.000483644
0.000485733
0.000484783
0.000487872
0.000487697
0.00048564
0.000482789
0.000496419
0.000487328
0.000487794
0.000491917
0.000487097
0.000541561
0.000487391
0.000478731
0.000478506
0.000491851
0.00047879
0.000486812
0.000478575
0.000478543
0.00047846
0.000478384
0.000478415
0.000478462
0.00047856
0.000478316
0.000478362
0.000478343
0.000478486
0.000478178
0.000478525
0.000494403
0.000479597
0.000480259
0.000478612
0.000478468
0.000478425
0.000478414
0.000478441
0.000478551
0.000478397
0.000478264
0.000478481
0.000478499
0.000487327
0.000478684
0.000535847
0.000479896
0.000488022
0.000478529
0.00047843
0.000478457
0.000478336
0.000478401
0.000478486
0.000478345
0.000486744
0.000478442
0.00047851
0.000478367
0.000478422
0.000478426
0.000478297
0.000478494
0.000478456
0.000478518
0.000478401
0.000491207
0.00048264
0.000478401
0.000478445
0.000478634
0.000478564
0.000478321
0.00047851
0.000478502
0.0004783
0.000478503
0.000480082
0.000557641
0.00047958
0.000478596
0.000478349
0.000478472
0.000478393
0.000478435
0.000478463
0.000489914
0.000478686
0.000478832
0.000478412
0.000478414
0.000478562
0.000478355
0.000478522
0.000478513
0.000478513
0.000478563
0.000478131
0.000494179
0.000478407
0.000478418
0.000478593
0.000478303
0.000478408
0.000478543
0.000478522
0.000478536
0.0004784
0.00048712
0.000478751
0.000478384
0.000478647
0.000478505
0.000478363
0.000478549
0.000478301
0.000478438
0.000492247
0.000489296
0.000491822
0.000479326
0.000478368
0.00047856
0.000478465
0.000478337
0.000478311
0.000478492
0.000485921
0.000478634
0.000478419
0.000478456
0.000478528
0.00047842
0.000478394
0.000478495
0.000478266
0.000483247
0.000478377
0.000478418
0.000478554
0.000478507
0.00047843
0.000478503
0.00047856
0.000487662
0.000480832
0.000478452
0.000478542
0.000478251
0.000478456
0.000522312
0.000481159
0.000478434
0.000487026
0.000478586
0.000478527
0.000478421
0.000478621
0.000488647
0.000479491
0.000478549
0.000478346
0.000487044
0.000478541
0.000478375
0.000478416
0.000478414
0.000478202
0.00047838
0.000478397
0.000490521
0.00048202
0.000478329
0.000478223
0.000478377
0.000478428
0.000478397
0.000478539
0.000487087
0.000478456
0.000478558
0.000478486
0.000478553
0.000478399
0.00047861
0.000478596
0.0004785
0.000486535
0.00047871
0.000506403
0.000478769
0.000478482
0.000478515
0.000489199
0.000506235
0.00047883
0.000478316
0.000478504
0.00047856
0.000478407
0.000478274
0.000478399
0.000491629
0.00048194
0.000478414
0.0004785
0.000478399
0.000478374
0.000478326
0.000478476
0.000487125
0.00048447
0.000478458
0.00047839
0.000478411
0.000478435
0.000478453
0.000478425
0.000486609
0.000478859
0.000478461
0.000478234
0.000478339
0.000488881
0.000485138
0.000490629
0.00047863
0.000487369
0.000478389
0.000478284
0.000478509
0.000478449
0.000478192
0.00047835
0.000478479
0.000478408
0.000478605
0.000478429
0.000478372
0.000478365
0.000478345
0.000478643
0.000491878
0.000481274
0.000478322
0.000478464
0.000478528
0.000478309
0.000478496
0.000478543
0.000478514
0.000478536
0.000478584
0.000478579
0.000478481
0.000478353
0.000522124
0.000492021
0.000489652
0.00047855
0.000478413
0.000478642
0.000479865
0.000483475
0.000478392
0.000478532
0.00047859
0.000478319
0.000478498
0.000478508
0.000487831
0.00047876
0.000478333
0.000478652
0.000478382
0.000478473
0.000478363
0.000478425
0.000478479
0.000478668
0.000478312
0.00047849
0.000478376
0.000492163
0.000482415
0.000478469
0.000478378
0.000478527
0.000478352
0.000580854
0.000492769
0.000478655
0.000488729
0.000479935
0.000478694
0.00047864
0.000488556
0.000478828
0.000478585
0.000478351
0.000478429
0.000491833
0.000478707
0.000478456
0.000478425
0.00047838
0.000486014
0.000478968
0.000478601
0.000478319
0.000478457
0.000478352
0.000478611
0.000478366
0.000478468
0.000478393
0.000478565
0.000479125
0.000478279
0.000478427
0.000478473
0.00047887
0.000478445
0.00047848
0.00047851
0.000478252
0.000478484
0.000489557
0.000478643
0.0004783
0.000478461
0.000478444
0.000629846
0.000488709
0.000715319
0.000918028
0.000920578
0.000897404
0.000897073
0.000527264
0.000478501
0.000478459
0.000478538
0.000478542
0.000478367
0.000504936
0.000482731
0.000478549
0.000478439
0.0004785
0.000478472
0.000478384
0.000478502
0.000478502
0.000478532
0.000478358
0.000478326
0.000478473
0.000478509
0.00048145
0.000478614
0.000478444
0.000478345
0.00047838
0.000509437
0.000480152
0.00047835
0.000478395
0.000478369
0.000478591
0.000478565
0.000490847
0.000478689
0.000478566
0.000478488
0.000478425
0.000517842
0.000479236
0.000478486
0.000478405
0.000478467
0.000478426
0.000478427
0.000486106
0.000478706
0.000478343
0.000478327
0.000478504
0.000478407
0.000478504
0.00047846
0.0004784
0.000478494
0.000478594
0.000478269
0.000491016
0.000479921
0.00047829
0.000478559
0.000478626
0.000478291
0.000478469
0.000478266
0.000478618
0.000478388
0.000486674
0.000478441
0.000492908
0.000482717
0.000478506
0.00047851
0.000478459
0.000478488
0.000478421
0.00049125
0.000488873
0.000478649
0.000478433
0.00047837
0.000478355
0.000478514
0.000478333
0.000478367
0.000478455
0.00047835
0.000492646
0.000478871
0.00047846
0.000478561
0.00047846
0.000478399
0.000478413
0.000478424
0.000478309
0.000486547
0.000478647
0.000478403
0.000478439
0.000478474
0.000478517
0.000478519
0.00047852
0.00047848
0.000486289
0.000478604
0.000526508
0.000496846
0.000478575
0.000478303
0.000478438
0.000478411
0.000488972
0.000478515
0.00047851
0.000478517
0.000478533
0.000478404
0.000478358
0.000478509
0.000490452
0.00048541
0.000478538
0.000478619
0.000478524
0.000478371
0.000478392
0.00047841
0.000478552
0.000486743
0.000483242
0.000478342
0.000478363
0.000478226
0.000478386
0.000478409
0.000478451
0.000486523
0.000515232
0.00048622
0.000478437
0.000478488
0.000478571
0.000489947
0.000482409
0.000478311
0.000489167
0.000478597
0.000478587
0.000478434
0.000478608
0.000478576
0.000478575
0.000478617
0.000490892
0.000480448
0.0004784
0.000478433
0.000478406
0.00047838
0.000478372
0.000478575
0.000487156
0.000483078
0.000478491
0.00047854
0.000478378
0.000478539
0.000478507
0.000478548
0.000478545
0.000486526
0.000478483
0.000478361
0.000516528
0.000480887
0.000478407
0.000487319
0.000478621
0.000478595
0.000485927
0.000479887
0.000478521
0.000478364
0.000478283
0.000478415
0.000478255
0.000478548
0.000478432
0.000492789
0.000478773
0.000478391
0.000478517
0.000478519
0.000478336
0.000478453
0.00047845
0.000486615
0.000481711
0.000478379
0.000484922
0.000491722
0.000478413
0.000478569
0.000478468
0.000478434
0.000490919
0.000478579
0.000520073
0.000480673
0.000478246
0.000478352
0.000478978
0.000478542
0.000478384
0.000486313
0.000480553
0.000478506
0.000478449
0.000478466
0.000478381
0.000478361
0.000478518
0.000478401
0.00049343
0.000483915
0.000478489
0.000478523
0.000478557
0.000478427
0.000478483
0.000478405
0.000478516
0.00048682
0.000478785
0.000478308
0.000478585
0.000478355
0.000478525
0.000478413
0.000478373
0.000478489
0.000501278
0.000494744
0.000478434
0.000478397
0.000489263
0.000479318
0.000478372
0.000478358
0.000478511
0.000485958
0.00048102
0.000478566
0.000478408
0.000478449
0.000478495
0.000478337
0.00047847
0.000478456
0.000492438
0.000479616
0.000478344
0.000478557
0.000478511
0.000478315
0.000478504
0.000478367
0.000478493
0.000488368
0.000478549
0.000478381
0.00047839
0.000478328
0.000478433
0.00047833
0.000478386
0.000507272
0.000502493
0.00047941
0.000478415
0.000478289
0.000488035
0.000481048
0.000478616
0.000478481
0.000485978
0.00048069
0.000478576
0.000478457
0.000478408
0.000478503
0.000478474
0.000478395
0.000478374
0.000489995
0.000478541
0.000478613
0.000478469
0.000478492
0.000478496
0.000478461
0.000478545
0.000478626
0.000486585
0.000478595
0.000478598
0.000478539
0.000478382
0.00047838
0.000478579
0.000478487
0.000478457
0.000505182
0.00048258
0.000478514
0.000478403
0.000492188
0.000480341
0.000506805
0.000493515
0.000478525
0.000487659
0.000478647
0.000478483
0.000478538
0.000478415
0.000478438
0.000478405
0.000478332
0.000478496
0.000493345
0.000478633
0.000478485
0.000478315
0.00047836
0.000478386
0.00047841
0.000478436
0.000526663
0.000483601
0.0004785
0.000478455
0.000478609
0.000478368
0.000478426
0.000478363
0.000478447
0.000686482
0.00049074
0.00048603
0.000478472
0.000478571
0.000490278
0.000478645
0.000478426
0.000478593
0.000478409
0.000478388
0.000488494
0.000480616
0.000478554
0.000478516
0.00047848
0.000478373
0.000478464
0.000478469
0.000478395
0.000478538
0.000491711
0.000481385
0.000478501
0.000478378
0.000478308
0.000478458
0.000478533
0.000478303
0.000478478
0.000478665
0.000478386
0.000486789
0.000478464
0.000478395
0.000478473
0.000556829
0.000479776
0.00047864
0.000478516
0.00047846
0.000489457
0.000489478
0.000478769
0.000478513
0.000478397
0.000478389
0.000478459
0.000478521
0.000478503
0.000478359
0.000478545
0.000478454
0.000478561
0.000486369
0.00047861
0.000478329
0.00047837
0.000478514
0.000478239
0.000478435
0.000478377
0.00047852
0.000478435
0.000478537
0.000478489
0.000478235
0.000478481
0.000491643
0.000482062
0.000478351
0.000478513
0.000491751
0.000491828
0.001962299
0.000482297
0.000478462
0.000478456
0.000478462
0.000478442
0.000487116
0.000478658
0.000478538
0.00050147
0.000486985
0.000478304
0.000478424
0.000478422
0.0004785
0.000478453
0.000478324
0.000478492
0.000486594
0.000478558
0.000478408
0.000478414
0.000478483
0.000478482
0.000478452
0.000478362
0.000478542
0.000478366
0.000478492
0.000478492
0.000478425
0.000492852
0.000478548
0.000478461
0.000478357
