#time [s]
1.209e-06
1.124e-06
1.063e-06
1.03e-06
1.032e-06
1.03e-06
1.035e-06
1.032e-06
1.033e-06
1.032e-06
1.034e-06
1.033e-06
1.034e-06
1.032e-06
1.032e-06
1.029e-06
1.031e-06
1.031e-06
1.029e-06
1.029e-06
1.03e-06
1.029e-06
1.028e-06
1.028e-06
1.029e-06
1.028e-06
1.029e-06
1.029e-06
1.03e-06
1.032e-06
1.033e-06
1.031e-06
1.033e-06
1.032e-06
1.034e-06
1.032e-06
1.032e-06
1.029e-06
1.031e-06
1.029e-06
1.029e-06
1.028e-06
1.03e-06
1.027e-06
1.028e-06
1.028e-06
1.028e-06
1.027e-06
1.03e-06
1.029e-06
1.031e-06
1.03e-06
1.032e-06
1.031e-06
1.032e-06
1.032e-06
1.034e-06
1.03e-06
1.031e-06
1.03e-06
1.031e-06
1.03e-06
1.029e-06
1.03e-06
1.031e-06
1.029e-06
1.028e-06
1.028e-06
1.029e-06
1.028e-06
1.032e-06
1.03e-06
1.031e-06
1.03e-06
1.035e-06
1.033e-06
1.035e-06
1.032e-06
1.033e-06
1.031e-06
1.03e-06
1.032e-06
1.033e-06
1.029e-06
1.03e-06
1.028e-06
1.031e-06
1.027e-06
1.03e-06
1.028e-06
1.029e-06
1.028e-06
1.031e-06
1.029e-06
1.03e-06
1.028e-06
1.033e-06
1.033e-06
1.032e-06
1.032e-06
1.033e-06
1.032e-06
1.031e-06
1.029e-06
1.03e-06
1.029e-06
1.031e-06
1.029e-06
1.029e-06
1.029e-06
1.029e-06
1.027e-06
1.029e-06
1.027e-06
1.03e-06
1.029e-06
1.031e-06
1.03e-06
1.03e-06
1.033e-06
1.033e-06
1.03e-06
1.032e-06
1.031e-06
1.033e-06
1.032e-06
1.031e-06
1.029e-06
1.029e-06
1.029e-06
1.028e-06
1.028e-06
1.028e-06
1.028e-06
1.027e-06
1.029e-06
1.03e-06
1.029e-06
1.031e-06
1.03e-06
1.032e-06
1.03e-06
1.033e-06
1.032e-06
1.033e-06
1.03e-06
1.031e-06
1.031e-06
1.03e-06
1.029e-06
1.03e-06
1.03e-06
1.028e-06
1.028e-06
1.027e-06
1.027e-06
1.029e-06
1.028e-06
1.03e-06
1.029e-06
1.03e-06
1.03e-06
1.029e-06
1.031e-06
1.032e-06
1.031e-06
1.031e-06
1.032e-06
1.033e-06
1.031e-06
1.03e-06
1.029e-06
1.031e-06
1.03e-06
1.029e-06
1.027e-06
1.029e-06
1.027e-06
1.028e-06
1.029e-06
1.03e-06
1.029e-06
1.03e-06
1.029e-06
1.031e-06
1.031e-06
1.033e-06
1.03e-06
1.032e-06
1.032e-06
1.033e-06
1.031e-06
1.031e-06
1.03e-06
1.03e-06
1.028e-06
1.031e-06
1.028e-06
1.028e-06
1.027e-06
1.03e-06
1.027e-06
1.029e-06
1.028e-06
1.032e-06
1.032e-06
1.031e-06
1.031e-06
1.032e-06
1.033e-06
1.032e-06
1.031e-06
1.032e-06
1.031e-06
1.033e-06
1.029e-06
1.029e-06
1.028e-06
1.03e-06
1.029e-06
1.028e-06
1.027e-06
1.029e-06
1.028e-06
1.029e-06
1.029e-06
1.031e-06
1.031e-06
1.03e-06
1.029e-06
1.033e-06
1.031e-06
1.033e-06
1.033e-06
1.033e-06
1.031e-06
1.032e-06
1.029e-06
1.03e-06
1.027e-06
1.028e-06
1.029e-06
1.028e-06
1.028e-06
1.029e-06
1.028e-06
1.028e-06
1.029e-06
1.03e-06
1.029e-06
1.031e-06
1.031e-06
1.032e-06
1.032e-06
1.033e-06
1.03e-06
1.032e-06
1.03e-06
1.032e-06
1.031e-06
1.03e-06
1.029e-06
1.029e-06
1.03e-06
1.029e-06
1.027e-06
1.029e-06
1.028e-06
1.031e-06
1.03e-06
1.03e-06
1.029e-06
1.032e-06
1.031e-06
1.031e-06
1.031e-06
1.033e-06
1.032e-06
1.031e-06
1.032e-06
1.032e-06
1.03e-06
1.03e-06
1.029e-06
1.031e-06
1.028e-06
1.03e-06
1.028e-06
1.029e-06
1.028e-06
1.029e-06
1.029e-06
1.03e-06
1.029e-06
1.031e-06
1.033e-06
1.031e-06
1.032e-06
1.032e-06
1.03e-06
1.033e-06
1.031e-06
1.031e-06
1.03e-06
1.031e-06
1.029e-06
1.03e-06
1.029e-06
1.03e-06
1.027e-06
1.028e-06
1.028e-06
1.03e-06
1.029e-06
1.029e-06
1.03e-06
1.032e-06
1.031e-06
1.031e-06
1.03e-06
1.033e-06
1.033e-06
1.032e-06
1.031e-06
1.194e-06
1.075e-06
1.029e-06
1.017e-06
1.013e-06
1.013e-06
1.013e-06
1.012e-06
1.015e-06
1.012e-06
1.012e-06
1.013e-06
1.013e-06
1.015e-06
1.014e-06
1.014e-06
1.015e-06
1.015e-06
1.013e-06
1.014e-06
1.013e-06
1.012e-06
1.011e-06
1.012e-06
1.012e-06
1.011e-06
1.01e-06
1.013e-06
1.012e-06
1.012e-06
1.012e-06
1.013e-06
1.014e-06
1.014e-06
1.014e-06
1.015e-06
1.014e-06
1.017e-06
1.015e-06
1.015e-06
1.013e-06
1.014e-06
1.013e-06
1.013e-06
1.011e-06
1.012e-06
1.012e-06
1.01e-06
1.01e-06
1.011e-06
1.012e-06
1.011e-06
1.013e-06
1.014e-06
1.013e-06
1.014e-06
1.014e-06
1.015e-06
1.014e-06
1.017e-06
1.015e-06
1.015e-06
1.014e-06
1.014e-06
1.014e-06
1.013e-06
1.013e-06
1.012e-06
1.011e-06
1.012e-06
1.011e-06
1.012e-06
1.011e-06
1.012e-06
1.011e-06
1.013e-06
1.013e-06
1.014e-06
1.013e-06
1.014e-06
1.015e-06
1.016e-06
1.015e-06
1.015e-06
1.015e-06
1.012e-06
1.013e-06
1.013e-06
1.011e-06
1.013e-06
1.011e-06
1.012e-06
1.01e-06
1.012e-06
1.011e-06
1.011e-06
1.013e-06
1.012e-06
1.013e-06
1.013e-06
1.013e-06
1.014e-06
1.015e-06
1.015e-06
1.014e-06
1.015e-06
1.013e-06
1.015e-06
1.014e-06
1.014e-06
1.012e-06
1.012e-06
1.011e-06
1.011e-06
1.012e-06
1.011e-06
1.01e-06
1.013e-06
1.011e-06
1.013e-06
1.013e-06
1.014e-06
1.013e-06
1.015e-06
1.015e-06
1.015e-06
1.014e-06
1.015e-06
1.015e-06
1.014e-06
1.014e-06
1.014e-06
1.013e-06
1.014e-06
1.012e-06
1.012e-06
1.011e-06
1.011e-06
1.011e-06
1.012e-06
1.011e-06
1.012e-06
1.012e-06
1.013e-06
1.012e-06
1.013e-06
1.014e-06
1.016e-06
1.015e-06
1.015e-06
1.014e-06
1.015e-06
1.014e-06
1.014e-06
1.012e-06
1.013e-06
1.014e-06
1.013e-06
1.01e-06
1.011e-06
1.012e-06
1.011e-06
1.011e-06
1.013e-06
1.011e-06
1.013e-06
1.014e-06
1.014e-06
1.014e-06
1.015e-06
1.014e-06
1.016e-06
1.015e-06
1.016e-06
1.014e-06
1.013e-06
1.013e-06
1.013e-06
1.013e-06
1.012e-06
1.012e-06
1.011e-06
1.01e-06
1.012e-06
1.011e-06
1.013e-06
1.013e-06
1.013e-06
1.012e-06
1.013e-06
1.013e-06
1.014e-06
1.015e-06
1.015e-06
1.015e-06
1.015e-06
1.014e-06
1.014e-06
1.013e-06
1.014e-06
1.012e-06
1.013e-06
1.011e-06
1.012e-06
1.01e-06
1.011e-06
1.011e-06
1.011e-06
1.011e-06
1.011e-06
1.013e-06
1.013e-06
1.012e-06
1.014e-06
1.013e-06
1.015e-06
1.015e-06
1.016e-06
1.016e-06
1.014e-06
1.014e-06
1.013e-06
1.011e-06
1.013e-06
1.012e-06
1.011e-06
1.011e-06
1.011e-06
1.011e-06
1.012e-06
1.012e-06
1.012e-06
1.011e-06
1.013e-06
1.013e-06
1.014e-06
1.013e-06
1.016e-06
1.015e-06
1.015e-06
1.015e-06
1.014e-06
1.014e-06
1.013e-06
1.014e-06
1.014e-06
1.012e-06
1.011e-06
1.01e-06
1.012e-06
1.01e-06
1.012e-06
1.012e-06
1.013e-06
1.012e-06
1.013e-06
1.014e-06
1.014e-06
1.014e-06
1.015e-06
1.015e-06
1.017e-06
1.015e-06
1.015e-06
1.015e-06
1.014e-06
1.013e-06
1.014e-06
1.012e-06
1.013e-06
1.011e-06
1.011e-06
1.01e-06
1.011e-06
1.012e-06
1.011e-06
1.012e-06
1.012e-06
1.012e-06
1.013e-06
1.013e-06
1.015e-06
1.014e-06
1.016e-06
1.016e-06
1.016e-06
1.013e-06
1.013e-06
1.014e-06
1.011e-06
1.013e-06
1.013e-06
1.012e-06
1.012e-06
1.011e-06
1.011e-06
1.011e-06
1.013e-06
1.012e-06
1.014e-06
1.013e-06
1.014e-06
1.014e-06
1.014e-06
1.014e-06
1.014e-06
1.016e-06
1.015e-06
1.014e-06
1.015e-06
1.013e-06
1.015e-06
1.013e-06
1.013e-06
1.012e-06
1.012e-06
1.01e-06
1.011e-06
1.012e-06
1.011e-06
1.012e-06
1.011e-06
1.013e-06
1.013e-06
1.013e-06
1.015e-06
1.014e-06
1.015e-06
1.015e-06
1.016e-06
1.014e-06
1.015e-06
1.013e-06
1.014e-06
1.013e-06
1.012e-06
1.012e-06
1.011e-06
1.011e-06
1.011e-06
1.01e-06
1.011e-06
1.011e-06
1.012e-06
1.011e-06
1.014e-06
1.013e-06
1.013e-06
1.015e-06
1.016e-06
1.014e-06
1.016e-06
1.016e-06
1.015e-06
1.015e-06
1.013e-06
1.012e-06
1.013e-06
1.012e-06
1.011e-06
1.011e-06
1.012e-06
1.01e-06
1.012e-06
1.011e-06
1.012e-06
1.013e-06
1.012e-06
1.012e-06
1.013e-06
1.014e-06
1.014e-06
1.015e-06
1.016e-06
1.014e-06
1.015e-06
1.015e-06
1.014e-06
1.012e-06
1.013e-06
1.014e-06
1.013e-06
1.012e-06
1.01e-06
1.011e-06
1.012e-06
1.013e-06
1.012e-06
1.012e-06
1.013e-06
1.013e-06
1.013e-06
1.013e-06
1.015e-06
1.015e-06
1.015e-06
1.015e-06
1.015e-06
1.014e-06
1.014e-06
1.013e-06
1.013e-06
1.013e-06
1.013e-06
1.012e-06
1.011e-06
1.01e-06
1.011e-06
1.012e-06
1.012e-06
1.012e-06
1.013e-06
1.012e-06
1.013e-06
1.013e-06
1.014e-06
1.014e-06
1.015e-06
1.015e-06
1.016e-06
1.014e-06
1.015e-06
1.014e-06
1.014e-06
1.013e-06
1.013e-06
1.01e-06
1.012e-06
1.011e-06
1.011e-06
1.009e-06
1.012e-06
1.011e-06
1.012e-06
1.013e-06
1.013e-06
1.013e-06
1.015e-06
1.014e-06
1.016e-06
1.015e-06
1.015e-06
1.014e-06
1.015e-06
1.014e-06
1.014e-06
1.013e-06
1.013e-06
1.013e-06
1.012e-06
1.012e-06
1.011e-06
1.009e-06
1.012e-06
1.012e-06
1.013e-06
1.012e-06
1.014e-06
1.012e-06
1.014e-06
1.014e-06
1.015e-06
1.014e-06
1.015e-06
1.014e-06
1.015e-06
1.015e-06
1.013e-06
1.014e-06
1.013e-06
1.012e-06
1.013e-06
1.011e-06
1.013e-06
1.01e-06
1.011e-06
1.011e-06
1.012e-06
1.013e-06
1.013e-06
1.013e-06
1.013e-06
1.015e-06
1.014e-06
1.016e-06
1.015e-06
1.015e-06
1.013e-06
1.014e-06
1.014e-06
1.015e-06
1.014e-06
1.012e-06
1.013e-06
1.012e-06
1.011e-06
1.011e-06
1.01e-06
1.011e-06
1.012e-06
1.012e-06
1.013e-06
1.013e-06
1.013e-06
1.013e-06
1.016e-06
1.014e-06
1.016e-06
1.017e-06
1.016e-06
1.014e-06
1.014e-06
1.014e-06
1.013e-06
1.013e-06
1.013e-06
1.011e-06
1.013e-06
1.011e-06
1.011e-06
1.01e-06
1.012e-06
1.011e-06
1.013e-06
1.011e-06
1.014e-06
1.013e-06
1.014e-06
1.014e-06
1.015e-06
1.017e-06
1.016e-06
1.015e-06
1.015e-06
1.013e-06
1.014e-06
1.012e-06
1.013e-06
1.011e-06
1.013e-06
1.012e-06
1.012e-06
1.01e-06
1.011e-06
1.012e-06
1.012e-06
1.012e-06
1.014e-06
1.012e-06
1.015e-06
1.015e-06
1.015e-06
1.015e-06
1.016e-06
1.014e-06
1.013e-06
1.013e-06
1.014e-06
1.014e-06
1.013e-06
1.012e-06
1.012e-06
1.011e-06
1.012e-06
1.012e-06
1.011e-06
1.011e-06
1.013e-06
1.011e-06
1.012e-06
1.012e-06
1.015e-06
1.013e-06
1.015e-06
1.015e-06
1.016e-06
1.016e-06
1.015e-06
1.015e-06
1.013e-06
1.013e-06
1.013e-06
1.013e-06
1.013e-06
1.012e-06
1.013e-06
1.011e-06
1.012e-06
1.011e-06
1.012e-06
1.011e-06
1.012e-06
1.011e-06
1.013e-06
1.014e-06
1.014e-06
1.015e-06
1.015e-06
1.014e-06
1.015e-06
1.015e-06
1.015e-06
1.013e-06
1.014e-06
1.012e-06
1.013e-06
1.012e-06
1.011e-06
1.011e-06
1.011e-06
1.011e-06
1.012e-06
1.011e-06
1.012e-06
1.013e-06
1.013e-06
1.013e-06
1.014e-06
1.014e-06
1.015e-06
1.014e-06
1.015e-06
1.015e-06
1.014e-06
1.013e-06
1.014e-06
1.014e-06
1.013e-06
1.013e-06
1.013e-06
1.011e-06
1.011e-06
1.01e-06
1.012e-06
1.011e-06
1.013e-06
1.013e-06
1.014e-06
1.013e-06
1.014e-06
1.015e-06
1.014e-06
1.015e-06
1.015e-06
1.014e-06
1.015e-06
1.016e-06
1.013e-06
1.012e-06
1.014e-06
1.013e-06
1.013e-06
1.01e-06
1.012e-06
1.01e-06
1.011e-06
1.011e-06
1.01e-06
1.012e-06
1.014e-06
1.013e-06
1.013e-06
1.014e-06
1.014e-06
1.013e-06
1.016e-06
1.014e-06
1.016e-06
1.015e-06
1.014e-06
1.012e-06
1.013e-06
1.012e-06
1.012e-06
1.013e-06
1.011e-06
