#time [s]
5.5019e-05
5.508e-05
5.5627e-05
5.3912e-05
5.3909e-05
5.3759e-05
5.3747e-05
5.3719e-05
5.3739e-05
5.3701e-05
5.3686e-05
5.3692e-05
5.3706e-05
5.3723e-05
5.3721e-05
5.3709e-05
5.37e-05
5.371e-05
5.3704e-05
5.3712e-05
5.3679e-05
5.3725e-05
5.3722e-05
5.3702e-05
5.371e-05
5.3725e-05
5.3995e-05
5.3727e-05
5.3711e-05
5.3702e-05
5.3687e-05
5.3685e-05
5.3733e-05
6.3435e-05
5.3824e-05
5.3953e-05
5.388e-05
5.3713e-05
5.3689e-05
5.3725e-05
5.3721e-05
5.3709e-05
5.3706e-05
5.3682e-05
5.3723e-05
5.3715e-05
5.366e-05
5.3701e-05
5.3739e-05
5.371e-05
5.3708e-05
5.3694e-05
5.3701e-05
5.3718e-05
5.3704e-05
5.3711e-05
5.3701e-05
5.3717e-05
5.3751e-05
5.3699e-05
5.3689e-05
5.3725e-05
5.3721e-05
5.3706e-05
5.3711e-05
5.3687e-05
5.3738e-05
5.3705e-05
5.3706e-05
5.3681e-05
5.3703e-05
5.3662e-05
5.3715e-05
5.3682e-05
5.369e-05
5.3729e-05
5.3704e-05
5.3705e-05
5.37e-05
5.3694e-05
5.3721e-05
5.3688e-05
5.3671e-05
5.4542e-05
5.3709e-05
5.3733e-05
5.3654e-05
5.367e-05
5.3657e-05
5.37e-05
5.371e-05
5.3641e-05
5.3658e-05
5.37e-05
5.374e-05
5.3701e-05
5.3675e-05
5.3698e-05
5.3712e-05
5.3709e-05
5.3705e-05
5.3678e-05
5.3701e-05
5.565e-05
6.0827e-05
5.3807e-05
5.3912e-05
5.3882e-05
5.5759e-05
5.3774e-05
5.3783e-05
5.3734e-05
5.3715e-05
5.3718e-05
5.3719e-05
5.3718e-05
5.3684e-05
5.3737e-05
5.3724e-05
5.3727e-05
5.3701e-05
5.3714e-05
5.3691e-05
5.3726e-05
5.3714e-05
5.9358e-05
5.4288e-05
5.368e-05
5.3719e-05
5.3671e-05
5.3802e-05
5.3826e-05
5.3802e-05
5.3824e-05
5.3831e-05
5.3853e-05
5.381e-05
5.3814e-05
5.3856e-05
5.3842e-05
5.3846e-05
5.385e-05
5.3823e-05
5.3848e-05
5.3863e-05
5.3724e-05
5.383e-05
5.3849e-05
5.3867e-05
5.3826e-05
5.3836e-05
5.3855e-05
5.3823e-05
5.3862e-05
5.3817e-05
5.3846e-05
5.3797e-05
5.3823e-05
5.3829e-05
5.3823e-05
5.3836e-05
5.3868e-05
5.3867e-05
5.3846e-05
5.3848e-05
5.3841e-05
5.3837e-05
5.3858e-05
5.3773e-05
5.3798e-05
5.3845e-05
5.3858e-05
5.3816e-05
6.4529e-05
6.0381e-05
5.4074e-05
5.3851e-05
5.3864e-05
5.3699e-05
5.3707e-05
5.3812e-05
5.3832e-05
5.3834e-05
5.3842e-05
5.3795e-05
5.3727e-05
5.3852e-05
5.386e-05
5.3847e-05
5.3828e-05
5.3837e-05
5.3832e-05
5.3846e-05
5.3761e-05
5.3819e-05
5.3844e-05
5.385e-05
5.3839e-05
5.383e-05
5.3843e-05
5.384e-05
5.3788e-05
5.3857e-05
5.3877e-05
5.3848e-05
5.3826e-05
5.3809e-05
5.3799e-05
5.3821e-05
5.3852e-05
5.3826e-05
5.3847e-05
5.3861e-05
5.3863e-05
5.3874e-05
5.3819e-05
5.3781e-05
5.3858e-05
5.3851e-05
5.3736e-05
5.3826e-05
5.3821e-05
5.3747e-05
5.3844e-05
5.381e-05
5.3745e-05
5.3821e-05
5.3836e-05
5.3833e-05
5.4145e-05
5.3836e-05
5.3862e-05
5.3814e-05
5.3817e-05
5.3834e-05
5.3842e-05
5.3879e-05
5.384e-05
5.3813e-05
5.3872e-05
5.3855e-05
5.3837e-05
5.3872e-05
5.3831e-05
5.3709e-05
5.3841e-05
5.3828e-05
5.3846e-05
5.3742e-05
5.3712e-05
5.3846e-05
5.3812e-05
5.3805e-05
5.3835e-05
5.3891e-05
5.3828e-05
5.3812e-05
5.3836e-05
5.3834e-05
5.3852e-05
5.3654e-05
5.3855e-05
5.3806e-05
5.3884e-05
5.3843e-05
5.3837e-05
5.3816e-05
5.3831e-05
5.3824e-05
6.4989e-05
5.3831e-05
5.3855e-05
5.3855e-05
5.3841e-05
5.3726e-05
5.3719e-05
5.3712e-05
5.3721e-05
5.388e-05
5.3835e-05
5.3683e-05
5.3839e-05
5.3819e-05
5.3887e-05
5.3741e-05
5.3842e-05
5.3737e-05
5.3718e-05
5.387e-05
5.3736e-05
5.3708e-05
5.3866e-05
5.3852e-05
5.3807e-05
5.38e-05
5.3671e-05
5.3854e-05
5.3855e-05
5.3858e-05
5.38e-05
5.3823e-05
5.3885e-05
5.3838e-05
5.3805e-05
5.3765e-05
5.382e-05
5.3845e-05
5.3801e-05
5.382e-05
5.385e-05
5.3847e-05
5.3825e-05
5.383e-05
5.3798e-05
5.3845e-05
5.3814e-05
5.3811e-05
5.3836e-05
5.3872e-05
5.3822e-05
5.3863e-05
5.3685e-05
5.3837e-05
5.3851e-05
5.389e-05
5.3817e-05
5.3842e-05
5.385e-05
5.386e-05
5.387e-05
5.385e-05
5.3837e-05
5.3847e-05
5.3752e-05
5.3838e-05
5.3828e-05
5.3823e-05
5.3869e-05
5.3836e-05
5.3838e-05
8.0693e-05
5.3825e-05
5.3892e-05
5.3883e-05
5.3838e-05
5.3741e-05
5.5996e-05
5.3784e-05
5.7503e-05
5.3742e-05
0.000106395
5.3856e-05
5.3896e-05
5.38e-05
5.3819e-05
5.3692e-05
5.3721e-05
5.3727e-05
5.3691e-05
5.3734e-05
5.3679e-05
5.3772e-05
5.3729e-05
6.0271e-05
5.3789e-05
5.3893e-05
5.3783e-05
5.3832e-05
5.3715e-05
5.372e-05
5.3714e-05
5.3831e-05
5.3882e-05
5.3677e-05
5.3722e-05
5.3699e-05
5.3731e-05
5.3846e-05
5.3883e-05
5.37e-05
5.37e-05
5.3815e-05
5.3837e-05
5.3839e-05
5.3733e-05
5.3833e-05
5.3828e-05
5.3848e-05
5.3841e-05
5.3827e-05
5.381e-05
5.3862e-05
5.3844e-05
5.3832e-05
5.3697e-05
5.3796e-05
5.4148e-05
5.6548e-05
5.384e-05
5.3764e-05
5.4187e-05
5.3884e-05
5.3737e-05
5.3689e-05
5.3908e-05
5.4956e-05
5.383e-05
5.3733e-05
5.3707e-05
5.3725e-05
5.3686e-05
5.3704e-05
5.3699e-05
5.3735e-05
5.3713e-05
5.3707e-05
5.3691e-05
5.3717e-05
5.3689e-05
5.3721e-05
5.3805e-05
5.3834e-05
5.3879e-05
5.381e-05
5.3823e-05
5.3834e-05
5.3823e-05
5.3993e-05
5.3715e-05
5.3798e-05
5.3695e-05
5.3711e-05
5.3709e-05
5.3661e-05
5.3802e-05
5.387e-05
5.3717e-05
5.3679e-05
5.3695e-05
5.3639e-05
5.3712e-05
5.3713e-05
5.3672e-05
5.384e-05
5.9879e-05
5.3758e-05
5.3888e-05
5.3885e-05
5.385e-05
5.372e-05
5.3689e-05
5.3713e-05
5.3709e-05
5.3673e-05
5.3694e-05
5.3699e-05
5.3814e-05
5.3693e-05
5.3725e-05
5.3807e-05
5.3664e-05
5.3845e-05
5.374e-05
5.3737e-05
5.3707e-05
5.3683e-05
5.37e-05
5.3718e-05
5.3811e-05
5.372e-05
5.3695e-05
5.3745e-05
5.3725e-05
5.3719e-05
5.3681e-05
5.3688e-05
5.3828e-05
5.3854e-05
5.3815e-05
5.383e-05
5.3836e-05
5.3823e-05
5.3841e-05
5.3818e-05
5.3814e-05
5.3849e-05
5.3825e-05
5.3838e-05
5.3815e-05
5.3837e-05
5.371e-05
5.384e-05
5.3817e-05
5.3846e-05
5.3848e-05
5.3858e-05
5.3838e-05
5.3783e-05
5.3838e-05
5.3819e-05
5.3835e-05
5.3825e-05
5.382e-05
5.3844e-05
5.3703e-05
5.3829e-05
5.3761e-05
5.3862e-05
5.3838e-05
5.383e-05
5.3772e-05
5.3818e-05
5.3827e-05
5.3848e-05
5.3792e-05
5.3861e-05
5.3836e-05
5.3871e-05
5.3818e-05
5.3816e-05
5.3827e-05
5.3857e-05
5.3861e-05
5.3831e-05
5.3822e-05
6.3369e-05
5.3817e-05
5.3911e-05
5.3883e-05
5.3833e-05
5.3695e-05
5.371e-05
5.3693e-05
5.3833e-05
5.3639e-05
5.3802e-05
5.3712e-05
5.372e-05
5.3727e-05
5.3689e-05
5.3711e-05
5.37e-05
5.3695e-05
5.3712e-05
5.3704e-05
5.3722e-05
5.3711e-05
5.3747e-05
5.3645e-05
5.3819e-05
5.3846e-05
5.3679e-05
5.385e-05
5.3814e-05
5.3853e-05
5.3707e-05
5.3835e-05
5.3815e-05
5.3833e-05
5.3702e-05
5.3838e-05
5.3836e-05
5.3842e-05
5.3725e-05
5.3881e-05
5.3843e-05
5.3847e-05
5.3797e-05
5.3838e-05
5.381e-05
5.3842e-05
5.368e-05
5.38e-05
5.3869e-05
5.3855e-05
5.3816e-05
5.3817e-05
5.3713e-05
8.0647e-05
5.3865e-05
5.3883e-05
5.3919e-05
5.4513e-05
5.3717e-05
5.3712e-05
5.3681e-05
5.3732e-05
5.3863e-05
5.3802e-05
5.3812e-05
5.3732e-05
5.3828e-05
5.3832e-05
5.3872e-05
5.3716e-05
5.3859e-05
5.3871e-05
5.3833e-05
5.3834e-05
5.3849e-05
5.387e-05
5.3854e-05
5.3847e-05
5.3835e-05
5.3826e-05
5.3751e-05
6.055e-05
5.3829e-05
5.3891e-05
5.3859e-05
5.3859e-05
5.3649e-05
5.362e-05
5.3725e-05
5.3681e-05
5.3689e-05
5.3728e-05
5.3725e-05
5.3671e-05
5.3793e-05
5.3821e-05
5.3783e-05
5.3724e-05
5.3844e-05
5.3712e-05
5.3685e-05
5.3847e-05
5.371e-05
8.329e-05
5.3837e-05
5.4123e-05
5.6607e-05
5.523e-05
5.3703e-05
5.3695e-05
5.374e-05
5.3734e-05
5.3707e-05
5.3684e-05
5.3653e-05
5.3731e-05
5.3688e-05
5.3676e-05
5.3707e-05
5.3735e-05
5.3678e-05
5.3695e-05
5.3722e-05
5.3739e-05
5.3724e-05
5.37e-05
5.3707e-05
5.3717e-05
5.3724e-05
5.3716e-05
5.3702e-05
5.3703e-05
5.3694e-05
5.3677e-05
5.3725e-05
5.3708e-05
5.3716e-05
5.3698e-05
5.3665e-05
5.3708e-05
5.3676e-05
5.3988e-05
5.3718e-05
5.371e-05
5.3691e-05
5.3702e-05
5.3938e-05
5.3823e-05
5.3863e-05
5.3875e-05
5.3692e-05
5.3711e-05
5.3724e-05
5.9758e-05
5.3975e-05
5.3825e-05
5.3868e-05
5.3849e-05
5.3702e-05
5.3675e-05
5.3859e-05
5.3693e-05
5.386e-05
5.375e-05
5.3678e-05
5.3857e-05
5.3686e-05
5.3713e-05
5.3697e-05
5.3656e-05
5.3734e-05
5.3709e-05
5.3817e-05
5.3734e-05
5.3701e-05
5.383e-05
5.3757e-05
5.3801e-05
5.3845e-05
5.3829e-05
5.3837e-05
5.3847e-05
5.3828e-05
5.3789e-05
5.3868e-05
5.3814e-05
5.3723e-05
5.3801e-05
5.3799e-05
5.3827e-05
5.3822e-05
5.3845e-05
5.3861e-05
5.3851e-05
5.3836e-05
5.3707e-05
5.3839e-05
5.3801e-05
5.3848e-05
5.3726e-05
5.3853e-05
5.3817e-05
5.383e-05
5.3764e-05
5.3835e-05
5.379e-05
5.387e-05
5.382e-05
5.3803e-05
5.3669e-05
5.3831e-05
5.3816e-05
5.3846e-05
5.3833e-05
5.3841e-05
5.3865e-05
5.3822e-05
5.3846e-05
5.3827e-05
5.3816e-05
5.3865e-05
5.384e-05
5.382e-05
5.3808e-05
5.3859e-05
5.3846e-05
6.3696e-05
5.397e-05
5.3849e-05
5.3848e-05
5.3855e-05
5.3824e-05
5.3726e-05
5.3709e-05
5.3697e-05
5.369e-05
5.3679e-05
5.3702e-05
5.3704e-05
5.3803e-05
5.3697e-05
5.373e-05
5.3871e-05
5.3667e-05
5.3685e-05
5.3836e-05
5.3823e-05
5.3876e-05
5.3825e-05
5.3796e-05
5.3725e-05
5.3701e-05
5.3715e-05
5.3797e-05
5.3662e-05
5.3894e-05
5.3723e-05
5.3707e-05
5.3837e-05
5.3876e-05
5.3728e-05
5.3784e-05
5.3707e-05
5.3848e-05
5.3745e-05
5.3805e-05
5.3792e-05
5.382e-05
5.3839e-05
5.3787e-05
5.3852e-05
5.3799e-05
5.3839e-05
5.3843e-05
5.3854e-05
5.3782e-05
5.3851e-05
5.3831e-05
5.3873e-05
5.3808e-05
5.3824e-05
5.3815e-05
5.3869e-05
5.3836e-05
5.3844e-05
5.3832e-05
5.3873e-05
5.382e-05
5.38e-05
5.3813e-05
5.3844e-05
5.3833e-05
5.3808e-05
5.3915e-05
5.3852e-05
5.3719e-05
5.376e-05
5.3744e-05
5.3817e-05
5.3902e-05
5.386e-05
5.3816e-05
5.3862e-05
5.3663e-05
5.3744e-05
5.3731e-05
5.3714e-05
5.3699e-05
5.3669e-05
5.372e-05
5.3692e-05
5.3695e-05
5.3818e-05
5.387e-05
5.3884e-05
5.3844e-05
5.3825e-05
5.3835e-05
5.3878e-05
5.3844e-05
5.3806e-05
5.3796e-05
5.3815e-05
5.3829e-05
5.3836e-05
5.3705e-05
5.3827e-05
5.3703e-05
5.3812e-05
5.3827e-05
5.3809e-05
5.3847e-05
5.3843e-05
5.3835e-05
5.3807e-05
5.3848e-05
5.3859e-05
5.3844e-05
5.3841e-05
5.3805e-05
5.3818e-05
5.3851e-05
5.3811e-05
5.3848e-05
5.3836e-05
5.3861e-05
5.3804e-05
5.3793e-05
5.369e-05
5.386e-05
5.3864e-05
5.3765e-05
5.3843e-05
5.3847e-05
5.3895e-05
5.3855e-05
5.3846e-05
5.3814e-05
5.3833e-05
5.3843e-05
5.3831e-05
5.3869e-05
5.3878e-05
5.3843e-05
5.3838e-05
5.3818e-05
6.0301e-05
5.393e-05
5.3899e-05
5.3879e-05
8.9014e-05
6.7471e-05
5.4281e-05
5.4741e-05
5.4117e-05
5.3726e-05
5.3713e-05
5.3745e-05
5.3812e-05
5.3692e-05
5.3807e-05
5.374e-05
5.37e-05
6.3615e-05
5.3961e-05
5.387e-05
5.3822e-05
5.3843e-05
5.3853e-05
5.3683e-05
5.3872e-05
5.3697e-05
5.3807e-05
5.3888e-05
5.3716e-05
5.3839e-05
5.3839e-05
5.3841e-05
5.3827e-05
5.3856e-05
5.387e-05
5.4661e-05
5.3711e-05
5.3734e-05
5.3835e-05
5.3746e-05
5.3727e-05
5.3838e-05
5.3846e-05
5.3819e-05
5.3863e-05
5.3859e-05
5.3845e-05
5.3822e-05
5.3892e-05
5.3841e-05
5.3866e-05
5.381e-05
5.3833e-05
5.3791e-05
5.383e-05
5.3875e-05
5.3826e-05
5.3833e-05
5.3808e-05
5.3866e-05
5.38e-05
5.3887e-05
5.382e-05
5.3859e-05
5.3814e-05
5.3801e-05
6.007e-05
5.3946e-05
5.3914e-05
5.3847e-05
5.4023e-05
5.3662e-05
5.3708e-05
5.3709e-05
5.3702e-05
5.3683e-05
5.3698e-05
5.3693e-05
5.3729e-05
5.3715e-05
5.3704e-05
5.3721e-05
5.3945e-05
5.3691e-05
5.3711e-05
5.373e-05
5.3706e-05
5.3674e-05
5.3717e-05
5.3735e-05
5.369e-05
5.3691e-05
5.371e-05
5.3707e-05
5.3698e-05
5.369e-05
5.3679e-05
5.3718e-05
5.3713e-05
5.3725e-05
5.3677e-05
5.3713e-05
5.3709e-05
5.3733e-05
5.37e-05
5.3688e-05
5.3681e-05
5.3758e-05
5.3721e-05
