#time [s]
4.9063e-05
4.9063e-05
4.8971e-05
4.8981e-05
6.8716e-05
8.8035e-05
4.9023e-05
4.8954e-05
4.8987e-05
4.8975e-05
4.8953e-05
4.9156e-05
4.9039e-05
4.8944e-05
4.8931e-05
4.8957e-05
4.8984e-05
4.8947e-05
4.8943e-05
4.8984e-05
4.8967e-05
4.8938e-05
4.8958e-05
4.8974e-05
4.895e-05
4.8931e-05
4.8952e-05
4.8992e-05
4.8961e-05
4.894e-05
4.8969e-05
4.9e-05
4.8943e-05
4.894e-05
4.8966e-05
4.8964e-05
4.8939e-05
4.895e-05
4.898e-05
4.8957e-05
4.8948e-05
4.8971e-05
4.8964e-05
4.8966e-05
4.8952e-05
4.8972e-05
4.8975e-05
4.8939e-05
4.8937e-05
4.8981e-05
4.8973e-05
4.8934e-05
4.8964e-05
4.8964e-05
4.8973e-05
4.8948e-05
4.8956e-05
4.8968e-05
4.8951e-05
4.8938e-05
4.8967e-05
4.897e-05
4.8933e-05
4.8954e-05
4.898e-05
4.8963e-05
4.8951e-05
4.8957e-05
4.8961e-05
4.8964e-05
4.8933e-05
4.8978e-05
4.8967e-05
4.8948e-05
4.8939e-05
4.8961e-05
4.8968e-05
4.8948e-05
4.8927e-05
4.8978e-05
4.8967e-05
4.8941e-05
4.8946e-05
4.8979e-05
4.8961e-05
4.8933e-05
4.8957e-05
4.8984e-05
4.8946e-05
4.8947e-05
4.8971e-05
4.8971e-05
4.8963e-05
4.8947e-05
4.8965e-05
4.8974e-05
4.8935e-05
4.8943e-05
4.898e-05
4.8963e-05
4.8934e-05
4.8961e-05
4.8966e-05
4.895e-05
4.8943e-05
4.8977e-05
4.8972e-05
4.8937e-05
4.8943e-05
4.8978e-05
5.5375e-05
4.9049e-05
4.8959e-05
4.8963e-05
4.8979e-05
4.8951e-05
4.894e-05
4.8965e-05
4.899e-05
4.8941e-05
4.8938e-05
4.8966e-05
4.8968e-05
4.8944e-05
4.8946e-05
4.8977e-05
4.8972e-05
4.895e-05
4.8956e-05
4.8973e-05
4.8954e-05
4.8945e-05
4.8982e-05
4.8966e-05
4.8938e-05
4.8939e-05
4.8969e-05
4.8963e-05
4.8942e-05
4.8965e-05
4.9005e-05
4.8962e-05
4.895e-05
4.8968e-05
4.8974e-05
4.8974e-05
4.8942e-05
4.8973e-05
4.8998e-05
4.8946e-05
4.896e-05
4.8979e-05
4.8964e-05
4.8953e-05
4.8951e-05
4.8969e-05
4.8952e-05
4.8934e-05
4.8955e-05
4.8985e-05
4.8948e-05
4.8945e-05
4.8969e-05
4.897e-05
4.8946e-05
4.8943e-05
4.8975e-05
4.896e-05
4.8937e-05
4.8971e-05
4.8978e-05
4.8956e-05
4.8942e-05
4.8969e-05
4.8982e-05
4.8944e-05
4.8934e-05
4.8963e-05
4.8977e-05
4.8946e-05
4.8957e-05
4.8981e-05
4.896e-05
4.8953e-05
4.8954e-05
4.8986e-05
4.8987e-05
4.8941e-05
4.896e-05
4.8973e-05
4.8945e-05
4.8938e-05
4.8956e-05
4.8975e-05
4.8947e-05
4.8953e-05
4.8981e-05
4.8969e-05
4.8939e-05
4.8954e-05
4.8971e-05
4.8956e-05
4.8935e-05
4.895e-05
4.8978e-05
4.8948e-05
4.8939e-05
4.8967e-05
4.8969e-05
4.8944e-05
4.8943e-05
4.8976e-05
4.8968e-05
4.8946e-05
4.8944e-05
4.8978e-05
7.7496e-05
4.9021e-05
4.9507e-05
5.1921e-05
4.8969e-05
4.895e-05
4.8957e-05
8.8096e-05
4.9095e-05
4.898e-05
4.8958e-05
4.8975e-05
4.9173e-05
4.8993e-05
4.8949e-05
4.8947e-05
4.8975e-05
4.8976e-05
4.8953e-05
4.8942e-05
4.8971e-05
4.8965e-05
4.8988e-05
4.8952e-05
4.8978e-05
4.8965e-05
4.8959e-05
4.8968e-05
4.8968e-05
4.8945e-05
4.8941e-05
4.8974e-05
4.897e-05
4.8936e-05
4.8949e-05
4.8966e-05
4.8965e-05
4.8937e-05
4.8963e-05
4.8975e-05
4.8954e-05
4.8946e-05
4.8963e-05
4.8993e-05
4.8942e-05
4.896e-05
4.8964e-05
4.8962e-05
4.8945e-05
4.8952e-05
4.8976e-05
4.899e-05
4.8955e-05
4.8946e-05
4.9005e-05
4.8967e-05
4.8954e-05
4.8953e-05
4.8974e-05
4.8947e-05
4.8931e-05
4.897e-05
4.8976e-05
4.8947e-05
4.8948e-05
4.8969e-05
4.8963e-05
4.8942e-05
4.8953e-05
4.8972e-05
4.8956e-05
4.894e-05
4.8966e-05
4.8987e-05
4.8957e-05
5.8252e-05
0.000175636
5.0366e-05
4.8957e-05
4.9002e-05
4.8958e-05
4.8944e-05
4.8984e-05
4.8976e-05
4.8953e-05
4.8949e-05
4.8981e-05
4.8966e-05
4.8968e-05
4.8962e-05
4.8966e-05
4.8947e-05
7.784e-05
8.1567e-05
8.1625e-05
8.1619e-05
8.1623e-05
8.161e-05
8.1595e-05
8.1597e-05
8.1589e-05
8.1583e-05
8.1597e-05
8.1603e-05
8.1634e-05
8.1623e-05
8.1609e-05
8.1598e-05
8.159e-05
8.1576e-05
8.1575e-05
8.1595e-05
8.1592e-05
8.1618e-05
9.8349e-05
8.1745e-05
8.1623e-05
8.1633e-05
8.1612e-05
8.1612e-05
9.0585e-05
9.1804e-05
9.1799e-05
9.1778e-05
9.1815e-05
9.1808e-05
9.1811e-05
9.1813e-05
9.1785e-05
9.1799e-05
9.1795e-05
9.1809e-05
9.1801e-05
9.1812e-05
9.1801e-05
9.1793e-05
9.1802e-05
9.1848e-05
9.1781e-05
9.1804e-05
9.1826e-05
9.1798e-05
9.1795e-05
9.1802e-05
9.1798e-05
0.000108928
9.1932e-05
9.1806e-05
9.1818e-05
9.1802e-05
9.1778e-05
8.818e-05
6.9956e-05
6.994e-05
6.9974e-05
6.9912e-05
6.996e-05
6.9943e-05
6.9937e-05
6.9932e-05
6.9951e-05
6.9934e-05
6.9959e-05
6.9953e-05
6.9933e-05
6.9942e-05
6.9928e-05
6.9949e-05
6.9934e-05
6.9953e-05
6.9937e-05
6.9935e-05
6.9932e-05
6.9944e-05
6.9926e-05
6.9954e-05
6.9932e-05
6.9961e-05
6.9972e-05
6.9943e-05
6.9932e-05
6.9959e-05
6.9931e-05
6.993e-05
6.994e-05
6.0199e-05
4.9e-05
4.8963e-05
4.894e-05
4.8978e-05
4.8975e-05
4.8957e-05
4.9143e-05
4.8959e-05
4.8984e-05
4.8964e-05
4.8949e-05
4.8965e-05
4.899e-05
4.8962e-05
4.895e-05
4.896e-05
4.8977e-05
4.8946e-05
4.8944e-05
4.8975e-05
4.8984e-05
4.8945e-05
4.8943e-05
4.8969e-05
4.8992e-05
4.8958e-05
4.8959e-05
4.8978e-05
4.898e-05
4.8939e-05
4.8959e-05
4.896e-05
4.8959e-05
4.8951e-05
4.8983e-05
4.8979e-05
4.8945e-05
4.8955e-05
4.8971e-05
4.8964e-05
4.8938e-05
4.8974e-05
4.8979e-05
4.8958e-05
4.8943e-05
4.8973e-05
4.8968e-05
4.8947e-05
4.8948e-05
4.8977e-05
4.8984e-05
4.8946e-05
4.8949e-05
4.8983e-05
4.8978e-05
4.8942e-05
4.8956e-05
4.8981e-05
4.8966e-05
4.8938e-05
4.8956e-05
4.8989e-05
4.8946e-05
4.8938e-05
4.8992e-05
4.8958e-05
4.896e-05
4.8957e-05
4.898e-05
4.9865e-05
4.9706e-05
4.895e-05
4.8986e-05
4.8987e-05
4.8947e-05
4.8957e-05
4.8982e-05
4.8975e-05
4.8945e-05
4.8972e-05
4.899e-05
4.893e-05
4.8952e-05
4.8978e-05
4.8968e-05
4.8962e-05
4.894e-05
4.8991e-05
4.8967e-05
4.8944e-05
4.896e-05
4.898e-05
4.896e-05
4.8947e-05
4.8964e-05
4.8978e-05
4.8948e-05
4.8946e-05
4.8968e-05
4.8961e-05
4.8944e-05
4.8943e-05
4.8982e-05
4.8953e-05
4.8932e-05
4.8965e-05
4.8974e-05
4.8957e-05
4.8937e-05
4.897e-05
4.8982e-05
4.8958e-05
4.8944e-05
4.8992e-05
4.897e-05
4.8934e-05
4.8946e-05
4.8975e-05
4.8964e-05
4.8942e-05
4.8969e-05
4.8971e-05
4.896e-05
4.8928e-05
4.8967e-05
4.8966e-05
4.8967e-05
4.8957e-05
4.8976e-05
4.8993e-05
6.0438e-05
4.9046e-05
4.8952e-05
4.8984e-05
4.8978e-05
4.896e-05
4.8952e-05
4.8975e-05
4.8972e-05
4.8944e-05
4.8944e-05
4.8971e-05
4.8981e-05
4.8943e-05
4.8956e-05
4.8955e-05
4.8954e-05
4.8952e-05
4.8975e-05
4.8972e-05
4.893e-05
4.8937e-05
4.8992e-05
4.8983e-05
4.8942e-05
4.8947e-05
4.8958e-05
4.8985e-05
4.8939e-05
4.8961e-05
4.8982e-05
4.8961e-05
4.8952e-05
4.8967e-05
4.8988e-05
4.8954e-05
4.8936e-05
4.8984e-05
4.8961e-05
4.8948e-05
4.8952e-05
4.8974e-05
4.8968e-05
4.8938e-05
4.8954e-05
4.8972e-05
4.8961e-05
4.8931e-05
4.8979e-05
4.8973e-05
4.8953e-05
4.8955e-05
4.8984e-05
4.8963e-05
4.8945e-05
4.8953e-05
4.8987e-05
4.8986e-05
4.8957e-05
4.8958e-05
4.8976e-05
4.8957e-05
4.8955e-05
4.8978e-05
4.8973e-05
4.8938e-05
4.8951e-05
4.8976e-05
4.8974e-05
4.8941e-05
4.8968e-05
4.8976e-05
4.8949e-05
4.8956e-05
4.8956e-05
4.8986e-05
4.8939e-05
4.8945e-05
4.8973e-05
4.8993e-05
4.8945e-05
4.8941e-05
4.8973e-05
4.8965e-05
4.8953e-05
4.8948e-05
4.8979e-05
4.8964e-05
4.8955e-05
4.895e-05
4.8975e-05
4.895e-05
4.895e-05
4.8971e-05
4.8971e-05
4.893e-05
4.8943e-05
4.8977e-05
5.7295e-05
0.000103013
4.912e-05
4.9003e-05
4.8972e-05
4.8945e-05
4.8984e-05
4.897e-05
4.8975e-05
4.8943e-05
4.8965e-05
4.8992e-05
4.8952e-05
4.8935e-05
4.8988e-05
5.6024e-05
4.9051e-05
4.8972e-05
4.8961e-05
4.899e-05
4.8996e-05
4.8943e-05
4.8961e-05
4.8989e-05
4.8946e-05
4.8933e-05
4.8962e-05
4.8981e-05
4.8948e-05
4.8962e-05
4.8961e-05
4.8971e-05
4.8941e-05
4.8936e-05
4.8982e-05
4.8963e-05
4.8948e-05
4.8954e-05
4.8966e-05
4.8962e-05
4.8953e-05
4.8961e-05
4.8973e-05
4.8944e-05
4.8951e-05
4.8956e-05
4.8974e-05
4.8944e-05
4.894e-05
4.8971e-05
4.8959e-05
4.8934e-05
4.895e-05
4.8991e-05
4.8949e-05
4.8971e-05
4.8962e-05
4.8972e-05
4.8955e-05
4.8935e-05
4.8976e-05
4.897e-05
4.8945e-05
4.8935e-05
4.8961e-05
4.8964e-05
4.8947e-05
4.8953e-05
4.8981e-05
4.8968e-05
4.8951e-05
4.8959e-05
4.8988e-05
4.8965e-05
4.8956e-05
4.9069e-05
4.8987e-05
4.8997e-05
4.8964e-05
4.8955e-05
4.8981e-05
4.8983e-05
4.8957e-05
4.894e-05
4.8991e-05
4.8953e-05
4.8942e-05
4.8951e-05
4.8981e-05
4.8966e-05
4.8942e-05
4.8963e-05
4.8989e-05
4.896e-05
4.8948e-05
4.8963e-05
4.8965e-05
4.8944e-05
4.8962e-05
4.8962e-05
4.8972e-05
4.8953e-05
4.8967e-05
4.8979e-05
4.897e-05
4.8929e-05
4.8969e-05
4.896e-05
4.8947e-05
4.8947e-05
4.8972e-05
4.8967e-05
4.8945e-05
4.8956e-05
4.8987e-05
4.8974e-05
4.894e-05
4.8972e-05
4.8982e-05
4.8937e-05
4.8945e-05
4.8967e-05
4.898e-05
4.894e-05
4.8952e-05
4.8974e-05
4.897e-05
4.8938e-05
5.527e-05
4.9039e-05
4.8992e-05
4.8993e-05
4.8956e-05
4.8969e-05
4.8975e-05
4.8953e-05
4.8958e-05
4.8961e-05
4.8979e-05
4.894e-05
4.8954e-05
4.8978e-05
4.9614e-05
4.8955e-05
4.895e-05
4.8974e-05
4.896e-05
4.8957e-05
4.8958e-05
4.8968e-05
4.895e-05
4.8962e-05
4.8966e-05
4.8969e-05
4.8948e-05
4.8936e-05
4.8987e-05
4.8966e-05
4.8963e-05
4.8963e-05
4.8982e-05
4.8944e-05
4.894e-05
4.8957e-05
4.8975e-05
4.8951e-05
4.8949e-05
4.8964e-05
4.8971e-05
4.8944e-05
4.8951e-05
4.898e-05
4.8964e-05
4.8932e-05
4.8958e-05
4.8977e-05
4.8945e-05
4.8948e-05
4.8963e-05
4.8978e-05
4.8943e-05
4.8952e-05
4.8967e-05
4.8975e-05
4.895e-05
4.8948e-05
4.8973e-05
4.8961e-05
4.8944e-05
4.8947e-05
4.8975e-05
4.8966e-05
4.8937e-05
4.8968e-05
4.8971e-05
4.8954e-05
4.8934e-05
4.8965e-05
4.8968e-05
4.8951e-05
4.8945e-05
4.8957e-05
4.8978e-05
4.8946e-05
4.8944e-05
4.8982e-05
4.8953e-05
4.8948e-05
4.8985e-05
4.8973e-05
4.8956e-05
4.8943e-05
4.8973e-05
4.8973e-05
4.8953e-05
4.8962e-05
4.897e-05
4.8986e-05
4.8942e-05
4.8952e-05
4.8982e-05
4.8949e-05
4.8945e-05
4.8974e-05
4.8966e-05
4.8951e-05
4.8947e-05
4.8968e-05
4.8987e-05
4.8928e-05
4.8948e-05
4.9005e-05
4.897e-05
4.8929e-05
4.8962e-05
4.8982e-05
4.8972e-05
4.8933e-05
4.8965e-05
4.8979e-05
4.8956e-05
4.8947e-05
5.8713e-05
4.9045e-05
4.9018e-05
4.8984e-05
4.8966e-05
4.8974e-05
4.8993e-05
4.8959e-05
4.8953e-05
4.897e-05
4.8962e-05
4.894e-05
4.8961e-05
4.8976e-05
4.896e-05
4.8946e-05
4.8946e-05
4.8974e-05
4.8973e-05
4.8955e-05
4.8958e-05
4.8989e-05
4.8936e-05
4.8948e-05
4.8987e-05
4.8961e-05
4.8938e-05
4.8964e-05
4.8968e-05
4.8965e-05
4.8951e-05
4.8955e-05
4.8984e-05
4.8959e-05
4.8958e-05
4.8961e-05
4.8974e-05
4.8944e-05
4.8936e-05
4.8966e-05
4.8961e-05
4.8952e-05
4.8938e-05
4.8974e-05
4.895e-05
4.8936e-05
4.896e-05
4.8978e-05
4.8945e-05
4.8957e-05
4.8958e-05
4.8975e-05
4.8938e-05
4.8942e-05
4.8966e-05
4.8961e-05
4.8961e-05
4.8953e-05
4.8975e-05
4.8973e-05
4.8937e-05
4.8963e-05
4.8978e-05
4.8958e-05
4.8948e-05
4.8973e-05
4.8972e-05
4.8965e-05
4.8958e-05
4.8963e-05
4.8976e-05
4.895e-05
4.8953e-05
4.897e-05
4.8972e-05
4.8945e-05
4.8958e-05
4.8978e-05
4.8954e-05
4.8951e-05
4.8959e-05
4.8985e-05
4.8944e-05
4.8941e-05
4.897e-05
4.8968e-05
4.8972e-05
4.8957e-05
4.8988e-05
4.8966e-05
4.8954e-05
4.8965e-05
4.8966e-05
4.8945e-05
4.8945e-05
4.8979e-05
4.8984e-05
4.8939e-05
4.8943e-05
5.6248e-05
4.9052e-05
4.9003e-05
4.8976e-05
4.8977e-05
4.899e-05
4.8976e-05
4.8937e-05
4.8951e-05
4.8979e-05
4.895e-05
4.8945e-05
4.8961e-05
4.8978e-05
4.8942e-05
4.8946e-05
4.8975e-05
4.8972e-05
4.8933e-05
4.8942e-05
4.898e-05
4.8976e-05
4.8937e-05
5.7373e-05
7.0476e-05
0.000116664
9.2436e-05
9.2006e-05
9.1802e-05
