#time [s]
0.00056786
0.000537877
0.000570191
0.000535473
0.000535329
0.000588897
0.000536481
0.000535286
0.000537467
0.000537176
0.000536335
0.000537741
0.000554929
0.000541779
0.000630334
0.00053581
0.000535293
0.000535273
0.000547262
0.000536541
0.000537779
0.000539699
0.000539521
0.000541335
0.00053782
0.000596758
0.000535794
0.000535599
0.00056904
0.000584953
0.000536341
0.000545414
0.000535442
0.000541242
0.000536442
0.000537889
0.000539761
0.00053943
0.000541693
0.000543551
0.000541413
0.000535261
0.000536974
0.000535248
0.000547069
0.000542653
0.000537975
0.000539977
0.000539454
0.000541473
0.000554584
0.000568575
0.000561734
0.000558917
0.000535899
0.000535436
0.000537209
0.000546199
0.000536453
0.000537783
0.000539922
0.000539538
0.00054694
0.000560513
0.000538391
0.000543831
0.000545273
0.000541328
0.000541465
0.000546129
0.000538279
0.000537885
0.000545868
0.000541666
0.000541396
0.000537625
0.000689681
0.000558755
0.000535438
0.000569555
0.000537434
0.000544577
0.000535386
0.00054254
0.000538476
0.000537819
0.000539318
0.000541421
0.000540056
0.000539481
0.000539414
0.0005414
0.00054374
0.000544144
0.000542242
0.000538484
0.000546968
0.000540647
0.000542686
0.000579438
0.000547313
0.000554261
0.000562774
0.000537342
0.000571036
0.00054416
0.000535501
0.000537303
0.000539351
0.000539321
0.000537823
0.000554054
0.000541595
0.000566569
0.000537822
0.000537848
0.000537792
0.000555952
0.000541616
0.00054137
0.000543809
0.000545866
0.000537824
0.000579357
0.000539719
0.000541417
0.000541461
0.000638641
0.00056405
0.00054627
0.000535558
0.00053704
0.000538227
0.000540574
0.000548005
0.000539368
0.000541889
0.000548979
0.000553667
0.000541768
0.000538639
0.000546851
0.000551157
0.000538727
0.000538577
0.000546724
0.000540572
0.000540332
0.000553604
0.000538972
0.00058713
0.000542073
0.000571072
0.000535362
0.000535363
0.000548559
0.000538576
0.000539253
0.000548454
0.000542468
0.000541549
0.000553938
0.000545234
0.0005395
0.000544042
0.000542322
0.000539359
0.000539527
0.000541949
0.000549068
0.000543847
0.000544519
0.000538477
0.000538608
0.000588085
0.000535477
0.00053521
0.000569337
0.000535473
0.000535296
0.000544432
0.000537561
0.000538463
0.000537915
0.00056405
0.000537839
0.000537849
0.000551414
0.000539868
0.00054156
0.000541393
0.00053791
0.000545954
0.000548174
0.0005459
0.000541602
0.000546766
0.000537742
0.000537732
0.000547749
0.000610387
0.000535369
0.000537258
0.000571102
0.000536572
0.000555322
0.000540036
0.000539515
0.000541441
0.000539509
0.000539518
0.000558656
0.000547071
0.000541513
0.000543927
0.000538573
0.000541791
0.000548509
0.000548956
0.000543162
0.000542613
0.000538608
0.000538644
0.000547463
0.000540924
0.000548196
0.00064565
0.000535564
0.000568734
0.00053776
0.000546094
0.000537285
0.00053657
0.000542724
0.000539653
0.000539516
0.000556554
0.000539606
0.000539548
0.000544583
0.000541791
0.000544853
0.00054448
0.000545054
0.000541695
0.00055086
0.000544558
0.000544649
0.000541529
0.00054965
0.000579928
0.000610213
0.000571037
0.000535453
0.000535233
0.000543918
0.000543213
0.00053933
0.000537918
0.000548351
0.000546871
0.000541417
0.000551947
0.000537939
0.000537807
0.000539722
0.000541473
0.000541307
0.000554719
0.000541577
0.000535285
0.000535309
0.000535308
0.000537089
0.000542563
0.000684707
0.000604379
0.00064669
0.000632348
0.000607938
0.000592062
0.000626366
0.00062709
0.000602332
0.000599646
0.000628772
0.00064743
0.000609609
0.000581977
0.000604238
0.000653848
0.00060494
0.000620617
0.000631466
0.000625887
0.000627606
0.000626226
0.000681011
0.000667107
0.000715827
0.000732162
0.00065141
0.000666314
0.00057525
0.000603616
0.000682727
0.000610528
0.000583102
0.000607912
0.000629721
0.000629213
0.00060783
0.000580897
0.000615915
0.000605902
0.00058502
0.00058956
0.000605807
0.000632496
0.000582279
0.000562377
0.000568377
0.000576705
0.000632501
0.000736481
0.000678801
0.000673128
0.000681041
0.000722803
0.000671529
0.000650307
0.000628293
0.000731219
0.000729177
0.000700716
0.000648913
0.000694279
0.000720846
0.000682515
0.000637097
0.000722076
0.000754617
0.000706629
0.000682383
0.000675471
0.000724517
0.000700215
0.00065616
0.000670135
0.000698619
0.000715635
0.000649538
0.000625299
0.00068084
0.000798722
0.000673802
0.000695038
0.000535355
0.000535268
0.000545193
0.000587476
0.000536411
0.000546093
0.00053575
0.000535349
0.000543658
0.000537354
0.000541261
0.000537838
0.000544965
0.000539332
0.000556014
0.000546643
0.000547201
0.000544651
0.000535155
0.000535401
0.000535242
0.000546452
0.000536603
0.000537773
0.000539714
0.000544736
0.000541328
0.000559491
0.00063207
0.000537213
0.000536252
0.000569098
0.000536087
0.000536017
0.00053783
0.000537389
0.000539786
0.000540522
0.000539713
0.000541862
0.000554628
0.000540288
0.000539888
0.000542
0.000539688
0.00053961
0.000539557
0.000542022
0.000540045
0.00054016
0.000539698
0.000541861
0.000541726
0.000555415
0.00056819
0.00053769
0.000570033
0.00053594
0.000535719
0.000535512
0.000537796
0.000544659
0.000537774
0.000539833
0.000541823
0.000541634
0.000555053
0.000538586
0.000538342
0.000540473
0.000541981
0.000541527
0.000538202
0.000538216
0.00053805
0.000539816
0.000542033
0.000541687
0.000543602
0.000650979
0.000535497
0.00053522
0.00057023
0.000535571
0.000535321
0.000545723
0.000543083
0.000536398
0.000546575
0.000539624
0.000539458
0.000541462
0.00056428
0.000541724
0.000541527
0.000535452
0.000560329
0.000535302
0.000547079
0.000543122
0.000536586
0.000539346
0.000548423
0.000539387
0.000546815
0.000667777
0.00053559
0.000535314
0.000569797
0.000535352
0.00058026
0.000543958
0.000535454
0.000535571
0.000537178
0.000545151
0.000540812
0.000545451
0.000541952
0.000541415
0.000537717
0.000537799
0.000537868
0.000539851
0.000549515
0.000541647
0.000543578
0.000541451
0.000541352
0.000535075
0.000625377
0.000535776
0.000537501
0.000537217
0.000568699
0.000535522
0.000537458
0.000544406
0.000543279
0.000538498
0.000543201
0.000539544
0.000541442
0.000553673
0.000539769
0.000544836
0.000541605
0.000539405
0.000544738
0.000539444
0.000541861
0.000539472
0.000544518
0.000539421
0.000541637
0.000539512
0.000572933
0.000535478
0.00053533
0.000570311
0.000535374
0.000535375
0.000543633
0.000537496
0.000538518
0.000537806
0.000539894
0.000541553
0.000541428
0.000564072
0.000538691
0.000538682
0.000538621
0.000540497
0.000540387
0.000582659
0.000546062
0.00054047
0.000540443
0.000542459
0.000545669
0.000540465
0.000617036
0.000535838
0.000535615
0.000576295
0.000590627
0.000535608
0.000545723
0.000535544
0.000535496
0.000537852
0.000535854
0.000537184
0.000558196
0.000537365
0.000536399
0.000537876
0.000539899
0.000539472
0.000560141
0.000549776
0.000538039
0.000537836
0.000539731
0.000547609
0.000541357
0.000561175
0.000689447
0.000535444
0.000569205
0.000535539
0.000535202
0.000535347
0.000537493
0.000541646
0.000537887
0.000539856
0.00054154
0.000541313
0.00055918
0.000541632
0.000541536
0.000546778
0.000535386
0.000535275
0.00053524
0.000537801
0.000536422
0.000537788
0.000539816
0.000539554
0.000541326
0.000624155
0.000563302
0.000535336
0.000548891
0.000535376
0.000535342
0.000535763
0.000537378
0.00054234
0.000537703
0.00053994
0.000539549
0.00054231
0.000537957
0.000537876
0.000546163
0.000539746
0.00054457
0.000557616
0.000543667
0.000541586
0.00053703
0.000535138
0.000535348
0.000546573
0.000536631
0.000759716
0.000883413
0.000541038
0.000568092
0.000542288
0.000535376
0.000540075
0.000537644
0.000535251
0.000542053
0.000553745
0.00054746
0.000541045
0.000536444
0.000544893
0.000535271
0.000546804
0.000537285
0.000536572
0.000562759
0.000535306
0.000535241
0.000535316
0.000536902
0.000629913
0.000535483
0.000593692
0.000535663
0.000535274
0.000544092
0.000537958
0.000543422
0.0005379
0.000539661
0.0005413
0.000556512
0.000544248
0.000538614
0.0005386
0.000538429
0.000540505
0.00054045
0.000553269
0.000538777
0.000538659
0.00053856
0.000540794
0.000542451
0.000553241
0.000625051
0.000539276
0.000583987
0.000539502
0.000541632
0.000546291
0.000536579
0.000538621
0.000537757
0.000539369
0.000546719
0.000546861
0.000560813
0.000538773
0.000538623
0.000538545
0.000540648
0.000538615
0.000548851
0.000538781
0.000540737
0.000540431
0.000542613
0.000547182
0.000538567
0.000582748
0.000559642
0.000537101
0.000575861
0.000535538
0.000535361
0.000543775
0.000536581
0.000543374
0.000537799
0.000539497
0.000541373
0.000546927
0.000538291
0.000537721
0.000537656
0.00053982
0.00057358
0.000535352
0.000545045
0.000537248
0.000536439
0.000538421
0.000539788
0.000539334
0.000552332
0.0006118
0.000535389
0.000535399
0.000535654
0.00053526
0.000567531
0.000535539
0.000537233
0.000535232
0.000536354
0.000546932
0.000552161
0.000545787
0.000541536
0.000541417
0.000541328
0.000535258
0.000546551
0.000535492
0.00053725
0.0005425
0.000541162
0.000539748
0.000551866
0.000541518
0.000629685
0.000535606
0.000537232
0.000568498
0.000550843
0.000537268
0.000535242
0.000536465
0.000538542
0.000542742
0.000539667
0.00054756
0.00053933
0.000539357
0.000539583
0.000541396
0.000543474
0.000554971
0.000538778
0.000538588
0.000538677
0.000540819
0.000542583
0.000553404
0.000538788
0.000573171
0.000537271
0.000568837
0.000535529
0.000535305
0.000545932
0.000536568
0.000538266
0.000548487
0.000539284
0.000541586
0.000553646
0.000539827
0.000545528
0.000547056
0.000539332
0.000539381
0.000544681
0.000551654
0.000543472
0.000544189
0.000538571
0.000538627
0.000538628
0.00059995
0.000537323
0.000535345
0.000571135
0.000535552
0.00053547
0.00053532
0.000537675
0.00053857
0.000543772
0.000545415
0.000541466
0.000547628
0.000564027
0.000541595
0.000535461
0.000558427
0.000535378
0.000535295
0.000535297
0.000537404
0.000539355
0.000537822
0.000539874
0.000541454
0.000541332
0.000602278
0.000538244
0.00055907
0.000570395
0.000535532
0.000535412
0.00054391
0.000535477
0.000537326
0.000536363
0.000537803
0.000540012
0.000539537
0.000556903
0.000543655
0.000546769
0.000535277
0.000535248
0.00053536
0.000546831
0.000536554
0.000537996
0.000539684
0.000539415
0.000541338
0.000541266
0.000656661
0.000537223
0.000537336
0.000591292
0.000535391
0.000535223
0.000545859
0.000537363
0.000543382
0.000546165
0.000539679
0.000547651
0.000561828
0.000543843
0.000544634
0.00053848
0.000538521
0.00054059
0.000540417
0.000548751
0.000544424
0.000543667
0.000538585
0.000540674
0.000540422
0.00055902
0.000586893
0.000535547
0.000535225
0.000535784
0.000535261
0.000535359
0.000537784
0.00054253
0.000538465
0.000539996
0.000544727
0.000541435
0.000558383
0.000544073
0.000538552
0.000544447
0.000538528
0.000540578
0.000554148
0.000548059
0.00053872
0.000541851
0.00053847
0.000540697
0.000547448
0.000630019
0.00056791
0.00053558
0.000571755
0.00053548
0.000537249
0.000545527
0.000537232
0.000544434
0.000542749
0.000542969
0.000541524
0.000544728
0.000564358
0.000541591
0.00053539
0.000535372
0.000535383
0.000537434
0.00055012
0.000538087
0.000539863
0.000541354
0.000541213
0.000543626
0.000552068
0.000642882
0.000535595
0.000535386
0.000571392
0.000535539
0.000543879
0.000537409
0.000536328
0.000538364
0.000545784
0.000544605
0.00055656
0.000539648
0.000544769
0.000539464
0.000541683
0.000544689
0.000554752
0.000539606
0.000546741
0.000547285
0.000543965
0.000538472
0.000557274
0.00053873
0.000598897
0.000565133
0.000562512
0.000570903
0.000567915
0.000540336
0.000539819
0.000549097
0.000544775
0.000538626
0.000560076
0.000545625
0.000541326
0.000540817
0.000537824
0.000537801
0.000550892
0.000544212
0.000541468
0.000546242
0.00053779
0.000537804
0.000550421
0.000539638
0.000541544
0.000549699
0.000585872
0.000592772
0.000537579
0.000535667
0.00053534
0.000536344
0.000546565
0.000540986
0.000539473
0.000555781
0.000549202
0.000544146
0.000538611
0.000540485
0.000535368
0.000545732
0.000537376
0.000538819
0.000544689
0.000539896
0.000546766
0.000537224
0.000547367
0.000586729
0.000560217
0.000547295
0.000535509
0.000537316
0.000545515
0.000539558
