#time [s]
1.825e-06
1.81e-06
1.789e-06
1.791e-06
1.774e-06
1.758e-06
1.775e-06
1.775e-06
1.754e-06
1.753e-06
1.756e-06
1.755e-06
1.761e-06
1.749e-06
1.755e-06
1.75e-06
1.749e-06
1.745e-06
1.752e-06
1.757e-06
1.757e-06
1.756e-06
1.752e-06
1.76e-06
1.778e-06
1.757e-06
1.755e-06
1.751e-06
1.749e-06
1.754e-06
1.748e-06
1.747e-06
1.749e-06
1.747e-06
1.749e-06
1.755e-06
1.75e-06
1.754e-06
1.756e-06
1.755e-06
1.75e-06
1.753e-06
1.75e-06
1.748e-06
1.749e-06
1.748e-06
1.756e-06
1.755e-06
1.753e-06
1.749e-06
1.755e-06
1.752e-06
1.758e-06
1.751e-06
1.753e-06
1.749e-06
1.754e-06
1.748e-06
1.748e-06
1.768e-06
1.753e-06
1.75e-06
1.752e-06
1.753e-06
1.755e-06
1.756e-06
1.753e-06
1.755e-06
1.754e-06
1.755e-06
1.774e-06
1.75e-06
1.751e-06
1.754e-06
1.748e-06
1.747e-06
1.753e-06
1.749e-06
1.754e-06
1.755e-06
1.758e-06
1.753e-06
1.76e-06
1.75e-06
1.753e-06
1.751e-06
1.748e-06
1.752e-06
1.755e-06
1.747e-06
1.752e-06
1.752e-06
1.751e-06
1.758e-06
1.761e-06
1.759e-06
1.755e-06
1.754e-06
1.75e-06
1.754e-06
1.755e-06
1.752e-06
1.75e-06
1.751e-06
1.749e-06
1.755e-06
1.759e-06
1.758e-06
1.754e-06
1.757e-06
1.754e-06
1.756e-06
1.758e-06
1.754e-06
1.751e-06
1.749e-06
1.746e-06
1.751e-06
1.757e-06
1.754e-06
1.754e-06
1.755e-06
1.753e-06
1.763e-06
1.763e-06
1.756e-06
1.754e-06
1.752e-06
1.749e-06
1.756e-06
1.754e-06
1.753e-06
1.751e-06
1.752e-06
1.752e-06
1.773e-06
1.761e-06
1.759e-06
1.756e-06
1.754e-06
1.75e-06
1.752e-06
1.757e-06
1.751e-06
1.749e-06
1.753e-06
1.753e-06
1.75e-06
1.758e-06
1.754e-06
1.757e-06
1.759e-06
1.759e-06
1.754e-06
1.759e-06
1.752e-06
1.751e-06
1.754e-06
1.751e-06
1.748e-06
1.756e-06
1.751e-06
1.753e-06
1.757e-06
1.757e-06
1.753e-06
1.762e-06
1.756e-06
1.754e-06
1.756e-06
1.754e-06
1.75e-06
1.754e-06
1.749e-06
1.75e-06
1.755e-06
1.754e-06
1.752e-06
1.76e-06
1.755e-06
1.758e-06
1.759e-06
1.755e-06
1.752e-06
1.757e-06
1.751e-06
1.749e-06
1.753e-06
1.752e-06
1.75e-06
1.757e-06
1.754e-06
1.755e-06
1.76e-06
1.758e-06
1.755e-06
1.759e-06
1.754e-06
1.752e-06
1.756e-06
1.752e-06
1.748e-06
1.755e-06
1.751e-06
1.753e-06
1.756e-06
1.756e-06
1.755e-06
1.762e-06
1.756e-06
1.754e-06
1.757e-06
1.753e-06
1.75e-06
1.755e-06
1.749e-06
1.75e-06
1.754e-06
1.754e-06
1.752e-06
1.76e-06
1.755e-06
1.757e-06
1.757e-06
1.756e-06
1.753e-06
1.758e-06
1.752e-06
1.75e-06
1.753e-06
1.75e-06
1.749e-06
1.757e-06
1.753e-06
1.754e-06
1.759e-06
1.758e-06
1.755e-06
1.761e-06
1.754e-06
1.753e-06
1.755e-06
1.752e-06
1.748e-06
1.754e-06
1.75e-06
1.753e-06
1.755e-06
1.756e-06
1.754e-06
1.761e-06
1.757e-06
1.756e-06
1.758e-06
1.755e-06
1.751e-06
1.756e-06
1.75e-06
1.749e-06
1.754e-06
1.753e-06
1.751e-06
1.758e-06
1.755e-06
1.755e-06
1.761e-06
1.758e-06
1.752e-06
1.759e-06
1.752e-06
1.751e-06
1.753e-06
1.749e-06
1.748e-06
1.757e-06
1.751e-06
1.755e-06
1.757e-06
1.757e-06
1.757e-06
1.761e-06
1.755e-06
1.753e-06
1.756e-06
1.752e-06
1.75e-06
1.754e-06
1.749e-06
1.752e-06
1.756e-06
1.755e-06
1.753e-06
1.761e-06
1.757e-06
1.756e-06
1.758e-06
1.757e-06
1.752e-06
1.757e-06
1.75e-06
1.749e-06
1.752e-06
1.752e-06
1.751e-06
1.758e-06
1.754e-06
1.755e-06
1.76e-06
1.758e-06
1.754e-06
1.76e-06
1.753e-06
1.753e-06
1.754e-06
1.752e-06
1.748e-06
1.756e-06
1.75e-06
1.754e-06
1.757e-06
1.756e-06
1.754e-06
1.763e-06
1.756e-06
1.754e-06
1.757e-06
1.754e-06
1.751e-06
1.756e-06
1.749e-06
1.75e-06
1.755e-06
1.754e-06
1.753e-06
1.76e-06
1.755e-06
1.757e-06
1.76e-06
1.756e-06
1.752e-06
1.758e-06
1.75e-06
1.749e-06
1.752e-06
1.751e-06
1.749e-06
1.757e-06
1.754e-06
1.754e-06
1.758e-06
1.76e-06
1.754e-06
1.76e-06
1.754e-06
1.752e-06
1.756e-06
1.751e-06
1.747e-06
1.755e-06
1.75e-06
1.751e-06
1.757e-06
1.754e-06
1.754e-06
1.762e-06
1.755e-06
1.756e-06
1.756e-06
1.754e-06
1.75e-06
1.755e-06
1.748e-06
1.751e-06
1.753e-06
1.754e-06
1.752e-06
1.761e-06
1.755e-06
1.756e-06
1.759e-06
1.758e-06
1.754e-06
1.758e-06
1.752e-06
1.751e-06
1.753e-06
1.75e-06
1.749e-06
1.757e-06
1.753e-06
1.753e-06
1.759e-06
1.757e-06
1.755e-06
1.761e-06
1.754e-06
1.754e-06
1.756e-06
1.753e-06
1.749e-06
1.754e-06
1.75e-06
1.751e-06
1.756e-06
1.754e-06
1.753e-06
1.761e-06
1.757e-06
1.756e-06
1.759e-06
1.755e-06
1.751e-06
1.756e-06
1.75e-06
1.749e-06
1.753e-06
1.752e-06
1.75e-06
1.758e-06
1.755e-06
1.756e-06
1.761e-06
1.758e-06
1.754e-06
1.759e-06
1.753e-06
1.751e-06
1.753e-06
1.752e-06
1.749e-06
1.756e-06
1.752e-06
1.753e-06
1.757e-06
1.756e-06
1.755e-06
1.762e-06
1.755e-06
1.754e-06
1.756e-06
1.752e-06
1.75e-06
1.755e-06
1.749e-06
1.75e-06
1.755e-06
1.753e-06
1.753e-06
1.76e-06
1.756e-06
1.757e-06
1.759e-06
1.755e-06
1.752e-06
1.757e-06
1.75e-06
1.749e-06
1.754e-06
1.752e-06
1.749e-06
1.757e-06
1.754e-06
1.755e-06
1.758e-06
1.758e-06
1.754e-06
1.761e-06
1.752e-06
1.754e-06
1.754e-06
1.752e-06
1.749e-06
1.754e-06
1.751e-06
1.753e-06
1.756e-06
1.756e-06
1.755e-06
1.762e-06
1.756e-06
1.755e-06
1.757e-06
1.754e-06
1.749e-06
1.755e-06
1.749e-06
1.749e-06
1.754e-06
1.754e-06
1.751e-06
1.759e-06
1.755e-06
1.757e-06
1.76e-06
1.756e-06
1.752e-06
1.759e-06
1.751e-06
1.75e-06
1.752e-06
1.751e-06
1.749e-06
1.757e-06
1.754e-06
1.754e-06
1.76e-06
1.757e-06
1.755e-06
1.76e-06
1.755e-06
1.754e-06
1.754e-06
1.752e-06
1.748e-06
1.754e-06
1.751e-06
1.752e-06
1.756e-06
1.756e-06
1.754e-06
1.762e-06
1.757e-06
1.756e-06
1.758e-06
1.755e-06
1.751e-06
1.757e-06
1.75e-06
1.749e-06
1.753e-06
1.752e-06
1.75e-06
1.758e-06
1.754e-06
1.755e-06
1.761e-06
1.757e-06
1.752e-06
1.758e-06
1.753e-06
1.75e-06
1.753e-06
1.75e-06
1.748e-06
1.756e-06
1.752e-06
1.754e-06
1.759e-06
1.756e-06
1.757e-06
1.761e-06
1.755e-06
1.754e-06
1.755e-06
1.752e-06
1.75e-06
1.754e-06
1.75e-06
1.751e-06
1.756e-06
1.775e-06
1.753e-06
1.759e-06
1.757e-06
1.756e-06
1.757e-06
1.753e-06
1.755e-06
1.752e-06
1.753e-06
1.749e-06
1.775e-06
1.751e-06
1.753e-06
1.754e-06
1.755e-06
1.753e-06
1.757e-06
1.753e-06
1.752e-06
1.752e-06
1.754e-06
1.749e-06
1.753e-06
1.747e-06
1.748e-06
1.749e-06
1.752e-06
1.75e-06
1.756e-06
1.752e-06
1.754e-06
1.754e-06
1.756e-06
1.751e-06
1.755e-06
1.749e-06
1.749e-06
1.748e-06
1.749e-06
1.748e-06
1.753e-06
1.749e-06
1.751e-06
1.753e-06
1.756e-06
1.754e-06
1.754e-06
1.752e-06
1.751e-06
1.75e-06
1.752e-06
1.748e-06
1.751e-06
1.748e-06
1.748e-06
1.751e-06
1.753e-06
1.752e-06
1.758e-06
1.755e-06
1.753e-06
1.753e-06
1.754e-06
1.75e-06
1.754e-06
1.748e-06
1.746e-06
1.748e-06
1.751e-06
1.75e-06
1.755e-06
1.752e-06
1.753e-06
1.756e-06
1.755e-06
1.753e-06
1.755e-06
1.751e-06
1.749e-06
1.749e-06
1.749e-06
1.747e-06
1.752e-06
1.75e-06
1.75e-06
1.753e-06
1.754e-06
1.754e-06
1.759e-06
1.755e-06
1.751e-06
1.752e-06
1.751e-06
1.748e-06
1.747e-06
1.747e-06
1.747e-06
1.75e-06
1.753e-06
1.751e-06
1.756e-06
1.753e-06
1.754e-06
1.754e-06
1.755e-06
1.751e-06
1.754e-06
1.751e-06
1.748e-06
1.747e-06
1.751e-06
1.748e-06
1.754e-06
1.75e-06
1.753e-06
1.752e-06
1.757e-06
1.752e-06
1.755e-06
1.751e-06
1.751e-06
1.748e-06
1.75e-06
1.747e-06
1.752e-06
1.748e-06
1.75e-06
1.752e-06
1.755e-06
1.753e-06
1.758e-06
1.752e-06
1.752e-06
1.752e-06
1.753e-06
1.749e-06
1.752e-06
1.746e-06
1.747e-06
1.748e-06
1.752e-06
1.751e-06
1.752e-06
1.753e-06
1.754e-06
1.755e-06
1.755e-06
1.752e-06
1.754e-06
1.749e-06
1.748e-06
1.748e-06
1.75e-06
1.748e-06
1.753e-06
1.753e-06
1.751e-06
1.753e-06
1.755e-06
1.755e-06
1.757e-06
1.752e-06
1.75e-06
1.75e-06
1.751e-06
1.747e-06
1.751e-06
1.748e-06
1.749e-06
1.751e-06
1.754e-06
1.752e-06
1.758e-06
1.755e-06
1.753e-06
1.753e-06
1.753e-06
1.75e-06
1.753e-06
1.747e-06
1.747e-06
1.749e-06
1.751e-06
1.75e-06
1.757e-06
1.752e-06
1.753e-06
1.755e-06
1.756e-06
1.753e-06
1.751e-06
1.751e-06
1.748e-06
1.749e-06
1.75e-06
1.748e-06
1.752e-06
1.749e-06
1.751e-06
1.752e-06
1.756e-06
8.252e-06
1.89e-06
1.809e-06
1.801e-06
1.795e-06
1.756e-06
1.761e-06
1.777e-06
1.754e-06
1.757e-06
1.758e-06
1.762e-06
1.759e-06
1.755e-06
1.751e-06
1.751e-06
1.751e-06
1.744e-06
1.75e-06
1.752e-06
1.744e-06
1.75e-06
1.754e-06
1.755e-06
1.753e-06
1.753e-06
1.758e-06
1.753e-06
1.751e-06
1.751e-06
1.751e-06
1.749e-06
1.749e-06
1.779e-06
1.75e-06
1.748e-06
1.748e-06
1.753e-06
1.755e-06
1.752e-06
1.751e-06
1.754e-06
1.752e-06
1.753e-06
1.754e-06
1.771e-06
1.746e-06
1.751e-06
1.745e-06
1.751e-06
1.773e-06
1.751e-06
1.757e-06
1.751e-06
1.755e-06
1.775e-06
1.756e-06
1.755e-06
1.748e-06
1.745e-06
1.749e-06
1.752e-06
1.75e-06
1.746e-06
1.746e-06
1.753e-06
1.748e-06
1.753e-06
1.754e-06
1.753e-06
1.748e-06
1.754e-06
1.746e-06
1.754e-06
1.753e-06
1.75e-06
1.768e-06
1.75e-06
1.753e-06
1.752e-06
1.752e-06
1.753e-06
1.758e-06
1.756e-06
1.753e-06
1.756e-06
1.753e-06
1.751e-06
1.753e-06
1.75e-06
1.752e-06
1.754e-06
1.752e-06
1.752e-06
1.75e-06
1.752e-06
1.753e-06
1.753e-06
1.757e-06
1.75e-06
1.753e-06
1.749e-06
1.747e-06
1.748e-06
1.743e-06
1.748e-06
1.749e-06
1.752e-06
1.751e-06
1.754e-06
1.755e-06
1.757e-06
1.754e-06
1.753e-06
1.749e-06
1.751e-06
1.744e-06
1.75e-06
1.749e-06
1.75e-06
1.748e-06
1.752e-06
1.753e-06
1.755e-06
1.756e-06
1.754e-06
1.751e-06
1.753e-06
1.751e-06
1.753e-06
1.75e-06
1.748e-06
1.746e-06
1.75e-06
1.75e-06
1.752e-06
1.757e-06
1.752e-06
1.756e-06
1.753e-06
1.753e-06
1.753e-06
1.757e-06
1.749e-06
1.751e-06
1.747e-06
1.747e-06
1.749e-06
1.755e-06
1.75e-06
1.754e-06
1.751e-06
1.753e-06
1.754e-06
1.758e-06
1.75e-06
1.753e-06
1.751e-06
1.75e-06
1.748e-06
1.751e-06
1.747e-06
1.75e-06
1.749e-06
1.751e-06
1.753e-06
1.759e-06
1.755e-06
1.757e-06
1.752e-06
1.758e-06
1.75e-06
1.751e-06
1.748e-06
1.746e-06
1.748e-06
1.747e-06
1.75e-06
1.756e-06
1.746e-06
1.758e-06
1.757e-06
1.756e-06
1.752e-06
1.752e-06
1.753e-06
1.749e-06
1.75e-06
1.745e-06
1.75e-06
1.747e-06
1.751e-06
1.748e-06
1.753e-06
1.751e-06
1.756e-06
1.752e-06
1.755e-06
1.751e-06
1.753e-06
1.748e-06
1.751e-06
1.746e-06
1.749e-06
1.748e-06
1.748e-06
1.752e-06
1.753e-06
1.758e-06
1.754e-06
1.754e-06
1.752e-06
1.755e-06
1.752e-06
1.75e-06
1.749e-06
1.745e-06
1.747e-06
1.75e-06
1.752e-06
1.753e-06
1.753e-06
1.753e-06
1.755e-06
1.755e-06
1.758e-06
1.755e-06
1.753e-06
1.751e-06
1.75e-06
1.747e-06
1.748e-06
1.747e-06
1.75e-06
1.748e-06
1.753e-06
1.751e-06
1.755e-06
