#time [s]
2.368e-05
2.3575e-05
2.3561e-05
2.3555e-05
2.353e-05
2.3491e-05
2.3501e-05
2.3512e-05
2.3539e-05
2.3517e-05
2.3515e-05
2.353e-05
2.3531e-05
2.3495e-05
2.3485e-05
2.3522e-05
2.3518e-05
2.3519e-05
2.35e-05
2.3524e-05
2.3505e-05
2.3498e-05
2.3497e-05
2.3518e-05
2.3525e-05
2.3518e-05
2.3503e-05
2.3492e-05
2.3493e-05
2.3499e-05
2.35e-05
2.3501e-05
2.3527e-05
2.3526e-05
2.3504e-05
2.3485e-05
2.3498e-05
2.3488e-05
2.3495e-05
2.3489e-05
2.3537e-05
2.3509e-05
2.351e-05
2.3508e-05
2.3494e-05
2.3505e-05
2.3522e-05
2.3504e-05
2.35e-05
2.3482e-05
2.3522e-05
2.3478e-05
2.3501e-05
2.3503e-05
2.3517e-05
2.3519e-05
2.3498e-05
2.3497e-05
2.3493e-05
2.3478e-05
2.35e-05
2.3535e-05
2.3516e-05
2.3501e-05
2.3502e-05
2.3505e-05
2.3508e-05
2.349e-05
2.3499e-05
2.3513e-05
2.3514e-05
2.3518e-05
2.352e-05
2.3499e-05
2.3478e-05
2.3507e-05
2.3555e-05
2.3499e-05
2.3514e-05
2.3518e-05
2.3507e-05
2.3482e-05
2.3511e-05
2.351e-05
2.3527e-05
2.3535e-05
2.3507e-05
2.3507e-05
2.351e-05
2.3486e-05
2.3491e-05
2.3508e-05
2.3529e-05
2.3522e-05
2.3509e-05
2.3506e-05
2.3489e-05
2.3493e-05
2.3498e-05
2.3525e-05
2.3507e-05
2.3517e-05
2.3489e-05
2.3499e-05
2.3488e-05
2.3506e-05
2.351e-05
2.3517e-05
2.3556e-05
2.3524e-05
2.3505e-05
2.3508e-05
2.3496e-05
2.352e-05
2.3546e-05
2.3526e-05
2.3526e-05
2.3513e-05
2.3491e-05
2.3508e-05
2.3482e-05
2.3498e-05
2.3544e-05
2.3521e-05
2.3515e-05
2.3498e-05
2.3484e-05
2.3508e-05
2.3532e-05
2.3519e-05
2.3517e-05
2.3513e-05
2.3539e-05
2.3493e-05
2.35e-05
2.3481e-05
2.3518e-05
2.3518e-05
2.3506e-05
2.3528e-05
2.3511e-05
2.3481e-05
2.3506e-05
2.3506e-05
3.3686e-05
2.3608e-05
2.3558e-05
2.3546e-05
2.3559e-05
2.3514e-05
2.3502e-05
2.3502e-05
2.3497e-05
2.3498e-05
2.3504e-05
2.3509e-05
2.3538e-05
2.3523e-05
2.3502e-05
2.3498e-05
2.3495e-05
2.3487e-05
2.3485e-05
2.3519e-05
2.3515e-05
2.3532e-05
2.3489e-05
2.3495e-05
2.3487e-05
2.3535e-05
2.3512e-05
2.3519e-05
2.3525e-05
2.3497e-05
2.3507e-05
2.3498e-05
2.3478e-05
2.3528e-05
2.3527e-05
2.3528e-05
2.3518e-05
2.3497e-05
2.3498e-05
2.3512e-05
2.3514e-05
2.3536e-05
2.3531e-05
2.3504e-05
2.3511e-05
2.3508e-05
2.352e-05
2.3508e-05
2.3502e-05
2.3527e-05
2.35e-05
2.3546e-05
2.3489e-05
2.3525e-05
2.3507e-05
2.3494e-05
2.351e-05
2.3523e-05
2.3535e-05
2.3505e-05
2.3483e-05
2.3518e-05
2.349e-05
2.3501e-05
2.3491e-05
2.3512e-05
2.3511e-05
2.3502e-05
2.3483e-05
2.3494e-05
2.35e-05
2.3511e-05
2.354e-05
2.3508e-05
2.3501e-05
2.354e-05
2.3471e-05
2.3496e-05
2.3504e-05
2.3517e-05
2.3513e-05
2.3508e-05
2.349e-05
2.3465e-05
2.3494e-05
2.3518e-05
2.3497e-05
2.3525e-05
2.3527e-05
2.3504e-05
2.3496e-05
2.3474e-05
2.3484e-05
2.3482e-05
2.3521e-05
2.3515e-05
2.3508e-05
2.3522e-05
2.348e-05
2.3484e-05
2.3475e-05
2.3529e-05
2.3512e-05
2.3506e-05
2.3514e-05
2.3498e-05
2.3482e-05
2.3493e-05
2.3521e-05
2.3526e-05
2.3507e-05
2.3512e-05
2.3515e-05
2.3492e-05
2.3478e-05
2.3496e-05
2.3514e-05
2.3515e-05
2.3523e-05
2.3509e-05
2.3487e-05
2.3488e-05
2.3492e-05
2.3499e-05
2.3509e-05
2.3516e-05
2.3542e-05
2.352e-05
2.3501e-05
2.3498e-05
2.3483e-05
2.3503e-05
2.3501e-05
2.3524e-05
2.351e-05
2.3498e-05
2.3478e-05
2.3518e-05
2.3489e-05
2.3539e-05
2.3543e-05
2.3506e-05
2.3498e-05
2.3496e-05
2.3492e-05
2.3507e-05
2.3498e-05
2.3531e-05
2.3515e-05
2.3503e-05
2.3498e-05
2.3504e-05
2.3486e-05
2.3504e-05
2.3478e-05
2.3525e-05
2.352e-05
2.3498e-05
2.3505e-05
2.3478e-05
2.349e-05
2.351e-05
2.3509e-05
2.3514e-05
2.3515e-05
2.3516e-05
2.3486e-05
2.3505e-05
2.3506e-05
2.3523e-05
2.3504e-05
2.3525e-05
2.349e-05
2.3479e-05
2.3491e-05
2.3514e-05
2.3518e-05
2.3504e-05
2.3528e-05
2.3529e-05
2.3524e-05
2.3497e-05
2.348e-05
2.3496e-05
2.3508e-05
2.351e-05
2.3504e-05
2.3507e-05
2.3492e-05
2.3481e-05
2.3487e-05
2.3512e-05
2.3513e-05
2.3529e-05
2.3523e-05
2.3504e-05
2.349e-05
2.3516e-05
2.3496e-05
2.3504e-05
2.3525e-05
2.3516e-05
2.3502e-05
2.3518e-05
2.3471e-05
2.3508e-05
2.351e-05
2.3516e-05
2.3519e-05
2.3502e-05
3.0067e-05
2.3628e-05
2.3552e-05
2.3556e-05
2.3522e-05
2.3503e-05
2.3513e-05
2.3533e-05
2.3526e-05
2.3499e-05
2.3483e-05
2.3489e-05
2.35e-05
2.3508e-05
2.3522e-05
2.3517e-05
2.3513e-05
2.3504e-05
2.3486e-05
2.3504e-05
2.3501e-05
2.3519e-05
2.3548e-05
2.3536e-05
2.3521e-05
2.3501e-05
2.3492e-05
2.3495e-05
2.3513e-05
2.3508e-05
2.3556e-05
2.3515e-05
2.3491e-05
2.3513e-05
2.3484e-05
2.3462e-05
2.3511e-05
2.3527e-05
2.3511e-05
2.3514e-05
2.3499e-05
2.3492e-05
2.3507e-05
2.3505e-05
2.3509e-05
2.3507e-05
2.3536e-05
2.3509e-05
2.3497e-05
2.3494e-05
2.3491e-05
2.3509e-05
2.3507e-05
2.3526e-05
2.352e-05
2.3506e-05
2.3507e-05
2.3473e-05
2.3536e-05
2.3498e-05
2.351e-05
2.3519e-05
2.3502e-05
2.3505e-05
2.3501e-05
2.3491e-05
2.351e-05
2.3522e-05
2.3537e-05
2.3509e-05
2.3533e-05
2.3476e-05
2.3496e-05
2.351e-05
2.3498e-05
2.3519e-05
2.3534e-05
2.3508e-05
2.3501e-05
2.3498e-05
2.3514e-05
2.349e-05
2.3532e-05
2.3504e-05
2.3513e-05
2.3503e-05
2.3489e-05
2.3491e-05
2.3491e-05
2.3508e-05
2.3497e-05
2.3535e-05
2.351e-05
2.3503e-05
2.3514e-05
2.3501e-05
3.1521e-05
7.7263e-05
5.4358e-05
2.4106e-05
2.36e-05
2.3524e-05
2.3551e-05
2.3522e-05
2.3605e-05
2.3517e-05
2.3529e-05
2.3529e-05
2.352e-05
2.35e-05
2.3649e-05
2.7034e-05
2.3509e-05
2.3527e-05
2.3574e-05
2.352e-05
2.3542e-05
2.3507e-05
2.3505e-05
2.3523e-05
2.3503e-05
2.3495e-05
2.3531e-05
2.3528e-05
2.3506e-05
2.3513e-05
2.352e-05
2.352e-05
2.3569e-05
2.3699e-05
2.3592e-05
2.3523e-05
2.3512e-05
2.3529e-05
2.3566e-05
2.3496e-05
2.3545e-05
2.3535e-05
2.3529e-05
3.4005e-05
2.3641e-05
2.357e-05
2.3557e-05
2.3561e-05
2.3528e-05
2.3474e-05
2.3495e-05
2.3582e-05
2.3541e-05
2.3549e-05
2.3536e-05
2.3517e-05
2.3493e-05
2.3518e-05
2.3508e-05
2.3505e-05
2.3533e-05
3.1462e-05
2.362e-05
2.3652e-05
2.3648e-05
2.3533e-05
2.35e-05
2.3503e-05
2.3528e-05
2.3528e-05
3.1108e-05
2.3624e-05
2.3568e-05
2.354e-05
2.3543e-05
2.3505e-05
2.3503e-05
2.3533e-05
2.9891e-05
2.3624e-05
3.0961e-05
2.3737e-05
2.3563e-05
2.3562e-05
2.3555e-05
2.3519e-05
2.3506e-05
2.3515e-05
2.3506e-05
2.3516e-05
2.3541e-05
2.356e-05
2.3536e-05
2.3512e-05
2.3523e-05
2.3563e-05
2.3504e-05
2.3605e-05
2.3971e-05
2.3549e-05
2.3577e-05
2.3589e-05
2.3572e-05
2.3587e-05
2.3611e-05
2.3514e-05
2.3534e-05
2.3588e-05
2.353e-05
2.353e-05
2.3527e-05
2.3591e-05
2.3534e-05
2.354e-05
2.3522e-05
2.3606e-05
2.3527e-05
2.3513e-05
2.3512e-05
2.3505e-05
2.3522e-05
2.3513e-05
2.3535e-05
2.3611e-05
2.3505e-05
2.3512e-05
2.3485e-05
2.351e-05
2.354e-05
2.3532e-05
2.3539e-05
2.3524e-05
2.3522e-05
2.351e-05
2.3631e-05
2.394e-05
2.3514e-05
2.3536e-05
2.3526e-05
2.354e-05
2.3514e-05
2.3515e-05
2.3494e-05
2.3529e-05
2.3534e-05
2.3619e-05
2.3509e-05
2.3534e-05
2.3519e-05
2.35e-05
2.3505e-05
2.3508e-05
2.3534e-05
2.3527e-05
2.3536e-05
2.3515e-05
2.3501e-05
2.3503e-05
2.3515e-05
2.3526e-05
2.3504e-05
2.3523e-05
2.3531e-05
2.3585e-05
2.3494e-05
2.3498e-05
2.3519e-05
2.3539e-05
2.3531e-05
2.3525e-05
2.3507e-05
2.3536e-05
2.3501e-05
2.3514e-05
2.3516e-05
2.3547e-05
2.3534e-05
2.3547e-05
2.3514e-05
2.3481e-05
2.3493e-05
2.3511e-05
2.3547e-05
2.3533e-05
2.3507e-05
2.3522e-05
2.3509e-05
2.3505e-05
2.3492e-05
2.3582e-05
2.354e-05
2.3556e-05
2.354e-05
2.3519e-05
2.3511e-05
2.3505e-05
2.35e-05
2.3566e-05
2.3526e-05
2.3534e-05
2.3522e-05
2.3505e-05
2.3568e-05
2.3525e-05
2.3504e-05
2.3517e-05
2.3628e-05
2.3552e-05
2.3531e-05
2.3514e-05
2.3494e-05
2.3512e-05
2.3516e-05
2.3531e-05
2.3533e-05
2.3545e-05
2.3512e-05
2.3514e-05
2.349e-05
2.3537e-05
2.354e-05
2.3523e-05
2.3547e-05
2.3531e-05
2.3518e-05
2.3509e-05
2.3529e-05
2.3541e-05
2.3633e-05
2.364e-05
2.353e-05
2.3499e-05
2.3496e-05
2.351e-05
2.3514e-05
2.3525e-05
2.3532e-05
2.3536e-05
2.3534e-05
2.352e-05
2.349e-05
2.3498e-05
2.3522e-05
2.3538e-05
2.3523e-05
2.3529e-05
2.35e-05
2.3532e-05
2.3488e-05
2.3483e-05
2.3527e-05
2.3532e-05
2.3521e-05
2.3527e-05
2.352e-05
3.8421e-05
2.363e-05
2.3559e-05
3.1962e-05
2.3644e-05
2.3564e-05
2.3529e-05
2.3512e-05
2.3509e-05
2.3511e-05
2.3518e-05
2.3627e-05
2.3591e-05
2.379e-05
2.3652e-05
2.3485e-05
2.3594e-05
2.3963e-05
2.3626e-05
2.3742e-05
2.3522e-05
2.3628e-05
2.349e-05
2.3516e-05
2.3493e-05
2.3548e-05
2.3519e-05
2.3536e-05
2.3505e-05
2.3508e-05
2.3507e-05
2.3498e-05
2.3524e-05
2.3565e-05
2.3526e-05
2.3538e-05
2.3527e-05
2.3505e-05
2.358e-05
2.3502e-05
2.3526e-05
2.3521e-05
2.3529e-05
2.3529e-05
2.3502e-05
2.3531e-05
2.3517e-05
2.3511e-05
2.354e-05
2.3517e-05
2.3524e-05
2.3511e-05
2.3517e-05
2.3494e-05
2.3524e-05
2.3516e-05
2.353e-05
2.3527e-05
2.352e-05
2.3498e-05
2.3488e-05
2.3527e-05
2.3518e-05
2.3528e-05
2.3531e-05
2.3522e-05
2.3488e-05
2.3492e-05
2.3508e-05
2.3502e-05
2.3506e-05
2.3523e-05
2.3543e-05
2.3521e-05
2.3503e-05
2.35e-05
2.3519e-05
2.3521e-05
2.3519e-05
2.3542e-05
2.3537e-05
2.3512e-05
2.3505e-05
2.3501e-05
2.3508e-05
2.3525e-05
2.3519e-05
2.353e-05
2.3524e-05
2.3528e-05
2.3513e-05
2.3495e-05
2.3519e-05
2.3524e-05
2.3542e-05
2.3534e-05
2.3498e-05
2.3505e-05
2.3495e-05
2.3512e-05
2.3519e-05
2.3541e-05
2.3559e-05
2.3544e-05
2.3523e-05
2.3502e-05
2.3497e-05
2.3522e-05
2.3496e-05
2.3548e-05
2.3535e-05
2.3527e-05
2.3486e-05
2.3512e-05
2.3503e-05
2.3509e-05
2.3528e-05
2.3553e-05
2.3527e-05
2.3536e-05
2.3513e-05
2.3516e-05
2.3508e-05
2.3536e-05
2.3506e-05
2.3531e-05
2.3525e-05
2.3501e-05
2.349e-05
2.3496e-05
2.3532e-05
2.3537e-05
2.3525e-05
2.3522e-05
2.3523e-05
2.3798e-05
2.4056e-05
2.3825e-05
2.4222e-05
2.3514e-05
2.3521e-05
2.3556e-05
2.3514e-05
2.3496e-05
2.3495e-05
2.3475e-05
2.3506e-05
2.35e-05
2.3496e-05
2.3514e-05
2.3511e-05
2.3491e-05
2.3492e-05
2.348e-05
2.3526e-05
2.3498e-05
2.3522e-05
2.3514e-05
2.3517e-05
2.3512e-05
2.352e-05
2.3489e-05
2.3487e-05
2.3529e-05
2.3505e-05
2.3531e-05
2.3497e-05
2.3497e-05
2.3481e-05
2.3513e-05
2.3503e-05
2.3514e-05
2.3535e-05
2.3494e-05
2.3501e-05
2.35e-05
3.2272e-05
2.362e-05
2.3552e-05
2.3557e-05
2.3555e-05
2.3538e-05
2.3543e-05
2.352e-05
2.3508e-05
2.3502e-05
2.3514e-05
2.3487e-05
2.3493e-05
2.3517e-05
2.3513e-05
2.3507e-05
2.3511e-05
2.3488e-05
2.3502e-05
2.3499e-05
2.3519e-05
2.354e-05
2.3508e-05
2.352e-05
2.3504e-05
2.3484e-05
2.3494e-05
2.3521e-05
2.3523e-05
2.3515e-05
2.3534e-05
2.3505e-05
2.3504e-05
2.3487e-05
2.3511e-05
2.3534e-05
2.3511e-05
2.3517e-05
2.354e-05
2.348e-05
2.3514e-05
2.3526e-05
2.3525e-05
2.3533e-05
2.3516e-05
2.3504e-05
2.3483e-05
2.3514e-05
2.3487e-05
2.3518e-05
2.3518e-05
2.3521e-05
2.3521e-05
2.3511e-05
2.3505e-05
2.3507e-05
2.3493e-05
2.3494e-05
2.352e-05
2.3512e-05
2.3514e-05
2.3511e-05
2.3494e-05
2.3478e-05
2.3503e-05
2.3513e-05
2.351e-05
2.35e-05
2.3527e-05
2.3494e-05
2.3502e-05
2.3505e-05
2.3493e-05
2.3512e-05
2.3504e-05
2.3516e-05
2.3524e-05
2.3501e-05
2.3506e-05
2.3491e-05
2.3567e-05
2.3533e-05
2.3493e-05
2.3513e-05
2.3512e-05
2.349e-05
2.3491e-05
2.3523e-05
2.3512e-05
2.3532e-05
2.3503e-05
2.3505e-05
2.3529e-05
2.35e-05
2.3486e-05
2.3498e-05
2.3522e-05
2.3521e-05
2.3511e-05
2.3504e-05
2.3503e-05
2.3483e-05
2.348e-05
2.3518e-05
2.351e-05
2.3507e-05
2.3507e-05
2.351e-05
2.3503e-05
2.3511e-05
2.3501e-05
2.3513e-05
2.3526e-05
2.3497e-05
2.3511e-05
2.3491e-05
2.349e-05
2.3499e-05
2.353e-05
