#time [s]
2.144e-06
1.677e-06
1.67e-06
1.638e-06
1.644e-06
1.659e-06
1.646e-06
1.656e-06
1.651e-06
1.642e-06
1.652e-06
1.652e-06
1.65e-06
1.649e-06
1.646e-06
1.645e-06
1.653e-06
1.643e-06
1.643e-06
1.644e-06
1.645e-06
1.648e-06
1.645e-06
1.653e-06
1.649e-06
1.65e-06
1.649e-06
1.65e-06
1.648e-06
1.646e-06
1.64e-06
1.647e-06
1.648e-06
1.656e-06
1.655e-06
1.659e-06
1.648e-06
1.649e-06
1.65e-06
1.65e-06
1.656e-06
1.652e-06
1.654e-06
1.653e-06
1.651e-06
1.65e-06
1.646e-06
1.649e-06
1.648e-06
1.647e-06
1.649e-06
1.65e-06
1.647e-06
1.654e-06
1.648e-06
1.649e-06
1.651e-06
1.652e-06
1.652e-06
1.653e-06
1.652e-06
1.652e-06
1.651e-06
1.65e-06
1.649e-06
1.644e-06
1.653e-06
1.658e-06
1.646e-06
1.647e-06
1.647e-06
1.649e-06
1.648e-06
1.65e-06
1.651e-06
1.652e-06
1.653e-06
1.652e-06
1.652e-06
1.656e-06
1.65e-06
1.65e-06
1.649e-06
1.647e-06
1.646e-06
1.646e-06
1.646e-06
1.648e-06
1.648e-06
1.658e-06
1.65e-06
1.657e-06
1.651e-06
1.652e-06
1.653e-06
1.651e-06
1.651e-06
1.646e-06
1.646e-06
1.659e-06
1.648e-06
1.648e-06
1.645e-06
1.647e-06
1.654e-06
1.648e-06
1.649e-06
1.65e-06
1.65e-06
1.652e-06
1.654e-06
1.654e-06
1.652e-06
1.651e-06
1.651e-06
1.649e-06
1.647e-06
1.653e-06
1.647e-06
1.646e-06
1.647e-06
1.647e-06
1.648e-06
1.649e-06
1.65e-06
1.651e-06
1.652e-06
1.654e-06
1.652e-06
1.653e-06
1.658e-06
1.662e-06
1.649e-06
1.65e-06
1.648e-06
1.647e-06
1.642e-06
1.647e-06
1.647e-06
1.648e-06
1.65e-06
1.649e-06
1.651e-06
1.658e-06
1.652e-06
1.653e-06
1.652e-06
1.652e-06
1.65e-06
1.65e-06
1.655e-06
1.648e-06
1.648e-06
1.645e-06
1.646e-06
1.647e-06
1.645e-06
1.648e-06
1.649e-06
1.65e-06
1.651e-06
1.652e-06
1.651e-06
1.665e-06
1.653e-06
1.651e-06
1.649e-06
1.65e-06
1.647e-06
1.654e-06
1.647e-06
1.646e-06
1.648e-06
1.648e-06
1.649e-06
1.65e-06
1.651e-06
1.652e-06
1.652e-06
1.653e-06
1.653e-06
1.652e-06
1.649e-06
1.651e-06
1.649e-06
1.646e-06
1.648e-06
1.647e-06
1.644e-06
1.647e-06
1.648e-06
1.649e-06
1.649e-06
1.65e-06
1.648e-06
1.661e-06
1.653e-06
1.652e-06
1.652e-06
1.652e-06
1.65e-06
1.65e-06
1.648e-06
1.648e-06
1.647e-06
1.646e-06
1.646e-06
1.647e-06
1.654e-06
1.646e-06
1.649e-06
1.651e-06
1.652e-06
1.652e-06
1.651e-06
1.652e-06
1.651e-06
1.651e-06
1.65e-06
1.648e-06
1.643e-06
1.653e-06
1.646e-06
1.647e-06
1.647e-06
1.648e-06
1.647e-06
1.659e-06
1.651e-06
1.651e-06
1.652e-06
1.654e-06
1.652e-06
1.651e-06
1.656e-06
1.646e-06
1.649e-06
1.648e-06
1.646e-06
1.647e-06
1.644e-06
1.647e-06
1.648e-06
1.649e-06
1.649e-06
1.652e-06
1.658e-06
1.653e-06
1.653e-06
1.653e-06
1.652e-06
1.65e-06
1.649e-06
1.65e-06
1.648e-06
1.648e-06
1.647e-06
1.646e-06
1.647e-06
1.656e-06
1.656e-06
1.649e-06
1.65e-06
1.652e-06
1.653e-06
1.653e-06
1.65e-06
1.651e-06
1.651e-06
1.65e-06
1.65e-06
1.648e-06
1.653e-06
1.646e-06
1.646e-06
1.647e-06
1.648e-06
1.649e-06
1.65e-06
1.651e-06
1.652e-06
1.652e-06
1.653e-06
1.653e-06
1.652e-06
1.657e-06
1.65e-06
1.65e-06
1.648e-06
1.648e-06
1.658e-06
1.655e-06
1.655e-06
1.657e-06
1.658e-06
1.658e-06
1.658e-06
1.66e-06
1.661e-06
1.663e-06
1.646e-06
1.661e-06
1.645e-06
1.66e-06
1.652e-06
1.657e-06
1.657e-06
1.656e-06
1.654e-06
1.655e-06
1.657e-06
1.658e-06
1.659e-06
1.659e-06
1.644e-06
1.661e-06
1.662e-06
1.662e-06
1.661e-06
1.66e-06
1.66e-06
1.659e-06
1.66e-06
1.658e-06
1.655e-06
1.655e-06
1.641e-06
1.658e-06
1.64e-06
1.658e-06
1.653e-06
1.66e-06
1.662e-06
1.662e-06
1.663e-06
1.661e-06
1.66e-06
1.658e-06
1.658e-06
1.658e-06
1.641e-06
1.656e-06
1.656e-06
1.655e-06
1.656e-06
1.658e-06
1.658e-06
1.644e-06
1.66e-06
1.66e-06
1.66e-06
1.663e-06
1.646e-06
1.66e-06
1.66e-06
1.658e-06
1.651e-06
1.656e-06
1.656e-06
1.655e-06
1.654e-06
1.657e-06
1.657e-06
1.658e-06
1.658e-06
1.661e-06
1.646e-06
1.662e-06
1.663e-06
1.661e-06
1.661e-06
1.66e-06
1.659e-06
1.658e-06
1.656e-06
1.656e-06
1.654e-06
1.655e-06
1.641e-06
1.658e-06
1.642e-06
1.66e-06
1.66e-06
1.66e-06
1.662e-06
1.662e-06
1.666e-06
1.661e-06
1.66e-06
1.659e-06
1.658e-06
1.657e-06
1.64e-06
1.656e-06
1.656e-06
1.656e-06
1.657e-06
1.657e-06
1.659e-06
1.66e-06
1.661e-06
1.662e-06
1.662e-06
1.661e-06
1.644e-06
1.662e-06
1.643e-06
1.658e-06
1.657e-06
1.657e-06
1.655e-06
1.655e-06
1.656e-06
1.658e-06
1.651e-06
1.659e-06
1.66e-06
1.662e-06
1.662e-06
1.663e-06
1.662e-06
1.661e-06
1.66e-06
1.66e-06
1.657e-06
1.658e-06
1.656e-06
1.657e-06
1.655e-06
1.656e-06
1.641e-06
1.657e-06
1.642e-06
1.66e-06
1.661e-06
1.662e-06
1.664e-06
1.662e-06
1.662e-06
1.66e-06
1.653e-06
1.658e-06
1.658e-06
1.656e-06
1.64e-06
1.655e-06
1.657e-06
1.657e-06
1.657e-06
1.659e-06
1.663e-06
1.661e-06
1.661e-06
1.664e-06
1.662e-06
1.662e-06
1.644e-06
1.66e-06
1.644e-06
1.657e-06
1.656e-06
1.656e-06
1.656e-06
1.656e-06
1.657e-06
1.658e-06
1.652e-06
1.659e-06
1.66e-06
1.661e-06
1.646e-06
1.663e-06
1.662e-06
1.661e-06
1.66e-06
1.658e-06
1.659e-06
1.656e-06
1.656e-06
1.655e-06
1.656e-06
1.657e-06
1.658e-06
1.659e-06
1.644e-06
1.66e-06
1.661e-06
1.662e-06
1.663e-06
1.662e-06
1.66e-06
1.659e-06
1.652e-06
1.658e-06
1.657e-06
1.656e-06
1.64e-06
1.655e-06
1.656e-06
1.657e-06
1.659e-06
1.659e-06
1.66e-06
1.661e-06
1.662e-06
1.662e-06
1.662e-06
1.661e-06
1.644e-06
1.659e-06
1.659e-06
1.657e-06
1.656e-06
1.656e-06
1.658e-06
1.657e-06
1.656e-06
1.658e-06
1.654e-06
1.659e-06
1.662e-06
1.661e-06
1.646e-06
1.662e-06
1.661e-06
1.659e-06
1.659e-06
1.658e-06
1.658e-06
1.656e-06
1.655e-06
1.655e-06
1.657e-06
1.656e-06
1.643e-06
1.659e-06
1.66e-06
1.661e-06
1.661e-06
1.662e-06
1.662e-06
1.66e-06
1.66e-06
1.659e-06
1.658e-06
1.657e-06
1.642e-06
1.658e-06
1.646e-06
1.647e-06
1.648e-06
1.649e-06
1.65e-06
1.65e-06
1.647e-06
1.652e-06
1.653e-06
1.658e-06
1.652e-06
1.651e-06
1.651e-06
1.649e-06
1.647e-06
1.648e-06
1.644e-06
1.647e-06
1.647e-06
1.648e-06
1.648e-06
1.65e-06
1.655e-06
1.652e-06
1.653e-06
1.654e-06
1.652e-06
1.652e-06
1.647e-06
1.65e-06
1.649e-06
1.659e-06
1.648e-06
1.646e-06
1.645e-06
1.652e-06
1.647e-06
1.648e-06
1.649e-06
1.651e-06
1.65e-06
1.652e-06
1.651e-06
1.653e-06
1.652e-06
1.652e-06
1.65e-06
1.649e-06
1.654e-06
1.648e-06
1.646e-06
1.646e-06
1.646e-06
1.648e-06
1.643e-06
1.65e-06
1.65e-06
1.65e-06
1.652e-06
1.652e-06
1.653e-06
1.658e-06
1.651e-06
1.662e-06
1.649e-06
1.649e-06
1.647e-06
1.646e-06
1.644e-06
1.646e-06
1.647e-06
1.647e-06
1.649e-06
1.649e-06
1.658e-06
1.652e-06
1.653e-06
1.653e-06
1.653e-06
1.652e-06
1.646e-06
1.648e-06
1.648e-06
1.648e-06
1.647e-06
1.645e-06
1.646e-06
1.653e-06
1.648e-06
1.65e-06
1.65e-06
1.651e-06
1.652e-06
1.653e-06
1.664e-06
1.662e-06
1.661e-06
1.66e-06
1.659e-06
1.658e-06
1.656e-06
1.656e-06
1.64e-06
1.656e-06
1.64e-06
1.657e-06
1.653e-06
1.659e-06
1.66e-06
1.661e-06
1.663e-06
1.663e-06
1.663e-06
1.661e-06
1.661e-06
1.66e-06
1.643e-06
1.657e-06
1.656e-06
1.655e-06
1.655e-06
1.657e-06
1.657e-06
1.658e-06
1.659e-06
1.66e-06
1.663e-06
1.662e-06
1.647e-06
1.662e-06
1.646e-06
1.66e-06
1.653e-06
1.658e-06
1.658e-06
1.658e-06
1.655e-06
1.655e-06
1.656e-06
1.656e-06
1.659e-06
1.659e-06
1.643e-06
1.66e-06
1.661e-06
1.662e-06
1.662e-06
1.662e-06
1.66e-06
1.66e-06
1.659e-06
1.658e-06
1.656e-06
1.656e-06
1.64e-06
1.656e-06
1.642e-06
1.658e-06
1.661e-06
1.659e-06
1.66e-06
1.661e-06
1.662e-06
1.662e-06
1.661e-06
1.66e-06
1.659e-06
1.659e-06
1.642e-06
1.656e-06
1.655e-06
1.655e-06
1.657e-06
1.656e-06
1.658e-06
1.659e-06
1.66e-06
1.66e-06
1.66e-06
1.662e-06
1.647e-06
1.662e-06
1.645e-06
1.66e-06
1.658e-06
1.657e-06
1.658e-06
1.655e-06
1.655e-06
1.656e-06
1.659e-06
1.658e-06
1.659e-06
1.659e-06
1.645e-06
1.66e-06
1.662e-06
1.662e-06
1.662e-06
1.661e-06
1.66e-06
1.658e-06
1.659e-06
1.656e-06
1.655e-06
1.656e-06
1.64e-06
1.657e-06
1.642e-06
1.659e-06
1.659e-06
1.659e-06
1.662e-06
1.662e-06
1.662e-06
1.662e-06
1.654e-06
1.659e-06
1.659e-06
1.658e-06
1.641e-06
1.656e-06
1.658e-06
1.655e-06
1.656e-06
1.658e-06
1.658e-06
1.659e-06
1.661e-06
1.661e-06
1.66e-06
1.662e-06
1.644e-06
1.661e-06
1.644e-06
1.659e-06
1.657e-06
1.658e-06
1.656e-06
1.656e-06
1.654e-06
1.656e-06
1.65e-06
1.656e-06
1.66e-06
1.66e-06
1.645e-06
1.66e-06
1.663e-06
1.662e-06
1.66e-06
1.661e-06
1.659e-06
1.657e-06
1.658e-06
1.659e-06
1.653e-06
1.646e-06
1.647e-06
1.648e-06
1.649e-06
1.65e-06
1.648e-06
1.651e-06
1.653e-06
1.653e-06
1.653e-06
1.652e-06
1.647e-06
1.655e-06
1.649e-06
1.649e-06
1.647e-06
1.647e-06
1.646e-06
1.647e-06
1.647e-06
1.648e-06
1.648e-06
1.649e-06
1.652e-06
1.657e-06
1.653e-06
1.653e-06
1.653e-06
1.651e-06
1.65e-06
1.661e-06
1.646e-06
1.647e-06
1.647e-06
1.646e-06
1.647e-06
1.648e-06
1.644e-06
1.654e-06
1.649e-06
1.651e-06
1.652e-06
1.652e-06
1.653e-06
1.652e-06
1.652e-06
1.65e-06
1.649e-06
1.648e-06
1.647e-06
1.654e-06
1.645e-06
1.646e-06
1.648e-06
1.648e-06
1.649e-06
1.651e-06
1.649e-06
1.652e-06
1.652e-06
1.653e-06
1.653e-06
1.662e-06
1.647e-06
1.656e-06
1.649e-06
1.648e-06
1.647e-06
1.646e-06
1.646e-06
1.648e-06
1.648e-06
1.648e-06
1.65e-06
1.65e-06
1.652e-06
1.659e-06
1.653e-06
1.653e-06
1.651e-06
1.652e-06
1.65e-06
1.648e-06
1.645e-06
1.648e-06
1.647e-06
1.647e-06
1.647e-06
1.647e-06
1.655e-06
1.649e-06
1.651e-06
1.651e-06
1.65e-06
1.666e-06
1.653e-06
1.652e-06
1.65e-06
1.648e-06
1.648e-06
1.648e-06
1.647e-06
1.652e-06
1.646e-06
1.648e-06
1.648e-06
1.649e-06
1.65e-06
1.65e-06
1.648e-06
1.652e-06
1.653e-06
1.653e-06
1.652e-06
1.65e-06
1.656e-06
1.649e-06
1.648e-06
1.648e-06
1.646e-06
1.646e-06
1.642e-06
1.648e-06
1.648e-06
1.648e-06
1.662e-06
1.66e-06
1.662e-06
1.662e-06
1.662e-06
1.662e-06
1.644e-06
1.659e-06
1.658e-06
1.657e-06
1.657e-06
1.656e-06
1.655e-06
1.656e-06
1.657e-06
1.658e-06
1.659e-06
1.66e-06
1.646e-06
1.662e-06
1.647e-06
1.662e-06
1.655e-06
1.661e-06
1.66e-06
1.658e-06
1.657e-06
1.656e-06
1.656e-06
1.655e-06
1.656e-06
1.657e-06
1.658e-06
1.658e-06
1.658e-06
1.66e-06
1.662e-06
1.662e-06
1.662e-06
1.662e-06
1.661e-06
1.659e-06
1.658e-06
1.659e-06
1.642e-06
1.656e-06
1.64e-06
1.656e-06
1.651e-06
1.657e-06
1.659e-06
1.659e-06
1.661e-06
1.662e-06
1.662e-06
1.663e-06
1.661e-06
1.661e-06
1.644e-06
1.659e-06
1.658e-06
1.657e-06
1.656e-06
1.655e-06
1.657e-06
1.657e-06
1.657e-06
1.659e-06
1.659e-06
1.659e-06
