#time [s]
7.3707e-05
7.3683e-05
7.3677e-05
7.3674e-05
9.1445e-05
7.3758e-05
7.3665e-05
7.3736e-05
7.3714e-05
7.3714e-05
7.366e-05
7.3633e-05
7.3676e-05
7.3566e-05
7.3588e-05
7.3579e-05
7.3659e-05
7.3613e-05
7.3664e-05
7.35e-05
7.3663e-05
7.3637e-05
7.3612e-05
7.3596e-05
7.36e-05
7.3666e-05
7.3595e-05
7.3637e-05
7.3526e-05
7.359e-05
7.3598e-05
7.3634e-05
7.3597e-05
7.364e-05
7.3654e-05
7.3595e-05
7.3568e-05
7.3559e-05
7.3623e-05
7.3603e-05
7.3596e-05
7.3655e-05
7.3637e-05
7.3658e-05
7.36e-05
7.3683e-05
7.3655e-05
7.3669e-05
7.3608e-05
7.3643e-05
7.3866e-05
7.3673e-05
7.368e-05
7.3727e-05
7.354e-05
7.3552e-05
7.3632e-05
7.3658e-05
7.3583e-05
7.3621e-05
7.3646e-05
7.3632e-05
7.3613e-05
7.3648e-05
7.3647e-05
7.3618e-05
7.3624e-05
7.3554e-05
7.3525e-05
7.3637e-05
7.36e-05
7.368e-05
7.3608e-05
7.3589e-05
7.3654e-05
7.3587e-05
7.3591e-05
7.3667e-05
7.3656e-05
7.3615e-05
7.3636e-05
7.3569e-05
7.362e-05
7.357e-05
7.3587e-05
7.3612e-05
7.3618e-05
7.3632e-05
7.3594e-05
7.3673e-05
7.3622e-05
7.363e-05
7.363e-05
7.3625e-05
7.3605e-05
7.3822e-05
7.3743e-05
7.3705e-05
7.3685e-05
7.3693e-05
7.3639e-05
7.3621e-05
7.3607e-05
7.3621e-05
7.3672e-05
7.3632e-05
7.3613e-05
7.3603e-05
8.1735e-05
9.9598e-05
0.000102525
7.3716e-05
7.3662e-05
7.3619e-05
7.3604e-05
7.3605e-05
7.3687e-05
7.3681e-05
7.3605e-05
7.3619e-05
7.3596e-05
7.3655e-05
7.3551e-05
7.3622e-05
7.3634e-05
7.3619e-05
7.3632e-05
7.3643e-05
7.3587e-05
8.1687e-05
7.3817e-05
7.3697e-05
7.3694e-05
7.364e-05
7.3533e-05
7.3643e-05
7.3713e-05
7.3626e-05
7.3665e-05
7.3638e-05
7.3636e-05
7.9689e-05
7.376e-05
7.3663e-05
7.3644e-05
7.3676e-05
7.3583e-05
7.3636e-05
7.3611e-05
7.3596e-05
7.3621e-05
7.3615e-05
7.361e-05
7.361e-05
7.3647e-05
7.3691e-05
7.3539e-05
7.366e-05
7.3599e-05
7.3623e-05
7.362e-05
7.3624e-05
7.3586e-05
7.3623e-05
7.3645e-05
7.3613e-05
7.3636e-05
7.366e-05
7.3639e-05
7.36e-05
7.3686e-05
7.3621e-05
7.3578e-05
7.3618e-05
7.3667e-05
7.3638e-05
7.3623e-05
7.3658e-05
7.3589e-05
7.366e-05
7.3663e-05
7.3619e-05
7.3669e-05
7.3662e-05
7.3636e-05
7.3661e-05
7.3679e-05
8.4162e-05
7.3725e-05
7.3664e-05
7.372e-05
7.3666e-05
7.3625e-05
7.3614e-05
7.363e-05
7.363e-05
7.3614e-05
7.364e-05
7.3558e-05
7.3648e-05
7.3603e-05
7.3612e-05
7.3697e-05
7.3614e-05
7.3656e-05
7.3664e-05
7.3653e-05
7.3616e-05
7.3647e-05
7.3649e-05
7.3587e-05
7.3639e-05
7.3653e-05
7.3638e-05
7.3636e-05
7.3653e-05
7.371e-05
7.3649e-05
7.3648e-05
7.3667e-05
7.3631e-05
7.3594e-05
7.3644e-05
7.3632e-05
7.3629e-05
7.3656e-05
7.3613e-05
7.3616e-05
7.3564e-05
7.36e-05
7.3631e-05
7.3653e-05
7.3684e-05
7.3645e-05
8.0119e-05
7.3881e-05
7.3732e-05
7.3664e-05
7.3688e-05
7.3665e-05
7.3545e-05
7.3589e-05
7.3624e-05
7.3623e-05
7.3631e-05
7.3654e-05
7.3643e-05
7.3592e-05
7.3642e-05
7.3653e-05
7.3684e-05
7.3642e-05
7.3629e-05
7.3677e-05
7.362e-05
7.3635e-05
7.3669e-05
7.3649e-05
7.363e-05
7.365e-05
7.3672e-05
7.3616e-05
7.3677e-05
7.3622e-05
7.3739e-05
7.3635e-05
7.362e-05
7.3657e-05
7.3659e-05
7.36e-05
7.3655e-05
7.3662e-05
7.359e-05
7.3654e-05
7.364e-05
7.3644e-05
7.3649e-05
7.3641e-05
7.3618e-05
7.3596e-05
7.3568e-05
8.0101e-05
7.3728e-05
7.3677e-05
7.3627e-05
7.3682e-05
7.3671e-05
7.3637e-05
7.3649e-05
7.3672e-05
7.3687e-05
7.3563e-05
7.3612e-05
7.3686e-05
7.3653e-05
8.2107e-05
8.9433e-05
0.000118071
8.7638e-05
7.416e-05
7.3657e-05
7.3653e-05
7.3634e-05
7.3654e-05
7.3644e-05
7.3662e-05
7.3671e-05
7.3619e-05
7.3667e-05
7.3619e-05
7.3617e-05
8.2863e-05
7.3867e-05
7.3675e-05
7.3638e-05
7.3807e-05
7.3616e-05
7.3625e-05
7.362e-05
7.3611e-05
7.3612e-05
7.3618e-05
7.3627e-05
7.362e-05
7.3626e-05
7.3615e-05
7.362e-05
7.369e-05
8.0442e-05
7.3657e-05
7.3756e-05
7.368e-05
7.3707e-05
7.3657e-05
7.3672e-05
7.3712e-05
7.3656e-05
7.3659e-05
7.363e-05
7.3591e-05
7.369e-05
7.3577e-05
7.3638e-05
7.3616e-05
7.3537e-05
7.3622e-05
7.3627e-05
7.3617e-05
7.3664e-05
7.3611e-05
7.3617e-05
7.366e-05
7.3584e-05
7.3602e-05
7.3509e-05
7.3619e-05
7.36e-05
7.3632e-05
7.355e-05
7.3628e-05
7.3607e-05
7.3607e-05
7.3623e-05
7.3633e-05
7.3642e-05
7.3638e-05
7.3573e-05
7.3559e-05
7.3548e-05
7.3603e-05
7.3638e-05
7.3664e-05
7.3591e-05
7.3577e-05
7.3641e-05
7.3579e-05
7.3674e-05
7.3947e-05
7.3718e-05
7.3654e-05
7.3695e-05
7.3649e-05
7.3553e-05
7.3657e-05
7.3643e-05
7.36e-05
7.3585e-05
7.359e-05
7.3617e-05
7.3651e-05
7.3621e-05
7.3635e-05
7.36e-05
7.359e-05
7.3646e-05
7.366e-05
7.3569e-05
7.3625e-05
7.359e-05
7.3619e-05
7.3597e-05
7.3547e-05
7.3576e-05
7.3613e-05
7.36e-05
7.3608e-05
7.3627e-05
7.3606e-05
7.3643e-05
7.3576e-05
7.3635e-05
7.3655e-05
7.3551e-05
7.3615e-05
7.3638e-05
7.3628e-05
7.3638e-05
7.368e-05
7.3638e-05
7.3626e-05
7.3599e-05
7.3646e-05
7.3645e-05
7.3651e-05
7.3671e-05
8.0531e-05
7.3698e-05
7.3681e-05
7.368e-05
7.3666e-05
7.3632e-05
7.3619e-05
7.357e-05
7.365e-05
7.3566e-05
7.367e-05
7.365e-05
7.3658e-05
7.3576e-05
7.3636e-05
7.3623e-05
7.3603e-05
7.3526e-05
7.3636e-05
7.3633e-05
7.3552e-05
7.3652e-05
7.3592e-05
7.3635e-05
7.3683e-05
7.3638e-05
7.3654e-05
7.3601e-05
7.3647e-05
7.364e-05
7.3603e-05
7.3602e-05
7.3697e-05
7.365e-05
7.3701e-05
7.3622e-05
7.3643e-05
7.362e-05
7.3641e-05
7.3664e-05
7.3585e-05
7.3663e-05
7.3641e-05
7.3663e-05
7.3634e-05
7.3661e-05
7.3662e-05
7.3644e-05
8.0136e-05
7.3742e-05
7.3707e-05
7.3684e-05
8.4629e-05
9.322e-05
7.3701e-05
7.3646e-05
7.3692e-05
7.3699e-05
7.3632e-05
7.3586e-05
7.3676e-05
7.3626e-05
7.3611e-05
7.3599e-05
7.3565e-05
7.3617e-05
7.3595e-05
7.3649e-05
7.3666e-05
7.3632e-05
7.3653e-05
7.3667e-05
7.3615e-05
7.3597e-05
8.2272e-05
7.3739e-05
7.3752e-05
7.3699e-05
7.3682e-05
7.3655e-05
7.3627e-05
7.3534e-05
7.3602e-05
7.3579e-05
7.363e-05
7.3642e-05
7.3663e-05
7.3573e-05
7.3617e-05
7.3607e-05
7.3623e-05
7.3613e-05
7.3544e-05
7.3646e-05
7.3629e-05
7.3617e-05
7.3564e-05
7.9758e-05
7.3638e-05
7.3661e-05
7.3638e-05
7.3637e-05
7.3657e-05
7.3645e-05
7.3589e-05
7.3671e-05
7.3648e-05
7.362e-05
7.3708e-05
7.3651e-05
7.3589e-05
7.3647e-05
7.3657e-05
7.3652e-05
7.363e-05
7.363e-05
7.3632e-05
7.3636e-05
7.3648e-05
7.3649e-05
7.3664e-05
7.3627e-05
7.3689e-05
7.3669e-05
7.3656e-05
7.3665e-05
7.3613e-05
7.3634e-05
7.3617e-05
7.3567e-05
7.3635e-05
7.3629e-05
7.3625e-05
7.3546e-05
7.3673e-05
7.3665e-05
7.3638e-05
7.3577e-05
7.3609e-05
7.3574e-05
7.3625e-05
7.3586e-05
7.3639e-05
7.3547e-05
7.3621e-05
7.3538e-05
7.383e-05
7.3726e-05
7.3707e-05
7.3677e-05
7.3647e-05
7.3677e-05
7.3663e-05
7.3617e-05
7.3643e-05
7.3624e-05
7.366e-05
7.3649e-05
7.37e-05
7.3604e-05
7.352e-05
7.3627e-05
7.3626e-05
7.3625e-05
7.3558e-05
7.3669e-05
7.367e-05
7.3643e-05
7.3629e-05
7.3622e-05
7.3689e-05
7.3663e-05
7.3617e-05
7.3649e-05
7.3635e-05
7.364e-05
7.36e-05
7.3604e-05
7.3617e-05
7.359e-05
7.3567e-05
7.3604e-05
7.3596e-05
7.3582e-05
7.3595e-05
7.3533e-05
7.3598e-05
7.3618e-05
7.3627e-05
7.3594e-05
7.363e-05
7.3618e-05
7.3619e-05
7.3626e-05
8.0452e-05
7.3754e-05
7.3652e-05
7.3712e-05
7.364e-05
7.3702e-05
7.3635e-05
7.3644e-05
7.3588e-05
7.3578e-05
7.3627e-05
7.3685e-05
7.3638e-05
7.3623e-05
7.3699e-05
7.3625e-05
7.3675e-05
7.363e-05
7.3633e-05
7.3604e-05
7.3678e-05
7.3625e-05
7.353e-05
7.3511e-05
7.3631e-05
7.3628e-05
7.3661e-05
7.357e-05
7.3588e-05
7.3613e-05
7.3622e-05
7.3584e-05
7.3601e-05
7.3644e-05
7.3616e-05
7.3596e-05
7.3572e-05
7.36e-05
7.3622e-05
7.3546e-05
7.36e-05
7.3588e-05
7.3582e-05
7.3665e-05
7.3631e-05
7.3601e-05
7.3604e-05
0.00010646
8.3177e-05
8.7846e-05
7.3721e-05
7.3643e-05
7.3598e-05
7.3563e-05
7.3639e-05
7.3666e-05
7.3692e-05
7.3691e-05
7.3638e-05
7.3668e-05
7.361e-05
7.3636e-05
7.3654e-05
7.3606e-05
7.365e-05
7.3669e-05
7.362e-05
7.3638e-05
7.3631e-05
7.3634e-05
7.3648e-05
7.362e-05
7.3588e-05
7.3668e-05
7.3864e-05
7.3701e-05
7.368e-05
7.368e-05
7.3627e-05
7.3621e-05
7.3542e-05
7.3595e-05
7.3629e-05
7.3604e-05
7.3596e-05
7.3549e-05
7.3607e-05
7.3634e-05
7.3588e-05
7.3572e-05
7.3576e-05
7.3631e-05
7.3639e-05
7.3696e-05
7.9583e-05
7.3728e-05
7.3689e-05
7.3716e-05
7.3755e-05
7.3695e-05
7.3699e-05
7.3656e-05
7.3643e-05
7.3561e-05
7.3551e-05
7.3649e-05
7.3613e-05
7.3651e-05
7.3559e-05
7.3621e-05
7.3614e-05
7.3629e-05
7.3584e-05
7.3616e-05
7.3661e-05
7.3589e-05
7.3622e-05
7.3621e-05
7.3608e-05
7.3641e-05
7.3639e-05
7.361e-05
7.3614e-05
7.3596e-05
7.3595e-05
7.3611e-05
7.3606e-05
7.3609e-05
7.3697e-05
7.3617e-05
7.3649e-05
7.3539e-05
7.3643e-05
7.3594e-05
7.3623e-05
7.3526e-05
7.3644e-05
7.3576e-05
7.36e-05
7.3607e-05
8.0957e-05
7.3747e-05
7.3651e-05
7.3683e-05
7.3685e-05
7.3681e-05
7.3636e-05
7.3623e-05
7.369e-05
7.3613e-05
7.3628e-05
7.3631e-05
7.3594e-05
7.3681e-05
7.3554e-05
7.3617e-05
7.3667e-05
7.3587e-05
7.359e-05
7.3626e-05
7.3528e-05
7.3608e-05
7.3615e-05
7.3644e-05
7.3609e-05
7.3599e-05
7.3626e-05
7.3619e-05
7.3542e-05
7.3635e-05
7.3586e-05
7.3617e-05
7.3608e-05
7.3631e-05
7.3635e-05
7.3496e-05
7.3623e-05
7.3633e-05
7.3611e-05
7.3602e-05
7.3625e-05
7.3605e-05
7.3664e-05
7.3543e-05
7.3615e-05
8.0058e-05
7.3768e-05
7.3729e-05
7.3686e-05
7.3702e-05
7.3684e-05
7.3631e-05
7.3615e-05
7.3635e-05
7.3613e-05
7.3623e-05
7.3655e-05
7.3594e-05
7.3668e-05
7.3652e-05
7.3604e-05
7.364e-05
7.3603e-05
7.3628e-05
7.3643e-05
7.3674e-05
7.3575e-05
7.3592e-05
7.3608e-05
7.3607e-05
7.3595e-05
7.3653e-05
7.3535e-05
7.3595e-05
7.3596e-05
7.3615e-05
7.3655e-05
7.3566e-05
7.3569e-05
7.3524e-05
7.3621e-05
7.3644e-05
7.367e-05
7.357e-05
7.3643e-05
7.3677e-05
7.3609e-05
7.3598e-05
7.3614e-05
7.3591e-05
7.3632e-05
8.0062e-05
7.3801e-05
7.3687e-05
7.3853e-05
7.3714e-05
7.3659e-05
7.3648e-05
7.3625e-05
7.3663e-05
8.1817e-05
0.000105799
0.000100992
8.3799e-05
7.6723e-05
7.664e-05
8.0461e-05
7.7624e-05
7.7705e-05
7.795e-05
7.7282e-05
7.8632e-05
7.4352e-05
7.3646e-05
7.3654e-05
7.3634e-05
7.3687e-05
7.3602e-05
7.3614e-05
8.5949e-05
7.377e-05
7.3654e-05
7.3657e-05
7.3646e-05
7.3561e-05
7.3625e-05
7.359e-05
7.3622e-05
7.3568e-05
7.3598e-05
7.363e-05
7.362e-05
7.3583e-05
7.3641e-05
7.3641e-05
8.0521e-05
7.3756e-05
7.3692e-05
7.3666e-05
7.3676e-05
7.366e-05
7.3598e-05
7.3616e-05
7.3641e-05
7.3653e-05
7.3657e-05
7.3682e-05
7.3651e-05
7.3676e-05
7.3644e-05
7.3565e-05
7.3661e-05
7.3666e-05
7.3639e-05
7.3661e-05
7.3644e-05
7.3605e-05
7.3565e-05
7.3623e-05
7.3586e-05
7.3624e-05
7.3684e-05
7.3606e-05
7.3614e-05
7.3655e-05
7.3667e-05
7.3611e-05
7.3598e-05
7.3602e-05
7.3623e-05
7.3611e-05
7.3615e-05
7.366e-05
7.3588e-05
7.3633e-05
7.3624e-05
7.3611e-05
7.3638e-05
7.3546e-05
7.3678e-05
7.3631e-05
7.3621e-05
8.1857e-05
7.3763e-05
7.3692e-05
7.3685e-05
7.3672e-05
7.3663e-05
7.3615e-05
7.3656e-05
7.3673e-05
7.3643e-05
7.3668e-05
7.368e-05
7.363e-05
7.3638e-05
7.3638e-05
7.366e-05
7.3607e-05
7.3623e-05
7.3594e-05
7.3633e-05
7.3643e-05
7.3605e-05
7.363e-05
7.365e-05
7.3646e-05
7.3656e-05
7.3593e-05
7.3579e-05
7.3556e-05
7.352e-05
7.3639e-05
7.3619e-05
7.3611e-05
7.3596e-05
7.3635e-05
7.3617e-05
7.3607e-05
7.3582e-05
7.36e-05
7.3635e-05
7.3598e-05
7.3623e-05
7.3638e-05
7.3596e-05
7.3612e-05
7.3601e-05
8.0211e-05
7.3744e-05
7.3757e-05
7.373e-05
7.3691e-05
7.3625e-05
7.3659e-05
7.3678e-05
7.3627e-05
7.3641e-05
7.3625e-05
7.3624e-05
7.3674e-05
