#time [s]
6.9046e-05
6.5803e-05
6.5689e-05
6.5612e-05
6.5637e-05
6.5627e-05
6.5629e-05
6.5574e-05
6.5607e-05
6.5594e-05
6.564e-05
6.565e-05
6.5594e-05
6.6e-05
6.5579e-05
6.5584e-05
6.5592e-05
6.5591e-05
6.5617e-05
6.5565e-05
6.5623e-05
6.5623e-05
6.5638e-05
6.5635e-05
6.5599e-05
6.5575e-05
6.5631e-05
6.5618e-05
6.5604e-05
6.5632e-05
6.5586e-05
6.5575e-05
6.5614e-05
6.5612e-05
6.5615e-05
6.562e-05
6.5579e-05
6.5593e-05
6.5592e-05
6.5593e-05
6.5588e-05
6.5589e-05
6.5595e-05
6.56e-05
6.5577e-05
6.5609e-05
6.6217e-05
6.5665e-05
6.5633e-05
6.5579e-05
6.5588e-05
6.5612e-05
6.5606e-05
6.5615e-05
6.5603e-05
6.5612e-05
6.561e-05
6.559e-05
6.5575e-05
6.5529e-05
6.562e-05
6.564e-05
6.5576e-05
6.5576e-05
6.5556e-05
6.558e-05
6.5593e-05
6.5559e-05
6.5576e-05
6.5611e-05
6.5614e-05
6.5582e-05
6.5628e-05
6.5579e-05
6.5577e-05
6.5624e-05
6.5566e-05
6.5615e-05
6.5571e-05
6.5584e-05
6.5584e-05
6.5574e-05
6.5603e-05
6.5597e-05
6.5613e-05
6.559e-05
6.5601e-05
6.5647e-05
6.5606e-05
6.5592e-05
6.5593e-05
6.5587e-05
6.5614e-05
6.5592e-05
6.5614e-05
6.5589e-05
6.5585e-05
6.5618e-05
6.5603e-05
6.5539e-05
6.5616e-05
6.5609e-05
6.559e-05
6.5607e-05
6.5583e-05
6.5578e-05
6.56e-05
6.5571e-05
6.5631e-05
6.5586e-05
6.5864e-05
6.5651e-05
6.5632e-05
6.562e-05
6.5582e-05
6.557e-05
6.5575e-05
6.5583e-05
6.5555e-05
6.56e-05
6.5561e-05
6.5594e-05
6.5637e-05
6.5572e-05
6.5557e-05
6.5604e-05
6.558e-05
6.5583e-05
6.5572e-05
6.564e-05
6.5592e-05
6.555e-05
6.5596e-05
6.5583e-05
6.56e-05
6.5596e-05
6.5597e-05
6.559e-05
6.5566e-05
6.563e-05
6.5616e-05
6.5608e-05
6.5618e-05
6.5595e-05
6.56e-05
6.555e-05
6.5635e-05
6.5588e-05
6.5586e-05
6.5594e-05
8.9728e-05
6.5711e-05
6.5686e-05
6.5678e-05
0.000105541
6.6222e-05
6.5612e-05
6.5564e-05
6.5606e-05
6.5574e-05
6.5632e-05
6.5571e-05
0.000121224
6.7441e-05
6.5627e-05
6.5627e-05
6.5608e-05
6.5602e-05
6.5624e-05
6.5615e-05
6.5576e-05
6.5605e-05
6.5619e-05
7.2608e-05
6.5723e-05
6.5607e-05
6.5591e-05
6.5565e-05
6.5571e-05
6.5622e-05
6.5572e-05
6.5585e-05
6.5584e-05
6.5596e-05
6.5599e-05
6.5595e-05
6.5576e-05
6.5613e-05
9.0816e-05
6.5682e-05
6.5622e-05
6.5567e-05
6.559e-05
6.5614e-05
6.5566e-05
6.5574e-05
6.5566e-05
6.5593e-05
6.5593e-05
6.5562e-05
6.5585e-05
6.5618e-05
6.561e-05
6.5585e-05
6.5626e-05
6.5563e-05
6.5568e-05
6.56e-05
6.5607e-05
6.5578e-05
6.5647e-05
6.5589e-05
6.5611e-05
6.5584e-05
6.5618e-05
6.5592e-05
6.5586e-05
6.5612e-05
6.5632e-05
6.5614e-05
6.5591e-05
6.5584e-05
6.5622e-05
6.5561e-05
6.555e-05
6.556e-05
6.5614e-05
6.5608e-05
6.5597e-05
6.5595e-05
6.5558e-05
6.5554e-05
6.5605e-05
6.5628e-05
6.5599e-05
6.5586e-05
6.5613e-05
6.56e-05
6.5608e-05
6.5594e-05
6.56e-05
6.5614e-05
6.5628e-05
6.558e-05
6.5579e-05
6.5605e-05
6.5597e-05
6.5604e-05
7.1828e-05
6.5689e-05
6.5608e-05
6.5618e-05
6.5584e-05
6.5597e-05
6.5613e-05
6.5584e-05
6.5573e-05
6.5604e-05
6.5593e-05
6.5604e-05
6.559e-05
6.5588e-05
6.5636e-05
6.5615e-05
6.5579e-05
6.5583e-05
6.5575e-05
6.5638e-05
6.5583e-05
6.5606e-05
6.5606e-05
6.559e-05
6.5577e-05
6.5577e-05
6.56e-05
6.5607e-05
6.5563e-05
6.558e-05
6.5586e-05
6.5612e-05
6.5602e-05
6.5605e-05
6.5565e-05
6.5582e-05
6.5606e-05
6.5594e-05
6.5593e-05
6.5606e-05
6.5616e-05
6.5659e-05
6.5608e-05
6.5561e-05
6.5546e-05
6.5637e-05
6.5603e-05
6.5594e-05
6.5553e-05
6.5571e-05
6.5602e-05
6.5583e-05
6.5565e-05
6.5602e-05
6.5626e-05
6.5593e-05
6.559e-05
6.5604e-05
6.5582e-05
6.5598e-05
6.5572e-05
6.5552e-05
6.5593e-05
6.5592e-05
6.561e-05
6.5608e-05
6.5591e-05
6.558e-05
6.5593e-05
6.5581e-05
6.5584e-05
6.5603e-05
6.5635e-05
6.5599e-05
6.5604e-05
7.6292e-05
6.5752e-05
6.5605e-05
6.5601e-05
6.559e-05
6.5616e-05
6.5597e-05
6.5647e-05
6.5605e-05
6.5578e-05
6.5588e-05
6.5606e-05
6.5557e-05
6.562e-05
6.5548e-05
6.5627e-05
6.5533e-05
6.5601e-05
6.5604e-05
6.5549e-05
6.5555e-05
6.5599e-05
6.5589e-05
6.559e-05
6.5581e-05
6.5597e-05
6.5572e-05
6.5603e-05
6.5595e-05
6.5604e-05
6.5608e-05
6.5583e-05
6.556e-05
6.5624e-05
6.5594e-05
6.5572e-05
6.5616e-05
6.5585e-05
6.5581e-05
6.5629e-05
6.5623e-05
6.556e-05
6.5612e-05
6.5581e-05
6.5611e-05
6.5578e-05
6.5569e-05
6.5616e-05
6.5579e-05
6.5587e-05
6.5603e-05
6.5629e-05
6.5563e-05
6.5795e-05
6.6352e-05
6.6653e-05
6.5592e-05
6.561e-05
6.5594e-05
6.5625e-05
6.5586e-05
6.5627e-05
6.558e-05
6.5567e-05
6.5599e-05
6.5578e-05
6.5603e-05
6.561e-05
6.5612e-05
6.5601e-05
6.5601e-05
6.5644e-05
6.5562e-05
9.0786e-05
6.9631e-05
7.5487e-05
6.5671e-05
6.5663e-05
6.571e-05
6.5619e-05
6.5786e-05
6.6055e-05
6.5581e-05
6.5597e-05
6.5596e-05
6.5564e-05
6.5559e-05
6.5615e-05
6.5612e-05
6.5586e-05
6.5562e-05
6.5604e-05
6.558e-05
6.5574e-05
6.556e-05
6.5584e-05
6.5572e-05
6.5619e-05
6.5594e-05
6.5602e-05
6.5583e-05
6.5657e-05
6.5568e-05
6.5621e-05
6.5589e-05
6.5576e-05
6.5589e-05
6.5595e-05
6.5586e-05
6.5557e-05
6.5588e-05
6.5578e-05
6.5588e-05
6.5574e-05
6.5602e-05
6.5576e-05
6.5565e-05
6.5608e-05
6.5624e-05
6.5599e-05
6.557e-05
6.5606e-05
6.5567e-05
6.558e-05
6.5559e-05
6.5593e-05
6.5584e-05
6.5595e-05
6.5581e-05
6.5569e-05
6.5603e-05
6.56e-05
6.5587e-05
7.4831e-05
6.5692e-05
6.5589e-05
6.562e-05
6.5628e-05
6.5596e-05
6.5578e-05
6.5523e-05
6.5585e-05
6.5626e-05
6.5564e-05
6.5593e-05
6.5607e-05
6.5561e-05
6.5581e-05
6.5619e-05
6.5602e-05
6.561e-05
6.5625e-05
6.557e-05
7.1749e-05
6.5679e-05
6.5653e-05
6.5603e-05
6.5637e-05
6.5639e-05
6.5558e-05
6.5595e-05
6.5607e-05
6.562e-05
6.5609e-05
6.5638e-05
6.56e-05
6.5598e-05
6.5606e-05
6.5553e-05
6.5602e-05
6.558e-05
6.5544e-05
6.5618e-05
6.5636e-05
6.5593e-05
6.5606e-05
6.5608e-05
6.5624e-05
6.5582e-05
6.5591e-05
6.5589e-05
6.5624e-05
6.5598e-05
6.556e-05
6.5596e-05
6.5591e-05
6.5605e-05
6.5637e-05
6.5606e-05
6.5602e-05
6.5569e-05
6.5596e-05
6.5605e-05
6.559e-05
6.5612e-05
6.5615e-05
6.5608e-05
6.5593e-05
6.5604e-05
6.5586e-05
6.5591e-05
6.5608e-05
6.5583e-05
6.5612e-05
6.5592e-05
6.5607e-05
6.5536e-05
6.5556e-05
6.5579e-05
6.5583e-05
6.5591e-05
6.5553e-05
6.558e-05
6.5589e-05
6.5615e-05
6.562e-05
6.5596e-05
6.5611e-05
6.5662e-05
6.5603e-05
6.5592e-05
6.5557e-05
6.5619e-05
6.5604e-05
6.5553e-05
6.5569e-05
6.5597e-05
6.5585e-05
6.5579e-05
6.561e-05
7.5423e-05
6.5742e-05
6.558e-05
6.5611e-05
6.5625e-05
6.5577e-05
6.5614e-05
6.5534e-05
6.5587e-05
6.5641e-05
6.5578e-05
6.5615e-05
6.5574e-05
6.559e-05
6.5587e-05
6.5609e-05
6.5611e-05
6.5586e-05
6.5618e-05
6.5588e-05
6.5577e-05
6.5541e-05
6.5552e-05
6.5581e-05
6.5547e-05
6.5605e-05
6.5589e-05
6.5597e-05
6.5594e-05
6.5558e-05
6.5585e-05
6.555e-05
6.5583e-05
6.561e-05
6.5569e-05
6.5582e-05
6.5594e-05
6.5612e-05
6.5597e-05
6.5711e-05
6.5678e-05
6.5558e-05
6.5628e-05
6.5574e-05
6.5616e-05
6.5607e-05
6.5596e-05
6.559e-05
6.5606e-05
6.5619e-05
6.5621e-05
6.5571e-05
6.5556e-05
6.5591e-05
6.5636e-05
6.5606e-05
6.5574e-05
6.5599e-05
6.5563e-05
6.5586e-05
6.5619e-05
6.5624e-05
6.561e-05
6.5594e-05
6.56e-05
6.5589e-05
6.5597e-05
6.5589e-05
6.5585e-05
6.5617e-05
6.5569e-05
6.5592e-05
6.5534e-05
6.5639e-05
6.5622e-05
6.5614e-05
6.5572e-05
6.5612e-05
6.569e-05
6.5589e-05
6.5595e-05
6.5588e-05
6.5605e-05
6.5581e-05
6.5606e-05
6.5568e-05
6.5597e-05
6.5621e-05
6.5582e-05
6.5597e-05
6.5627e-05
6.5569e-05
6.5577e-05
6.5602e-05
6.5536e-05
6.5619e-05
6.5582e-05
6.5591e-05
6.5606e-05
6.5597e-05
6.5629e-05
6.556e-05
6.5608e-05
6.5634e-05
6.5589e-05
6.56e-05
6.5618e-05
6.5599e-05
6.5565e-05
6.5587e-05
6.5561e-05
7.3617e-05
0.000106996
6.5784e-05
6.5639e-05
6.5637e-05
6.5618e-05
6.5606e-05
6.5573e-05
6.5623e-05
6.5579e-05
6.5589e-05
6.5584e-05
6.5561e-05
6.56e-05
6.5596e-05
6.5601e-05
6.5594e-05
6.5584e-05
6.559e-05
6.5619e-05
6.5583e-05
7.4328e-05
6.5687e-05
6.5642e-05
6.5575e-05
6.5568e-05
6.5612e-05
6.5612e-05
6.5629e-05
6.5582e-05
6.5586e-05
6.5576e-05
6.5599e-05
6.559e-05
6.5626e-05
6.5576e-05
6.5621e-05
6.5601e-05
7.1754e-05
6.5738e-05
6.5632e-05
6.5593e-05
6.5613e-05
6.5589e-05
6.5593e-05
6.5566e-05
6.5594e-05
6.5592e-05
6.5574e-05
6.5603e-05
6.5613e-05
6.5564e-05
6.5561e-05
6.558e-05
6.557e-05
6.5577e-05
6.5612e-05
6.5578e-05
6.5601e-05
6.5572e-05
6.5601e-05
6.5612e-05
6.559e-05
6.5596e-05
6.5602e-05
6.5614e-05
6.5608e-05
6.5586e-05
6.5605e-05
6.561e-05
6.5535e-05
6.555e-05
6.5577e-05
6.5587e-05
6.563e-05
6.558e-05
6.5591e-05
6.5575e-05
6.5566e-05
6.5603e-05
6.5552e-05
6.5576e-05
6.5599e-05
6.564e-05
6.5564e-05
6.5573e-05
6.5577e-05
6.5613e-05
6.5567e-05
6.5542e-05
6.5584e-05
6.5575e-05
6.5587e-05
6.5603e-05
6.5613e-05
6.5596e-05
6.5584e-05
6.5619e-05
6.5576e-05
6.5595e-05
6.5578e-05
6.556e-05
6.561e-05
6.5533e-05
6.5598e-05
6.5591e-05
6.5633e-05
6.5584e-05
6.559e-05
6.5608e-05
6.557e-05
6.5578e-05
6.5611e-05
7.5109e-05
6.5694e-05
6.5659e-05
6.5575e-05
6.5644e-05
6.5585e-05
6.5618e-05
6.5606e-05
6.5585e-05
6.5577e-05
6.5612e-05
6.5589e-05
6.559e-05
6.557e-05
6.5602e-05
6.5584e-05
6.5603e-05
6.5611e-05
6.5608e-05
6.5575e-05
6.5603e-05
6.5622e-05
6.5616e-05
6.5587e-05
6.563e-05
6.557e-05
6.563e-05
6.5571e-05
6.5536e-05
6.5598e-05
6.5583e-05
6.5589e-05
6.5619e-05
6.5608e-05
6.5608e-05
6.5613e-05
6.5644e-05
6.5586e-05
6.5594e-05
6.5588e-05
6.5614e-05
6.5606e-05
6.5618e-05
6.5573e-05
6.5546e-05
6.5604e-05
6.5605e-05
6.56e-05
6.5622e-05
6.5584e-05
6.5539e-05
6.558e-05
6.5582e-05
6.5602e-05
6.5587e-05
6.5607e-05
6.5599e-05
6.5568e-05
6.5595e-05
6.5579e-05
6.5546e-05
6.5612e-05
6.5612e-05
6.5596e-05
6.5578e-05
6.5626e-05
6.5597e-05
6.5591e-05
6.56e-05
6.5599e-05
6.5566e-05
6.5608e-05
6.5599e-05
6.5642e-05
6.5596e-05
7.2193e-05
6.5694e-05
6.5633e-05
6.559e-05
6.5587e-05
6.5569e-05
6.5565e-05
6.5621e-05
6.5596e-05
6.5583e-05
6.5576e-05
6.5625e-05
6.5565e-05
6.5613e-05
6.5597e-05
6.5637e-05
6.5612e-05
6.5568e-05
6.5611e-05
6.5608e-05
6.5595e-05
6.5596e-05
6.5577e-05
6.5665e-05
6.5596e-05
6.5592e-05
6.5616e-05
6.5577e-05
6.5602e-05
6.5594e-05
6.5643e-05
6.5585e-05
6.5598e-05
6.5593e-05
6.5606e-05
6.5629e-05
6.554e-05
6.5596e-05
6.557e-05
6.5596e-05
6.5602e-05
7.4133e-05
7.3016e-05
6.596e-05
6.5665e-05
6.6623e-05
6.5564e-05
6.5534e-05
6.562e-05
6.5589e-05
6.5582e-05
6.5617e-05
6.5575e-05
6.5562e-05
6.561e-05
6.5617e-05
6.5603e-05
6.5575e-05
6.5613e-05
6.5557e-05
6.5594e-05
6.5618e-05
7.3856e-05
6.5708e-05
6.5682e-05
6.5647e-05
6.5627e-05
6.5611e-05
6.5535e-05
6.5629e-05
6.5545e-05
6.5606e-05
6.5583e-05
6.5608e-05
6.5649e-05
7.1641e-05
6.5707e-05
6.5655e-05
6.5617e-05
6.5596e-05
6.5626e-05
6.5588e-05
6.5598e-05
6.5574e-05
6.5559e-05
6.5587e-05
6.5615e-05
6.5587e-05
6.5592e-05
6.5619e-05
6.5628e-05
6.5569e-05
6.5601e-05
6.5611e-05
6.5599e-05
6.5603e-05
6.5649e-05
6.556e-05
6.5606e-05
6.5615e-05
6.5589e-05
6.5578e-05
6.5589e-05
6.5573e-05
6.558e-05
6.5614e-05
6.5618e-05
6.5554e-05
6.5566e-05
6.5538e-05
6.5587e-05
6.5585e-05
6.561e-05
6.5581e-05
6.561e-05
6.5574e-05
6.5551e-05
6.5564e-05
6.5615e-05
6.5648e-05
6.5576e-05
6.5609e-05
6.5576e-05
6.5597e-05
6.5622e-05
6.5593e-05
6.5601e-05
6.5593e-05
6.5604e-05
6.5607e-05
6.5574e-05
6.556e-05
6.5563e-05
6.5598e-05
6.5582e-05
6.5576e-05
6.5618e-05
6.5571e-05
6.5628e-05
6.5606e-05
6.5587e-05
6.5599e-05
6.5621e-05
6.559e-05
6.5603e-05
7.4785e-05
6.5719e-05
6.5656e-05
