#time [s]
0.001136221
0.001138576
0.001181242
0.001146289
0.001166447
0.001290865
0.001137072
0.001134852
0.001219226
0.001177196
0.001137147
0.001174843
0.001138129
0.001136164
0.001156023
0.001147811
0.001159393
0.001139569
0.001211406
0.001139266
0.00118718
0.001177707
0.001135755
0.001142457
0.001149608
0.00114663
0.001151189
0.001166224
0.001136831
0.001138127
0.001142355
0.001151866
0.001297116
0.001172135
0.001150183
0.001135792
0.001141842
0.001173236
0.001188653
0.001153054
0.001171522
0.001158145
0.001163785
0.001153585
0.001301401
0.001190269
0.001198852
0.001137774
0.001140081
0.001141134
0.001145065
0.001148212
0.001157022
0.001167829
0.001152509
0.001246378
0.001194184
0.00113528
0.001144312
0.00115272
0.001179255
0.001144998
0.001150779
0.001154515
0.001142135
0.001150528
0.001147075
0.001263886
0.001172969
0.001137282
0.001144126
0.001141744
0.001150827
0.001185536
0.001139659
0.001142694
0.001169627
0.0011411
0.001150786
0.001270715
0.001179665
0.001140544
0.001159938
0.001142537
0.001151608
0.001181206
0.00114095
0.001153998
0.001169828
0.00114883
0.001144307
0.001287994
0.001187512
0.001138263
0.001158654
0.001150876
0.001146157
0.00118338
0.00114141
0.001143797
0.001165795
0.001142519
0.001145947
0.001299421
0.001143149
0.001137029
0.001151433
0.001146664
0.001144302
0.001178812
0.001148057
0.001144046
0.001165702
0.001149711
0.001147503
0.001225575
0.001186958
0.001137055
0.00119444
0.001137375
0.00114978
0.001166894
0.001155789
0.001163929
0.001165085
0.001143292
0.001148569
0.001292103
0.001138863
0.001133855
0.001152759
0.001166627
0.001149896
0.00118226
0.001136047
0.00113657
0.001166949
0.001145647
0.001142727
0.001216663
0.001136995
0.001141398
0.00115189
0.001149957
0.001152426
0.001176091
0.001141343
0.001153608
0.001174006
0.001141976
0.001149258
0.001306443
0.001160493
0.001177495
0.001151154
0.001146
0.001143063
0.001175006
0.001146817
0.00115852
0.001165928
0.001143719
0.001145958
0.00125417
0.001139565
0.001138503
0.001153222
0.00114321
0.001150381
0.001183739
0.001151153
0.001149655
0.001166849
0.001155537
0.001146014
0.001246424
0.001186046
0.001155686
0.001177027
0.001137028
0.001146522
0.001183507
0.001222418
0.001134614
0.001159836
0.001135212
0.001136023
0.001246205
0.001135129
0.001179072
0.001152583
0.001143994
0.001139927
0.00118617
0.00115982
0.001134523
0.001154045
0.001138485
0.001145773
0.001231267
0.001136999
0.001175058
0.001151601
0.001148184
0.001151566
0.00117137
0.001162913
0.001142467
0.001169116
0.001146145
0.001159341
0.001168053
0.001271902
0.001181174
0.001150855
0.001144447
0.001147016
0.001180046
0.001154666
0.001150127
0.001179157
0.001160544
0.001153748
0.001169343
0.00113412
0.001173146
0.001152427
0.001146721
0.001142501
0.001175471
0.001154812
0.001136759
0.001161987
0.001138524
0.001151179
0.001168039
0.00113527
0.00118134
0.001150687
0.001141738
0.001149159
0.001154863
0.001154913
0.001134833
0.001137373
0.0011398
0.001151987
0.001213148
0.001179091
0.001141682
0.001153319
0.001138219
0.001163564
0.001167742
0.001147418
0.001148026
0.001168028
0.001153564
0.001161394
0.00125566
0.001176163
0.001138405
0.001158141
0.001145158
0.001145946
0.001182137
0.001141864
0.001154069
0.001166142
0.001140789
0.00114459
0.001285648
0.001135549
0.001160015
0.001156162
0.001142983
0.001148103
0.00117514
0.001155099
0.001134033
0.001161085
0.001150973
0.001161211
0.0013238
0.001136742
0.001178807
0.001153832
0.001138562
0.001163104
0.001146767
0.001144178
0.001163065
0.001159086
0.001151419
0.001152825
0.001230492
0.001174829
0.001148975
0.001207964
0.001133933
0.001172339
0.001147089
0.00115779
0.00116882
0.001164995
0.00114644
0.001181611
0.001296368
0.00117967
0.001152324
0.001146645
0.001142415
0.001180467
0.001146099
0.001133395
0.001156747
0.001139881
0.001144041
0.001186696
0.001215188
0.001184652
0.001156835
0.001140779
0.001144611
0.001179763
0.001148395
0.001137978
0.001155183
0.00113859
0.001149334
0.001248723
0.001137042
0.001160117
0.001183138
0.001138791
0.001149287
0.001150528
0.001146655
0.001146572
0.001148769
0.001151107
0.001150655
0.001159352
0.001230625
0.001181448
0.001151015
0.00113804
0.001139109
0.001178831
0.001150037
0.001141506
0.001181409
0.001148985
0.00114197
0.001142866
0.001243709
0.001176283
0.001150835
0.001182917
0.001135932
0.001146524
0.001144087
0.001149073
0.001150858
0.001151459
0.00114912
0.001134021
0.001343201
0.001223703
0.001229352
0.001231046
0.001208188
0.0012423
0.001222357
0.001218265
0.001226879
0.001291116
0.001218172
0.001243178
0.001233016
0.001136124
0.001164384
0.001142417
0.001147159
0.001179987
0.001141966
0.001144928
0.001169285
0.001149936
0.00114188
0.001385004
0.001136799
0.001212324
0.001134474
0.00114152
0.001137658
0.001136868
0.001182759
0.001149603
0.001188557
0.001172896
0.001145338
0.001296345
0.001154689
0.001183623
0.001135881
0.001135894
0.001140075
0.001151109
0.001148686
0.001142218
0.001149252
0.001152151
0.001150794
0.001145377
0.001273632
0.001152365
0.001194378
0.001135405
0.001137285
0.00114195
0.001152378
0.001139832
0.001146765
0.001144988
0.001155295
0.001134553
0.001137016
0.001264108
0.001174168
0.001134737
0.001136354
0.001141207
0.001146214
0.001157796
0.001148318
0.00114412
0.001153572
0.001154215
0.001149811
0.001279438
0.001238253
0.001134579
0.001144958
0.001150641
0.001145653
0.001156159
0.001152484
0.001142484
0.001159212
0.001148997
0.001143174
0.001187756
0.001179501
0.001142437
0.001141832
0.001149733
0.001154762
0.001178236
0.001137756
0.001136847
0.001164224
0.001152285
0.001139003
0.001278471
0.001178721
0.001136843
0.001143918
0.001150908
0.001145667
0.00118598
0.001148265
0.001150568
0.001164184
0.001147976
0.001142301
0.001286813
0.001135633
0.001136777
0.001150376
0.001139442
0.001153722
0.001180822
0.001151709
0.001150301
0.001173256
0.001140507
0.001142059
0.001321633
0.001205469
0.001137675
0.001153737
0.001146956
0.001147015
0.001176797
0.001145376
0.001139084
0.001159852
0.001155123
0.001165532
0.001266651
0.001135801
0.001133784
0.001155305
0.001138081
0.001144645
0.00118164
0.001140949
0.001151139
0.001170302
0.001173155
0.001134765
0.001274645
0.001134711
0.001139227
0.001153157
0.001148997
0.001173534
0.001158122
0.001142128
0.001141071
0.001164302
0.001152738
0.001140657
0.001254665
0.001137978
0.001179378
0.001151701
0.001147298
0.001140912
0.001177393
0.001160001
0.001148569
0.001158219
0.001142055
0.001145194
0.001170931
0.001135541
0.001173945
0.001150645
0.001149661
0.001151552
0.001181308
0.00115492
0.00114942
0.00116664
0.001149542
0.001142733
0.001183444
0.001134823
0.001174127
0.00115321
0.001135281
0.001141074
0.001144918
0.001157002
0.001155742
0.001154918
0.001157908
0.001150439
0.001155346
0.001215454
0.001199626
0.001137429
0.001140859
0.001140875
0.001144948
0.00116654
0.001146173
0.001153728
0.001148074
0.001149253
0.001146165
0.001158938
0.001185716
0.001135882
0.001139589
0.001141901
0.001148581
0.001154729
0.001149852
0.001172633
0.001146995
0.001151698
0.001162437
0.001242237
0.001153109
0.001155742
0.001133429
0.001139734
0.001176226
0.001144765
0.001157125
0.001167959
0.001143242
0.001147718
0.001158808
0.001299844
0.001163782
0.001139631
0.001150915
0.001147402
0.001151712
0.001151201
0.001136359
0.001139465
0.001141323
0.001143876
0.001291417
0.001218951
0.001151502
0.001135194
0.001143602
0.001173648
0.001157994
0.001134872
0.001155418
0.001140607
0.001152929
0.001150345
0.001206532
0.001362825
0.001243682
0.001253673
0.001138013
0.001184444
0.001151821
0.001154404
0.001213831
0.00113332
0.001225418
0.001246054
0.001159295
0.001181445
0.001154144
0.0011438
0.001144624
0.001185842
0.001147822
0.001149177
0.001169876
0.001143214
0.00114723
0.001189835
0.00118941
0.00118251
0.001160203
0.001143493
0.001153249
0.001187806
0.001154291
0.001150517
0.001172642
0.00113524
0.001136747
0.001225983
0.001161948
0.001184025
0.001152362
0.001153612
0.001142648
0.001154511
0.001158935
0.001152289
0.00114525
0.001149283
0.001141468
0.001144681
0.001138203
0.001142207
0.001144369
0.001138721
0.001154211
0.001153673
0.001155715
0.001144489
0.001150391
0.001185968
0.001151918
0.001272077
0.001178907
0.001201316
0.00113541
0.001187244
0.001161236
0.001144519
0.001153285
0.001209757
0.001134153
0.001135342
0.001159705
0.001185287
0.001176696
0.001149899
0.001144193
0.001148784
0.001177749
0.001146984
0.001158047
0.001165851
0.001156015
0.001147715
0.001247799
0.001138053
0.001179926
0.001135164
0.001144491
0.001147261
0.001150625
0.001147644
0.001150737
0.001140864
0.00114952
0.001146492
0.001216242
0.001176447
0.001150648
0.001140252
0.001152299
0.001170129
0.001149745
0.001149908
0.001153351
0.001149445
0.001139835
0.00114715
0.001336312
0.001186671
0.001227781
0.001134781
0.001132285
0.001137711
0.001147982
0.001148608
0.00115644
0.00117188
0.001143138
0.001178863
0.001147088
0.00118381
0.001142203
0.001150083
0.00115611
0.001151605
0.001140292
0.001142412
0.001145238
0.001143051
0.001143314
0.001146402
0.001260713
0.00117934
0.001135139
0.001137076
0.001144029
0.001145868
0.001159479
0.001142084
0.001151329
0.001149253
0.001142607
0.001143236
0.001290266
0.001186209
0.00113513
0.001136493
0.001141993
0.001149328
0.001192215
0.001151377
0.001149708
0.001174943
0.001150698
0.001150877
0.001246246
0.001175624
0.001138294
0.001156226
0.00114483
0.001151067
0.001181529
0.001150453
0.001142759
0.001148745
0.001141734
0.001160978
0.001270961
0.001179007
0.001152831
0.001144753
0.001142432
0.001169207
0.001150373
0.001149239
0.001169595
0.001155901
0.001153906
0.001151865
0.00124092
0.001205654
0.001147929
0.001145171
0.001142022
0.001175665
0.001147004
0.001154507
0.001171589
0.001157075
0.001141337
0.001228883
0.001177163
0.001139015
0.001165481
0.001143846
0.001155643
0.001176216
0.001140219
0.001142948
0.001179643
0.001139604
0.001143037
0.001357333
0.001135387
0.001139723
0.001160948
0.001142168
0.001144719
0.001175454
0.00114032
0.001153078
0.001180753
0.001148775
0.001140817
0.001229689
0.00118495
0.001136302
0.001160661
0.001149357
0.001156385
0.001173139
0.001149552
0.001154858
0.001213737
0.001159198
0.001136162
0.001269957
0.001139783
0.001147884
0.001154473
0.001141063
0.001187573
0.001160239
0.001147341
0.001149442
0.001172369
0.00116102
0.001149977
0.001257451
0.001141665
0.001175254
0.0011489
0.001145826
0.001150031
0.001179414
0.001155649
0.00113444
0.001154045
0.001142874
0.001144528
0.001191571
0.00113583
0.001175977
0.001154738
0.001139638
0.001148218
0.001185622
0.001155113
0.001133786
0.001156658
0.001139801
0.001148682
0.001234255
0.001144481
0.00114107
0.001167881
0.001143955
0.001157491
0.001220063
0.001176328
0.001138299
0.001175288
0.001173672
0.001149491
0.001290368
0.001138779
0.001181854
0.001155826
0.001138957
0.001147545
0.001186229
0.001152201
0.001150326
0.001163806
0.00120035
0.001135881
0.001295169
0.001150909
0.001189801
0.001134194
0.001139464
0.00116648
0.001148454
0.001149293
0.001171471
0.001155306
0.001222514
0.001158924
0.001213106
0.001238315
0.001172994
0.001149118
0.001140718
0.001187753
0.001164647
0.001143383
0.001174987
0.00113549
0.001135165
0.001226406
0.00113444
0.001153992
0.001163541
0.001148929
0.00114035
0.001170896
0.001157278
0.001134964
0.001167722
0.001152075
0.001143202
0.001255979
0.00113754
0.001162034
0.001155091
0.001136281
0.001147947
0.001178137
0.001139573
0.001135049
0.001156921
0.001146932
0.001149292
0.001259719
0.001181676
0.00113597
0.001164107
0.001135819
0.001142313
0.001144302
0.001133102
0.001158931
0.001145411
0.001151351
0.001280301
0.001320074
0.001175066
0.001148881
0.001136432
0.001144632
0.001148357
0.001140046
0.001147531
0.001144006
0.001146817
0.00114009
0.001146046
0.001294054
0.001135186
0.001138419
0.001151273
0.001146118
0.001156727
0.001149113
0.001143505
0.001148309
0.001152108
0.001152689
0.001286008
0.00118631
0.001151538
0.001138658
0.001152592
0.001177415
0.001151413
0.001151322
0.001165529
0.001148042
0.00115146
0.001172784
0.001258693
