#time [s]
1.757e-06
1.709e-06
1.687e-06
1.66e-06
1.65e-06
1.618e-06
1.617e-06
1.617e-06
1.621e-06
1.621e-06
1.622e-06
1.621e-06
1.624e-06
1.624e-06
1.624e-06
1.623e-06
1.625e-06
1.624e-06
1.622e-06
1.62e-06
1.617e-06
1.619e-06
1.622e-06
1.616e-06
1.623e-06
1.621e-06
1.624e-06
1.626e-06
1.628e-06
1.623e-06
1.628e-06
1.621e-06
1.628e-06
1.623e-06
1.621e-06
1.62e-06
1.616e-06
1.618e-06
1.619e-06
1.615e-06
1.618e-06
1.616e-06
1.619e-06
1.621e-06
1.619e-06
1.629e-06
1.627e-06
1.63e-06
1.623e-06
1.621e-06
1.655e-06
1.62e-06
1.62e-06
1.618e-06
1.615e-06
1.614e-06
1.621e-06
1.619e-06
1.619e-06
1.62e-06
1.622e-06
1.622e-06
1.622e-06
1.622e-06
1.624e-06
1.619e-06
1.62e-06
1.618e-06
1.62e-06
1.616e-06
1.616e-06
1.617e-06
1.62e-06
1.621e-06
1.618e-06
1.623e-06
1.624e-06
1.622e-06
1.623e-06
1.625e-06
1.625e-06
1.623e-06
1.622e-06
1.62e-06
1.621e-06
1.62e-06
1.615e-06
1.619e-06
1.62e-06
1.637e-06
1.619e-06
1.623e-06
1.624e-06
1.623e-06
1.622e-06
1.624e-06
1.625e-06
1.62e-06
1.62e-06
1.62e-06
1.621e-06
1.619e-06
1.617e-06
1.618e-06
1.621e-06
1.62e-06
1.619e-06
1.622e-06
1.625e-06
1.62e-06
1.624e-06
1.625e-06
1.624e-06
1.623e-06
1.62e-06
1.622e-06
1.621e-06
1.618e-06
1.615e-06
1.618e-06
1.62e-06
1.621e-06
1.621e-06
1.623e-06
1.624e-06
1.623e-06
1.623e-06
1.624e-06
1.625e-06
1.622e-06
1.619e-06
1.621e-06
1.621e-06
1.64e-06
1.616e-06
1.615e-06
1.62e-06
1.616e-06
1.618e-06
1.619e-06
1.624e-06
1.621e-06
1.622e-06
1.621e-06
1.625e-06
1.619e-06
1.619e-06
1.618e-06
1.621e-06
1.616e-06
1.615e-06
1.616e-06
1.621e-06
1.617e-06
1.618e-06
1.619e-06
1.624e-06
1.621e-06
1.622e-06
1.621e-06
1.624e-06
1.62e-06
1.617e-06
1.618e-06
1.621e-06
1.615e-06
1.615e-06
1.615e-06
1.62e-06
1.618e-06
1.618e-06
1.619e-06
1.624e-06
1.646e-06
1.622e-06
1.624e-06
1.625e-06
1.62e-06
1.619e-06
1.62e-06
1.621e-06
1.617e-06
1.615e-06
1.618e-06
1.621e-06
1.617e-06
1.618e-06
1.622e-06
1.624e-06
1.62e-06
1.622e-06
1.624e-06
1.625e-06
1.62e-06
1.619e-06
1.62e-06
1.621e-06
1.616e-06
1.616e-06
1.618e-06
1.619e-06
1.618e-06
1.619e-06
1.621e-06
1.624e-06
1.622e-06
1.623e-06
1.624e-06
1.624e-06
1.62e-06
1.62e-06
1.62e-06
1.621e-06
1.616e-06
1.615e-06
1.618e-06
1.62e-06
1.618e-06
1.619e-06
1.621e-06
1.624e-06
1.622e-06
1.623e-06
1.625e-06
1.625e-06
1.619e-06
1.62e-06
1.621e-06
1.62e-06
1.616e-06
1.616e-06
1.618e-06
1.62e-06
1.618e-06
1.619e-06
1.621e-06
1.624e-06
1.621e-06
1.622e-06
1.624e-06
1.625e-06
1.62e-06
1.62e-06
1.62e-06
1.62e-06
1.617e-06
1.616e-06
1.618e-06
1.62e-06
1.618e-06
1.618e-06
1.622e-06
1.624e-06
1.621e-06
1.622e-06
1.626e-06
1.625e-06
1.62e-06
1.618e-06
1.621e-06
1.621e-06
1.616e-06
1.615e-06
1.619e-06
1.621e-06
1.618e-06
1.618e-06
1.623e-06
1.623e-06
1.622e-06
1.622e-06
1.625e-06
1.625e-06
1.62e-06
1.619e-06
1.621e-06
1.621e-06
1.617e-06
1.615e-06
1.619e-06
1.621e-06
1.617e-06
1.618e-06
1.622e-06
1.624e-06
1.621e-06
1.621e-06
1.625e-06
1.624e-06
1.621e-06
1.619e-06
1.621e-06
1.622e-06
1.617e-06
1.615e-06
1.619e-06
1.62e-06
1.618e-06
1.618e-06
1.622e-06
1.623e-06
1.621e-06
1.622e-06
1.624e-06
1.625e-06
1.621e-06
1.62e-06
1.621e-06
1.622e-06
1.616e-06
1.616e-06
1.618e-06
1.62e-06
1.618e-06
1.619e-06
1.621e-06
1.624e-06
1.622e-06
1.622e-06
1.625e-06
1.625e-06
1.62e-06
1.619e-06
1.621e-06
1.62e-06
1.617e-06
1.616e-06
1.619e-06
1.62e-06
1.618e-06
1.618e-06
1.622e-06
1.623e-06
1.622e-06
1.623e-06
1.627e-06
1.625e-06
1.62e-06
1.618e-06
1.622e-06
1.621e-06
1.617e-06
1.615e-06
1.619e-06
1.62e-06
1.619e-06
1.618e-06
1.621e-06
1.624e-06
1.621e-06
1.622e-06
1.624e-06
1.625e-06
1.621e-06
1.62e-06
1.62e-06
1.62e-06
1.617e-06
1.616e-06
1.617e-06
1.62e-06
1.617e-06
1.619e-06
1.621e-06
1.624e-06
1.621e-06
1.622e-06
1.624e-06
1.625e-06
1.621e-06
1.62e-06
1.621e-06
1.622e-06
1.617e-06
1.616e-06
1.618e-06
1.62e-06
1.617e-06
1.619e-06
1.621e-06
1.623e-06
1.622e-06
1.622e-06
1.625e-06
1.625e-06
1.62e-06
1.62e-06
1.621e-06
1.62e-06
1.617e-06
1.616e-06
1.618e-06
1.621e-06
1.618e-06
1.619e-06
1.621e-06
1.623e-06
1.621e-06
1.623e-06
1.624e-06
1.624e-06
1.62e-06
1.62e-06
1.62e-06
1.62e-06
1.617e-06
1.615e-06
1.618e-06
1.62e-06
1.618e-06
1.618e-06
1.622e-06
1.624e-06
1.621e-06
1.623e-06
1.623e-06
1.626e-06
1.621e-06
1.619e-06
1.62e-06
1.62e-06
1.617e-06
1.616e-06
1.618e-06
1.62e-06
1.618e-06
1.619e-06
1.621e-06
1.624e-06
1.621e-06
1.622e-06
1.625e-06
1.625e-06
1.62e-06
1.619e-06
1.622e-06
1.621e-06
1.616e-06
1.616e-06
1.617e-06
1.62e-06
1.618e-06
1.619e-06
1.621e-06
1.623e-06
1.621e-06
1.623e-06
1.624e-06
1.624e-06
1.62e-06
1.618e-06
1.621e-06
1.621e-06
1.616e-06
1.616e-06
1.617e-06
1.62e-06
1.617e-06
1.618e-06
1.621e-06
1.623e-06
1.621e-06
1.621e-06
1.624e-06
1.624e-06
1.62e-06
1.62e-06
1.621e-06
1.621e-06
1.617e-06
1.616e-06
1.617e-06
1.62e-06
1.617e-06
1.618e-06
1.622e-06
1.624e-06
1.621e-06
1.622e-06
1.625e-06
1.626e-06
1.621e-06
1.62e-06
1.62e-06
1.621e-06
1.618e-06
1.616e-06
1.617e-06
1.62e-06
1.618e-06
1.619e-06
1.622e-06
1.624e-06
1.621e-06
1.623e-06
1.625e-06
1.625e-06
1.62e-06
1.619e-06
1.621e-06
1.621e-06
1.617e-06
1.617e-06
1.617e-06
1.62e-06
1.618e-06
1.619e-06
1.621e-06
1.624e-06
1.622e-06
1.622e-06
1.624e-06
1.624e-06
1.62e-06
1.619e-06
1.621e-06
1.622e-06
1.616e-06
1.616e-06
1.618e-06
1.62e-06
1.617e-06
1.619e-06
1.621e-06
1.623e-06
1.621e-06
1.623e-06
1.624e-06
1.625e-06
1.62e-06
1.62e-06
1.621e-06
1.621e-06
1.616e-06
1.616e-06
1.618e-06
1.62e-06
1.617e-06
1.618e-06
1.621e-06
1.624e-06
1.621e-06
1.622e-06
1.625e-06
1.625e-06
1.621e-06
1.62e-06
1.62e-06
1.621e-06
1.617e-06
1.615e-06
1.618e-06
1.62e-06
1.617e-06
1.619e-06
1.622e-06
1.623e-06
1.621e-06
1.622e-06
1.625e-06
1.625e-06
1.621e-06
1.619e-06
1.62e-06
1.621e-06
1.617e-06
1.616e-06
1.617e-06
1.62e-06
1.616e-06
1.619e-06
1.621e-06
1.624e-06
1.622e-06
1.622e-06
1.623e-06
1.623e-06
1.62e-06
1.619e-06
1.62e-06
1.621e-06
1.617e-06
1.616e-06
1.617e-06
1.62e-06
1.618e-06
1.619e-06
1.621e-06
1.623e-06
1.621e-06
1.623e-06
1.624e-06
1.625e-06
1.62e-06
1.62e-06
1.621e-06
1.62e-06
1.617e-06
1.616e-06
1.617e-06
1.62e-06
1.618e-06
1.618e-06
1.622e-06
1.624e-06
1.621e-06
1.622e-06
1.625e-06
1.626e-06
1.621e-06
1.62e-06
1.62e-06
1.62e-06
1.618e-06
1.616e-06
1.617e-06
1.619e-06
1.617e-06
1.618e-06
1.621e-06
1.624e-06
1.621e-06
1.622e-06
1.623e-06
1.624e-06
1.62e-06
1.621e-06
1.62e-06
1.622e-06
1.617e-06
1.616e-06
1.618e-06
1.62e-06
1.617e-06
1.619e-06
1.622e-06
1.624e-06
1.62e-06
1.622e-06
1.625e-06
1.624e-06
1.62e-06
1.619e-06
1.621e-06
1.622e-06
1.616e-06
1.616e-06
1.618e-06
1.62e-06
1.618e-06
1.619e-06
1.622e-06
1.623e-06
1.621e-06
1.623e-06
1.625e-06
1.625e-06
1.621e-06
1.62e-06
1.621e-06
1.621e-06
1.616e-06
1.617e-06
1.618e-06
1.62e-06
1.617e-06
1.618e-06
1.622e-06
1.622e-06
1.621e-06
1.622e-06
1.625e-06
1.626e-06
1.622e-06
1.619e-06
1.621e-06
1.621e-06
1.616e-06
1.616e-06
1.617e-06
1.62e-06
1.617e-06
1.618e-06
1.621e-06
1.624e-06
1.62e-06
1.622e-06
1.624e-06
1.625e-06
1.62e-06
1.62e-06
1.622e-06
1.62e-06
1.618e-06
1.616e-06
1.618e-06
1.62e-06
1.618e-06
1.618e-06
1.621e-06
1.624e-06
1.62e-06
1.622e-06
1.625e-06
1.625e-06
1.62e-06
1.62e-06
1.62e-06
1.621e-06
1.617e-06
1.616e-06
1.618e-06
1.62e-06
1.618e-06
1.62e-06
1.621e-06
1.624e-06
1.622e-06
1.623e-06
1.624e-06
1.625e-06
1.62e-06
1.62e-06
1.62e-06
1.621e-06
1.618e-06
1.617e-06
1.617e-06
1.619e-06
1.617e-06
1.619e-06
1.621e-06
1.624e-06
1.621e-06
1.623e-06
1.625e-06
1.624e-06
1.62e-06
1.62e-06
1.62e-06
1.622e-06
1.618e-06
1.616e-06
1.617e-06
1.619e-06
1.617e-06
1.619e-06
1.621e-06
1.623e-06
1.62e-06
1.622e-06
1.625e-06
1.626e-06
1.621e-06
1.62e-06
1.622e-06
1.621e-06
1.616e-06
1.616e-06
1.617e-06
1.62e-06
1.618e-06
1.617e-06
1.622e-06
1.624e-06
1.621e-06
1.621e-06
1.626e-06
1.625e-06
1.621e-06
1.619e-06
1.621e-06
1.622e-06
1.616e-06
1.615e-06
1.618e-06
1.62e-06
1.617e-06
1.618e-06
1.622e-06
1.623e-06
1.622e-06
1.621e-06
1.625e-06
1.626e-06
1.621e-06
1.619e-06
1.621e-06
1.622e-06
1.617e-06
1.615e-06
1.618e-06
1.619e-06
1.617e-06
1.618e-06
1.622e-06
1.624e-06
1.622e-06
1.621e-06
1.625e-06
1.625e-06
1.622e-06
1.619e-06
1.621e-06
1.622e-06
1.617e-06
1.615e-06
1.619e-06
1.62e-06
1.618e-06
1.618e-06
1.622e-06
1.623e-06
1.62e-06
1.622e-06
1.625e-06
1.626e-06
1.621e-06
1.62e-06
1.622e-06
1.622e-06
1.617e-06
1.617e-06
1.617e-06
1.62e-06
1.618e-06
1.619e-06
1.621e-06
1.624e-06
1.62e-06
1.622e-06
1.625e-06
1.626e-06
1.621e-06
1.62e-06
1.622e-06
1.621e-06
1.617e-06
1.617e-06
1.617e-06
1.62e-06
1.618e-06
1.618e-06
1.622e-06
1.625e-06
1.621e-06
1.622e-06
1.624e-06
1.624e-06
1.621e-06
1.62e-06
1.621e-06
1.621e-06
1.616e-06
1.616e-06
1.618e-06
1.62e-06
1.617e-06
1.618e-06
1.621e-06
1.623e-06
1.621e-06
1.621e-06
1.626e-06
1.624e-06
1.621e-06
1.619e-06
1.621e-06
1.622e-06
1.617e-06
1.616e-06
1.618e-06
1.619e-06
1.617e-06
1.617e-06
1.622e-06
1.623e-06
1.62e-06
1.621e-06
1.626e-06
1.625e-06
1.621e-06
1.619e-06
1.621e-06
1.622e-06
1.617e-06
1.615e-06
1.618e-06
1.62e-06
1.617e-06
1.618e-06
1.622e-06
1.623e-06
1.62e-06
1.621e-06
1.625e-06
1.625e-06
1.621e-06
1.62e-06
1.621e-06
1.621e-06
1.617e-06
1.616e-06
1.617e-06
1.62e-06
1.617e-06
1.618e-06
1.621e-06
1.623e-06
1.622e-06
1.622e-06
1.625e-06
1.624e-06
1.621e-06
1.62e-06
1.621e-06
1.621e-06
1.617e-06
1.616e-06
1.618e-06
1.62e-06
1.617e-06
1.619e-06
1.622e-06
1.623e-06
1.62e-06
1.623e-06
1.625e-06
1.626e-06
1.621e-06
1.621e-06
1.62e-06
1.621e-06
1.617e-06
1.616e-06
1.618e-06
1.62e-06
1.618e-06
1.618e-06
1.621e-06
1.624e-06
1.621e-06
1.622e-06
1.624e-06
1.625e-06
1.62e-06
1.62e-06
1.622e-06
1.621e-06
1.617e-06
1.617e-06
1.616e-06
1.682e-06
1.623e-06
1.615e-06
1.621e-06
1.619e-06
1.623e-06
1.617e-06
1.62e-06
1.625e-06
8.042e-06
1.754e-06
1.675e-06
1.654e-06
1.642e-06
1.629e-06
1.626e-06
1.62e-06
1.619e-06
1.625e-06
1.621e-06
1.622e-06
1.623e-06
1.621e-06
1.618e-06
1.619e-06
1.622e-06
1.616e-06
1.615e-06
1.617e-06
1.617e-06
1.619e-06
1.626e-06
1.623e-06
1.62e-06
1.62e-06
1.629e-06
1.623e-06
1.626e-06
1.621e-06
1.619e-06
1.618e-06
1.623e-06
1.617e-06
1.615e-06
1.616e-06
1.617e-06
1.618e-06
1.625e-06
