#time [s]
1.496e-06
1.033e-06
9.92e-07
9.84e-07
9.76e-07
9.41e-07
9.39e-07
9.52e-07
9.37e-07
9.36e-07
9.38e-07
9.36e-07
9.32e-07
9.35e-07
9.34e-07
9.33e-07
9.37e-07
9.35e-07
9.3e-07
9.31e-07
9.34e-07
9.37e-07
9.31e-07
9.35e-07
9.34e-07
9.36e-07
9.36e-07
9.4e-07
9.39e-07
9.39e-07
9.37e-07
9.5e-07
9.34e-07
9.48e-07
9.33e-07
9.49e-07
9.33e-07
9.47e-07
9.32e-07
9.46e-07
9.31e-07
9.47e-07
9.32e-07
9.47e-07
9.34e-07
9.47e-07
9.34e-07
9.49e-07
9.34e-07
9.49e-07
9.37e-07
9.36e-07
9.37e-07
9.37e-07
9.41e-07
9.36e-07
9.35e-07
9.36e-07
9.37e-07
9.34e-07
9.34e-07
9.35e-07
9.34e-07
9.34e-07
9.33e-07
9.33e-07
9.33e-07
9.32e-07
9.48e-07
9.31e-07
9.34e-07
9.3e-07
9.34e-07
9.32e-07
9.32e-07
9.33e-07
9.35e-07
9.39e-07
9.37e-07
9.33e-07
9.34e-07
9.34e-07
9.35e-07
9.33e-07
9.35e-07
9.32e-07
9.36e-07
9.32e-07
9.33e-07
9.31e-07
9.32e-07
9.3e-07
9.33e-07
9.31e-07
9.33e-07
9.36e-07
9.33e-07
9.39e-07
9.35e-07
9.33e-07
9.34e-07
9.35e-07
9.36e-07
9.34e-07
9.39e-07
9.35e-07
9.35e-07
9.34e-07
9.35e-07
9.33e-07
9.35e-07
9.32e-07
9.32e-07
9.36e-07
9.33e-07
9.31e-07
9.32e-07
9.3e-07
9.32e-07
9.31e-07
9.33e-07
9.31e-07
9.36e-07
9.31e-07
9.33e-07
9.33e-07
9.35e-07
9.34e-07
9.36e-07
9.33e-07
9.36e-07
9.39e-07
9.35e-07
9.33e-07
9.35e-07
9.32e-07
9.34e-07
9.32e-07
9.33e-07
9.31e-07
9.36e-07
9.31e-07
9.33e-07
9.3e-07
9.32e-07
9.3e-07
9.33e-07
9.31e-07
9.33e-07
9.37e-07
9.34e-07
9.33e-07
9.36e-07
9.32e-07
9.37e-07
9.34e-07
9.36e-07
9.35e-07
9.4e-07
9.32e-07
9.35e-07
9.32e-07
9.34e-07
9.32e-07
9.34e-07
9.31e-07
9.32e-07
9.35e-07
9.33e-07
9.34e-07
9.33e-07
9.35e-07
9.33e-07
9.35e-07
9.34e-07
9.35e-07
9.38e-07
9.36e-07
9.36e-07
9.38e-07
9.36e-07
9.37e-07
9.36e-07
9.39e-07
9.35e-07
9.39e-07
9.51e-07
9.3e-07
9.35e-07
9.33e-07
9.34e-07
9.31e-07
9.33e-07
9.31e-07
9.33e-07
9.36e-07
9.34e-07
9.33e-07
9.34e-07
9.33e-07
9.35e-07
9.34e-07
9.36e-07
9.38e-07
9.36e-07
9.51e-07
9.34e-07
9.5e-07
9.36e-07
9.5e-07
9.34e-07
9.49e-07
9.35e-07
9.49e-07
9.34e-07
9.47e-07
9.33e-07
9.46e-07
9.32e-07
9.46e-07
9.33e-07
9.47e-07
9.33e-07
9.48e-07
9.32e-07
9.48e-07
9.33e-07
9.49e-07
9.34e-07
9.49e-07
9.36e-07
9.36e-07
9.37e-07
9.36e-07
9.36e-07
9.37e-07
9.37e-07
9.35e-07
9.37e-07
9.34e-07
9.34e-07
9.34e-07
9.33e-07
9.34e-07
9.32e-07
9.33e-07
9.32e-07
9.31e-07
9.48e-07
9.31e-07
9.33e-07
9.32e-07
9.34e-07
9.32e-07
9.35e-07
9.34e-07
9.35e-07
9.4e-07
9.36e-07
9.34e-07
9.36e-07
9.33e-07
9.34e-07
9.32e-07
9.34e-07
9.32e-07
9.37e-07
9.32e-07
9.33e-07
9.3e-07
9.32e-07
9.3e-07
9.32e-07
9.3e-07
9.34e-07
9.37e-07
9.33e-07
9.33e-07
9.34e-07
9.33e-07
9.35e-07
9.34e-07
9.35e-07
9.35e-07
9.39e-07
9.34e-07
9.36e-07
9.34e-07
9.35e-07
9.32e-07
9.35e-07
9.31e-07
9.33e-07
9.37e-07
9.33e-07
9.31e-07
9.33e-07
9.3e-07
9.33e-07
9.3e-07
9.32e-07
9.31e-07
9.37e-07
9.32e-07
9.35e-07
9.33e-07
9.35e-07
9.33e-07
9.35e-07
9.35e-07
9.36e-07
9.39e-07
9.36e-07
9.33e-07
9.35e-07
9.32e-07
9.34e-07
9.33e-07
9.33e-07
9.31e-07
9.36e-07
9.3e-07
9.32e-07
9.3e-07
9.32e-07
9.31e-07
9.33e-07
9.31e-07
9.33e-07
9.38e-07
9.34e-07
9.34e-07
9.36e-07
9.34e-07
9.35e-07
9.35e-07
9.37e-07
9.34e-07
9.38e-07
9.34e-07
9.35e-07
9.33e-07
9.34e-07
9.31e-07
9.34e-07
9.32e-07
9.33e-07
9.32e-07
9.32e-07
9.34e-07
9.33e-07
9.35e-07
9.34e-07
9.35e-07
9.33e-07
9.36e-07
9.38e-07
9.37e-07
9.36e-07
9.37e-07
9.35e-07
9.4e-07
9.37e-07
9.37e-07
9.35e-07
9.39e-07
9.5e-07
9.33e-07
9.35e-07
9.33e-07
9.34e-07
9.32e-07
9.34e-07
9.33e-07
9.33e-07
9.34e-07
9.34e-07
9.32e-07
9.34e-07
9.34e-07
9.34e-07
9.33e-07
9.35e-07
9.38e-07
9.36e-07
9.51e-07
9.36e-07
9.5e-07
9.35e-07
9.49e-07
9.34e-07
9.49e-07
9.35e-07
9.49e-07
9.33e-07
9.47e-07
9.33e-07
9.47e-07
9.33e-07
9.47e-07
9.32e-07
9.46e-07
9.32e-07
9.47e-07
9.33e-07
9.48e-07
9.33e-07
9.49e-07
9.34e-07
9.49e-07
9.37e-07
9.36e-07
9.37e-07
9.36e-07
9.36e-07
9.36e-07
9.36e-07
9.35e-07
9.38e-07
9.35e-07
9.36e-07
9.35e-07
9.33e-07
9.33e-07
9.33e-07
9.33e-07
9.32e-07
9.32e-07
9.49e-07
9.31e-07
9.33e-07
9.32e-07
9.34e-07
9.33e-07
9.35e-07
9.33e-07
9.36e-07
9.41e-07
9.37e-07
9.35e-07
9.35e-07
9.33e-07
9.35e-07
9.33e-07
9.34e-07
9.32e-07
9.37e-07
9.3e-07
9.33e-07
9.3e-07
9.32e-07
9.29e-07
9.32e-07
9.3e-07
9.33e-07
9.37e-07
9.33e-07
9.32e-07
9.34e-07
9.32e-07
9.35e-07
9.33e-07
9.35e-07
9.34e-07
9.4e-07
9.34e-07
9.35e-07
9.33e-07
9.36e-07
9.33e-07
9.34e-07
9.31e-07
9.34e-07
9.36e-07
9.33e-07
9.31e-07
9.32e-07
9.3e-07
9.32e-07
9.31e-07
9.33e-07
9.31e-07
9.37e-07
9.32e-07
9.35e-07
9.33e-07
9.35e-07
9.33e-07
9.35e-07
9.34e-07
9.36e-07
9.4e-07
9.36e-07
9.32e-07
9.35e-07
9.32e-07
9.34e-07
9.31e-07
9.32e-07
9.31e-07
9.36e-07
9.31e-07
9.33e-07
9.3e-07
9.33e-07
9.3e-07
9.33e-07
9.32e-07
9.33e-07
9.38e-07
9.34e-07
9.33e-07
9.36e-07
9.34e-07
9.34e-07
9.34e-07
9.38e-07
9.34e-07
9.38e-07
9.33e-07
9.34e-07
9.32e-07
9.35e-07
9.32e-07
9.34e-07
9.31e-07
9.32e-07
9.36e-07
9.32e-07
9.34e-07
9.32e-07
9.35e-07
9.33e-07
9.36e-07
9.34e-07
9.35e-07
9.37e-07
9.36e-07
9.36e-07
9.38e-07
9.36e-07
9.39e-07
9.36e-07
9.37e-07
9.37e-07
9.39e-07
9.5e-07
9.34e-07
9.35e-07
9.33e-07
9.34e-07
9.32e-07
9.33e-07
9.32e-07
9.32e-07
9.35e-07
9.33e-07
9.32e-07
9.34e-07
9.33e-07
9.36e-07
9.34e-07
9.36e-07
9.38e-07
9.36e-07
9.49e-07
9.35e-07
9.51e-07
9.36e-07
9.49e-07
9.34e-07
9.49e-07
9.33e-07
9.48e-07
9.33e-07
9.48e-07
9.33e-07
9.46e-07
9.32e-07
9.46e-07
9.32e-07
9.47e-07
9.33e-07
9.47e-07
9.32e-07
9.47e-07
9.33e-07
9.49e-07
9.34e-07
9.49e-07
9.36e-07
9.36e-07
9.37e-07
9.37e-07
9.36e-07
9.36e-07
9.35e-07
9.35e-07
9.37e-07
9.35e-07
9.35e-07
9.34e-07
9.33e-07
9.34e-07
9.32e-07
9.33e-07
9.32e-07
9.31e-07
9.48e-07
9.32e-07
9.34e-07
9.32e-07
9.34e-07
9.33e-07
9.35e-07
9.34e-07
9.35e-07
9.39e-07
9.36e-07
9.34e-07
9.37e-07
9.35e-07
9.35e-07
9.32e-07
9.34e-07
9.33e-07
9.37e-07
9.31e-07
9.32e-07
9.31e-07
9.33e-07
9.3e-07
9.33e-07
9.31e-07
9.33e-07
9.37e-07
9.34e-07
9.32e-07
9.34e-07
9.32e-07
9.36e-07
9.33e-07
9.36e-07
9.34e-07
9.39e-07
9.33e-07
9.35e-07
9.34e-07
9.35e-07
9.33e-07
9.34e-07
9.32e-07
9.34e-07
9.37e-07
9.33e-07
9.3e-07
9.32e-07
9.31e-07
9.33e-07
9.3e-07
9.33e-07
9.31e-07
9.38e-07
9.33e-07
9.35e-07
9.33e-07
9.34e-07
9.33e-07
9.36e-07
9.34e-07
9.37e-07
9.39e-07
9.35e-07
9.33e-07
9.35e-07
9.33e-07
9.35e-07
9.31e-07
9.34e-07
9.32e-07
9.36e-07
9.3e-07
9.32e-07
9.3e-07
9.32e-07
9.31e-07
9.33e-07
9.31e-07
9.34e-07
9.38e-07
9.35e-07
9.33e-07
9.35e-07
9.33e-07
9.35e-07
9.36e-07
9.36e-07
9.33e-07
9.39e-07
9.32e-07
9.35e-07
9.32e-07
9.35e-07
9.32e-07
9.33e-07
9.31e-07
9.33e-07
9.36e-07
9.32e-07
9.33e-07
9.33e-07
9.35e-07
9.33e-07
9.34e-07
9.34e-07
9.36e-07
9.38e-07
9.37e-07
9.36e-07
9.37e-07
9.36e-07
9.38e-07
9.36e-07
9.38e-07
9.36e-07
9.39e-07
9.5e-07
9.34e-07
9.35e-07
9.33e-07
9.34e-07
9.32e-07
9.33e-07
9.33e-07
9.33e-07
9.36e-07
9.33e-07
9.32e-07
9.34e-07
9.33e-07
9.35e-07
9.33e-07
9.36e-07
9.38e-07
9.37e-07
9.51e-07
9.36e-07
9.52e-07
9.35e-07
9.5e-07
9.35e-07
9.5e-07
9.34e-07
9.48e-07
9.33e-07
9.48e-07
9.32e-07
9.47e-07
9.32e-07
9.47e-07
9.31e-07
9.47e-07
9.32e-07
9.49e-07
9.33e-07
9.48e-07
9.34e-07
9.48e-07
9.34e-07
9.49e-07
9.36e-07
9.38e-07
9.37e-07
9.37e-07
9.36e-07
9.36e-07
9.37e-07
9.36e-07
9.38e-07
9.34e-07
9.34e-07
9.33e-07
9.34e-07
9.34e-07
9.32e-07
9.32e-07
9.33e-07
9.33e-07
9.49e-07
9.31e-07
9.33e-07
9.31e-07
9.34e-07
9.33e-07
9.35e-07
9.33e-07
9.36e-07
9.38e-07
9.36e-07
9.33e-07
9.36e-07
9.33e-07
9.35e-07
9.33e-07
9.34e-07
9.32e-07
9.37e-07
9.31e-07
9.33e-07
9.3e-07
9.33e-07
9.3e-07
9.32e-07
9.31e-07
9.34e-07
9.37e-07
9.34e-07
9.32e-07
9.34e-07
9.33e-07
9.36e-07
9.33e-07
9.35e-07
9.34e-07
9.39e-07
9.33e-07
9.36e-07
9.33e-07
9.34e-07
9.33e-07
9.34e-07
9.33e-07
9.34e-07
9.36e-07
9.32e-07
9.31e-07
9.32e-07
9.3e-07
9.33e-07
9.31e-07
9.33e-07
9.32e-07
9.37e-07
9.32e-07
9.35e-07
9.33e-07
9.35e-07
9.33e-07
9.36e-07
9.34e-07
9.36e-07
9.39e-07
9.35e-07
9.33e-07
9.35e-07
9.32e-07
9.34e-07
9.32e-07
9.34e-07
9.31e-07
9.36e-07
9.31e-07
9.31e-07
9.31e-07
9.32e-07
9.32e-07
9.34e-07
9.31e-07
9.34e-07
9.38e-07
9.34e-07
9.32e-07
9.36e-07
9.34e-07
9.37e-07
9.34e-07
9.36e-07
9.33e-07
9.39e-07
9.33e-07
9.34e-07
9.32e-07
9.33e-07
9.31e-07
9.34e-07
9.3e-07
9.33e-07
9.35e-07
9.31e-07
9.34e-07
9.33e-07
9.34e-07
9.33e-07
9.35e-07
9.34e-07
9.36e-07
9.38e-07
9.37e-07
9.36e-07
9.37e-07
9.37e-07
9.38e-07
9.36e-07
9.36e-07
9.35e-07
9.39e-07
9.5e-07
9.34e-07
9.34e-07
9.32e-07
9.33e-07
9.33e-07
9.34e-07
9.31e-07
9.33e-07
9.35e-07
9.33e-07
9.34e-07
9.34e-07
9.32e-07
9.34e-07
9.34e-07
9.36e-07
9.38e-07
9.37e-07
9.51e-07
9.34e-07
9.51e-07
9.35e-07
9.5e-07
9.35e-07
9.5e-07
9.33e-07
9.49e-07
9.33e-07
9.48e-07
9.33e-07
9.47e-07
9.31e-07
9.47e-07
9.32e-07
9.47e-07
9.31e-07
9.47e-07
9.33e-07
9.48e-07
9.34e-07
9.49e-07
9.34e-07
9.5e-07
9.37e-07
9.37e-07
9.36e-07
9.36e-07
9.37e-07
9.37e-07
9.35e-07
9.35e-07
9.37e-07
9.35e-07
9.34e-07
9.34e-07
9.34e-07
9.33e-07
9.33e-07
9.33e-07
9.33e-07
9.31e-07
9.48e-07
9.31e-07
9.35e-07
9.32e-07
9.34e-07
9.33e-07
9.35e-07
9.33e-07
9.36e-07
9.39e-07
9.36e-07
9.35e-07
9.35e-07
9.33e-07
9.35e-07
9.32e-07
9.34e-07
9.32e-07
9.37e-07
9.32e-07
9.33e-07
9.31e-07
9.32e-07
9.31e-07
9.33e-07
9.31e-07
9.33e-07
9.36e-07
9.33e-07
9.32e-07
9.34e-07
9.33e-07
