#time [s]
8.7e-07
8.29e-07
7.6e-07
7.25e-07
7.61e-07
7.51e-07
7.57e-07
7.05e-07
7.49e-07
7.01e-07
7.02e-07
7.04e-07
7.06e-07
7.06e-07
7.04e-07
7.05e-07
7.05e-07
7.02e-07
7.5e-07
7.02e-07
7.58e-07
7.04e-07
7.49e-07
7.01e-07
7.04e-07
7e-07
7.05e-07
7.04e-07
7.01e-07
6.99e-07
7.02e-07
7.01e-07
7.01e-07
7.03e-07
7.01e-07
7e-07
7.03e-07
6.99e-07
7e-07
7e-07
7.02e-07
6.99e-07
7.02e-07
7e-07
7.05e-07
7.06e-07
7.09e-07
7.49e-07
7.48e-07
7.06e-07
7.04e-07
7.03e-07
7.03e-07
7.01e-07
6.99e-07
7.47e-07
7.03e-07
7.46e-07
7e-07
7.46e-07
6.99e-07
7.48e-07
6.98e-07
7.45e-07
7e-07
7.46e-07
6.97e-07
7.47e-07
7.01e-07
7.47e-07
7.03e-07
7.48e-07
7.02e-07
7.48e-07
7.02e-07
7.47e-07
7.02e-07
7.48e-07
7.05e-07
7.48e-07
7.02e-07
7.48e-07
6.98e-07
7.46e-07
7.01e-07
7.46e-07
7e-07
7.47e-07
7e-07
7.46e-07
7.02e-07
7.46e-07
6.99e-07
7.46e-07
7e-07
7.46e-07
6.97e-07
7.46e-07
6.98e-07
7.47e-07
7.02e-07
7.48e-07
7.04e-07
7.48e-07
7.03e-07
7.48e-07
7.03e-07
7.47e-07
7.02e-07
7.47e-07
7.02e-07
7.46e-07
7.01e-07
7.48e-07
6.99e-07
7.47e-07
7.01e-07
7.47e-07
7.01e-07
7.45e-07
6.99e-07
7.45e-07
7e-07
7.45e-07
6.99e-07
7.49e-07
6.99e-07
7.47e-07
7.01e-07
7.48e-07
6.98e-07
7.47e-07
7.01e-07
7.47e-07
7.04e-07
7.48e-07
7.04e-07
7.48e-07
7.02e-07
7.48e-07
7.02e-07
7.47e-07
7.03e-07
7.46e-07
7.01e-07
7.46e-07
6.98e-07
7.46e-07
7e-07
7.46e-07
7e-07
7.46e-07
7e-07
7.46e-07
7.02e-07
7.47e-07
7e-07
7.48e-07
7.01e-07
7.47e-07
7.01e-07
7.48e-07
6.99e-07
7.48e-07
7.02e-07
7.49e-07
7.04e-07
7.48e-07
7.02e-07
7.47e-07
7.03e-07
7.47e-07
7.01e-07
7.47e-07
7.01e-07
7.46e-07
7e-07
7.49e-07
6.97e-07
7.45e-07
7e-07
7.45e-07
6.99e-07
7.45e-07
7e-07
7.46e-07
7.01e-07
7.47e-07
7.02e-07
7.51e-07
7.02e-07
7.48e-07
7.01e-07
7.48e-07
6.99e-07
7.47e-07
7.02e-07
7.48e-07
7.05e-07
7.49e-07
7.04e-07
7.48e-07
7.02e-07
7.47e-07
7.01e-07
7.48e-07
7.01e-07
7.45e-07
7e-07
7.46e-07
6.97e-07
7.45e-07
6.99e-07
7.46e-07
7e-07
7.46e-07
7e-07
7.46e-07
7.02e-07
7.47e-07
7.01e-07
7.48e-07
7.02e-07
7.48e-07
7.02e-07
7.48e-07
6.99e-07
7.49e-07
7.03e-07
7.48e-07
7.04e-07
7.49e-07
7.01e-07
7.46e-07
7.02e-07
7.47e-07
7.01e-07
7.47e-07
7e-07
7.46e-07
7e-07
7.45e-07
6.97e-07
7.45e-07
7e-07
7.45e-07
7.02e-07
7.46e-07
7.01e-07
7.46e-07
7.01e-07
7.48e-07
7.02e-07
7.5e-07
7.02e-07
7.48e-07
7.03e-07
7.48e-07
6.99e-07
7.47e-07
7.01e-07
7.48e-07
7.04e-07
7.48e-07
7.01e-07
7.46e-07
7.02e-07
7.47e-07
7.01e-07
7.47e-07
6.99e-07
7.45e-07
6.99e-07
7.44e-07
6.97e-07
7.47e-07
7e-07
7.47e-07
7.02e-07
7.47e-07
7.01e-07
7.47e-07
7.02e-07
7.48e-07
7.02e-07
7.5e-07
7.03e-07
7.48e-07
7.03e-07
7.48e-07
7e-07
7.48e-07
7.02e-07
7.47e-07
7.03e-07
7.47e-07
7.01e-07
7.46e-07
7.01e-07
7.47e-07
7e-07
7.48e-07
7e-07
7.45e-07
7e-07
7.45e-07
6.97e-07
7.46e-07
6.99e-07
7.47e-07
7.02e-07
7.48e-07
7.01e-07
7.47e-07
7.03e-07
7.48e-07
7.02e-07
7.52e-07
7.03e-07
7.47e-07
7.03e-07
7.48e-07
7.01e-07
7.47e-07
7.01e-07
7.47e-07
7.02e-07
7.47e-07
7.01e-07
7.46e-07
7.01e-07
7.46e-07
6.99e-07
7.48e-07
6.99e-07
7.44e-07
7e-07
7.45e-07
6.97e-07
7.46e-07
7.01e-07
7.48e-07
7.03e-07
7.48e-07
7.01e-07
7.47e-07
7.04e-07
7.48e-07
7.03e-07
7.51e-07
7.02e-07
7.48e-07
7.02e-07
7.48e-07
6.98e-07
7.47e-07
7.01e-07
7.46e-07
7.02e-07
7.46e-07
7.01e-07
7.47e-07
7.01e-07
7.45e-07
6.99e-07
7.49e-07
7e-07
7.46e-07
7e-07
7.46e-07
6.97e-07
7.46e-07
7.01e-07
7.47e-07
7.03e-07
7.48e-07
7.02e-07
7.48e-07
7.02e-07
7.49e-07
7.02e-07
7.5e-07
7.02e-07
7.48e-07
7.01e-07
7.47e-07
6.98e-07
7.46e-07
7.01e-07
7.46e-07
7.02e-07
7.46e-07
7e-07
7.46e-07
7e-07
7.45e-07
7e-07
7.49e-07
7e-07
7.46e-07
7.01e-07
7.46e-07
6.98e-07
7.47e-07
7.02e-07
7.47e-07
7.04e-07
7.47e-07
7.02e-07
7.48e-07
7.05e-07
7.49e-07
7.02e-07
7.52e-07
7.02e-07
7.47e-07
7.01e-07
7.48e-07
6.98e-07
7.45e-07
7e-07
7.45e-07
7.02e-07
7.46e-07
7e-07
7.45e-07
7e-07
7.46e-07
7.01e-07
7.49e-07
7.01e-07
7.46e-07
7.01e-07
7.47e-07
6.99e-07
7.47e-07
7.01e-07
7.47e-07
7.04e-07
7.48e-07
7.02e-07
7.48e-07
7.03e-07
7.48e-07
7.02e-07
7.5e-07
7.01e-07
7.48e-07
7.01e-07
7.47e-07
6.99e-07
7.45e-07
6.99e-07
7.45e-07
7.02e-07
7.45e-07
7e-07
7.46e-07
8.04e-06
8.07e-07
7.38e-07
7.43e-07
7.64e-07
7.21e-07
7.09e-07
7.51e-07
7.36e-07
7.05e-07
7.02e-07
7.03e-07
7.02e-07
7.39e-07
7.02e-07
6.98e-07
7.02e-07
7.04e-07
7.47e-07
6.98e-07
7.05e-07
7.49e-07
7.01e-07
7e-07
7.21e-07
7.35e-07
7.21e-07
7.4e-07
7.22e-07
7.49e-07
7.21e-07
7.4e-07
7.22e-07
7.03e-07
7.23e-07
7.64e-07
7.51e-07
7.37e-07
7.21e-07
7.45e-07
7.32e-07
7.14e-07
7.37e-07
7.27e-07
7.01e-07
7.04e-07
7.35e-07
7.12e-07
7.46e-07
7.45e-07
7.25e-07
7e-07
7.04e-07
7.45e-07
7.05e-07
7.47e-07
7.05e-07
7.48e-07
7.47e-07
7.22e-07
7.02e-07
7.49e-07
7.07e-07
7.48e-07
7.07e-07
7.48e-07
7.07e-07
7.49e-07
7.12e-07
7.47e-07
7.12e-07
7.47e-07
7.11e-07
7.02e-07
7e-07
7.21e-07
7.28e-07
7.47e-07
7.26e-07
7.46e-07
7.25e-07
7.46e-07
7.04e-07
7.45e-07
7.04e-07
7.46e-07
7.05e-07
7.47e-07
7.47e-07
7.23e-07
7.02e-07
7.48e-07
7.07e-07
7.49e-07
7.07e-07
7.49e-07
7.06e-07
7.49e-07
7.13e-07
7.48e-07
7.12e-07
7.48e-07
7.12e-07
7.01e-07
7.02e-07
7.21e-07
7.27e-07
7.45e-07
7.26e-07
7.46e-07
7.26e-07
7.46e-07
7.05e-07
7.45e-07
7.05e-07
7.47e-07
7.05e-07
7.48e-07
7.46e-07
7.22e-07
7.02e-07
7.48e-07
7.07e-07
7.49e-07
7.06e-07
7.48e-07
7.07e-07
7.48e-07
7.13e-07
7.49e-07
7.14e-07
7.48e-07
7.12e-07
7.02e-07
7.02e-07
7.21e-07
7.28e-07
7.47e-07
7.26e-07
7.46e-07
7.25e-07
7.47e-07
7.04e-07
7.46e-07
7.04e-07
7.47e-07
7.05e-07
7.48e-07
7.47e-07
7.22e-07
7.02e-07
7.47e-07
7.07e-07
7.48e-07
7.07e-07
7.49e-07
7.07e-07
7.48e-07
7.12e-07
7.48e-07
7.12e-07
7.48e-07
7.13e-07
7.02e-07
7.02e-07
7.21e-07
7.26e-07
7.46e-07
7.26e-07
7.46e-07
7.26e-07
7.45e-07
7.03e-07
7.46e-07
7.05e-07
7.47e-07
7.04e-07
7.48e-07
7.47e-07
7.22e-07
7.02e-07
7.47e-07
7.06e-07
7.49e-07
7.06e-07
7.49e-07
7.09e-07
7.49e-07
7.13e-07
7.47e-07
7.12e-07
7.48e-07
7.12e-07
7.03e-07
7.01e-07
7.21e-07
7.27e-07
7.47e-07
7.25e-07
7.46e-07
7.25e-07
7.45e-07
7.05e-07
7.46e-07
7.05e-07
7.47e-07
7.05e-07
7.48e-07
7.47e-07
7.22e-07
7.01e-07
7.47e-07
7.06e-07
7.47e-07
7.07e-07
7.48e-07
7.07e-07
7.48e-07
7.12e-07
7.48e-07
7.12e-07
7.48e-07
7.12e-07
7.02e-07
7.01e-07
7.21e-07
7.27e-07
7.46e-07
7.27e-07
7.45e-07
7.27e-07
7.46e-07
7.03e-07
7.46e-07
7.05e-07
7.46e-07
7.05e-07
7.48e-07
7.47e-07
7.22e-07
7.01e-07
7.47e-07
7.06e-07
7.47e-07
7.06e-07
7.48e-07
7.07e-07
7.5e-07
7.14e-07
7.48e-07
7.13e-07
7.48e-07
7.13e-07
7.02e-07
7e-07
7.21e-07
7.27e-07
7.47e-07
7.27e-07
7.47e-07
7.27e-07
7.46e-07
7.04e-07
7.45e-07
7.04e-07
7.46e-07
7.04e-07
7.48e-07
7.47e-07
7.22e-07
7.01e-07
7.47e-07
7.07e-07
7.48e-07
7.06e-07
7.49e-07
7.07e-07
7.49e-07
7.13e-07
7.48e-07
7.13e-07
7.49e-07
7.12e-07
7.01e-07
7.02e-07
7.21e-07
7.28e-07
7.46e-07
7.27e-07
7.46e-07
7.27e-07
7.46e-07
7.05e-07
7.46e-07
7.04e-07
7.46e-07
7.04e-07
7.48e-07
7.47e-07
7.22e-07
7.01e-07
7.47e-07
7.06e-07
7.48e-07
7.07e-07
7.48e-07
7.07e-07
7.49e-07
7.14e-07
7.48e-07
7.13e-07
7.49e-07
7.12e-07
7.03e-07
7.02e-07
7.22e-07
7.26e-07
7.46e-07
7.27e-07
7.47e-07
7.27e-07
7.46e-07
7.04e-07
7.45e-07
7.05e-07
7.46e-07
7.04e-07
7.47e-07
7.46e-07
7.21e-07
7.01e-07
7.47e-07
7.06e-07
7.48e-07
7.07e-07
7.47e-07
7.08e-07
7.48e-07
7.13e-07
7.49e-07
7.12e-07
7.49e-07
7.12e-07
7.02e-07
7.01e-07
7.22e-07
7.27e-07
7.48e-07
7.28e-07
7.47e-07
7.26e-07
7.46e-07
7.05e-07
7.46e-07
7.03e-07
7.46e-07
7.05e-07
7.47e-07
7.46e-07
7.22e-07
7.01e-07
7.46e-07
7.06e-07
7.47e-07
7.06e-07
7.48e-07
7.07e-07
7.49e-07
7.13e-07
7.49e-07
7.13e-07
7.48e-07
7.13e-07
7.02e-07
7.02e-07
7.22e-07
7.27e-07
7.47e-07
7.28e-07
7.47e-07
7.26e-07
7.47e-07
7.04e-07
7.45e-07
7.04e-07
7.46e-07
7.04e-07
7.48e-07
7.45e-07
7.21e-07
7.01e-07
7.47e-07
7.06e-07
7.47e-07
7.06e-07
7.48e-07
7.07e-07
7.47e-07
7.14e-07
7.49e-07
7.12e-07
7.49e-07
7.12e-07
7.03e-07
7.02e-07
7e-07
7.27e-07
7.47e-07
7.27e-07
7.47e-07
7.25e-07
7.46e-07
7.04e-07
7.46e-07
7.05e-07
7.45e-07
7.04e-07
7.48e-07
7.46e-07
7e-07
7.01e-07
7.46e-07
7.04e-07
7.47e-07
7.06e-07
7.48e-07
7.07e-07
7.48e-07
7.13e-07
7.48e-07
7.14e-07
7.48e-07
7.13e-07
7.03e-07
7.02e-07
7e-07
7.27e-07
7.47e-07
7.28e-07
7.46e-07
7.27e-07
7.47e-07
7.05e-07
7.46e-07
7.04e-07
7.45e-07
7.04e-07
7.47e-07
7.46e-07
6.99e-07
7e-07
7.47e-07
7.06e-07
7.47e-07
7.06e-07
7.48e-07
7.07e-07
7.48e-07
7.13e-07
7.49e-07
7.13e-07
7.5e-07
7.13e-07
7.02e-07
7.02e-07
7e-07
7.28e-07
7.47e-07
7.27e-07
7.47e-07
7.27e-07
7.46e-07
7.05e-07
7.46e-07
7.04e-07
7.44e-07
7.04e-07
7.47e-07
7.46e-07
7e-07
7e-07
7.46e-07
7.05e-07
7.46e-07
7.06e-07
7.48e-07
7.07e-07
7.48e-07
7.12e-07
7.48e-07
7.13e-07
7.49e-07
7.13e-07
7.02e-07
7.02e-07
7.02e-07
7.28e-07
7.48e-07
7.28e-07
7.48e-07
7.27e-07
7.47e-07
7.04e-07
7.46e-07
7.05e-07
7.46e-07
7.03e-07
7.47e-07
7.46e-07
6.99e-07
7.02e-07
7.46e-07
7.05e-07
7.48e-07
7.06e-07
7.48e-07
7.07e-07
7.08e-07
7.13e-07
7.48e-07
7.13e-07
7.5e-07
7.12e-07
7.02e-07
7.01e-07
7.48e-07
7.28e-07
7.48e-07
7.28e-07
7.47e-07
7.28e-07
7.46e-07
7.04e-07
7.46e-07
7.04e-07
7.45e-07
7.04e-07
7.47e-07
7.46e-07
6.99e-07
7.01e-07
7.46e-07
