#time [s]
0.000487642
0.000474015
0.000470063
0.00048147
0.000471743
0.000470059
0.000487979
0.000479452
0.000472873
0.000470664
0.000470727
0.00047061
0.000470734
0.000469868
0.000469568
0.000483304
0.00046985
0.000471619
0.000470026
0.000472004
0.000470691
0.000472605
0.000481218
0.000473707
0.000471433
0.000471259
0.000471489
0.000471362
0.00046952
0.000469593
0.000481535
0.000470322
0.000471972
0.000470549
0.00047266
0.000519639
0.000480937
0.000469799
0.000479807
0.000469665
0.000471608
0.000470054
0.000478967
0.000474889
0.000469839
0.000469772
0.000469425
0.000471723
0.000471575
0.000476018
0.000472221
0.000478791
0.0004726
0.00047142
0.000471235
0.000480174
0.000470534
0.000470497
0.000473324
0.000471071
0.000481521
0.000471877
0.000469573
0.000479059
0.000469793
0.001413663
0.000497016
0.00048568
0.000477801
0.000482606
0.000481777
0.00049406
0.000479961
0.000476086
0.00047168
0.000469601
0.000475771
0.000517513
0.000571492
0.000529083
0.0005136
0.000506643
0.000501546
0.000567307
0.000563039
0.000495466
0.000479193
0.000474285
0.0004765
0.000483949
0.000475833
0.000469745
0.000473792
0.000529328
0.000471959
0.000482008
0.000482409
0.000469679
0.000476665
0.000473279
0.000487554
0.000472057
0.000531134
0.000520624
0.000470189
0.000475511
0.000471245
0.000475826
0.000471715
0.000474277
0.000494595
0.000474435
0.000486036
0.000470032
0.000469617
0.000470383
0.000472371
0.000469778
0.00048194
0.000475353
0.000470342
0.000476555
0.000472737
0.000492042
0.000752686
0.000523585
0.000500401
0.000472339
0.000497431
0.000498713
0.000502184
0.000470007
0.00049102
0.000613409
0.000469569
0.000488026
0.000479898
0.000469705
0.00047481
0.000536597
0.000493981
0.000612517
0.000513825
0.000487468
0.000592273
0.00053963
0.000494901
0.000498539
0.00047181
0.00047128
0.000470197
0.000469979
0.000472148
0.000471269
0.000472101
0.000469936
0.000505792
0.000625099
0.000644559
0.000510157
0.000493757
0.000497422
0.000475544
0.000469661
0.000473351
0.000480962
0.000471919
0.000469782
0.000470012
0.000471924
0.000469935
0.00047195
0.000471878
0.0004743
0.000476839
0.000471922
0.000491211
0.000475995
0.000478543
0.000483347
0.000504638
0.000490077
0.000475192
0.000472033
0.000476746
0.000485848
0.000520217
0.0004946
0.000491996
0.000503121
0.000497356
0.000522124
0.000553608
0.000548928
0.000542864
0.000533688
0.000528183
0.000506578
0.000509736
0.000509083
0.000535001
0.000538991
0.000520107
0.000491604
0.000531318
0.000563897
0.000559637
0.0005082
0.00047628
0.000511739
0.001433863
0.001007152
0.000516194
0.000490848
0.000525347
0.000638712
0.000516955
0.000539585
0.000600632
0.000498185
0.000579015
0.000544453
0.000523933
0.000537438
0.000518497
0.000513949
0.000545872
0.000576867
0.000495835
0.000518216
0.000547648
0.000528102
0.001142311
0.000605622
0.000670185
0.004982074
0.000529606
0.000538011
0.000527308
0.000536656
0.000544253
0.000534363
0.000532236
0.000520871
0.000519707
0.000510534
0.000507984
0.000547754
0.00053779
0.000547919
0.000549435
0.000512674
0.00052538
0.000510711
0.000485047
0.000474003
0.000485447
0.000514487
0.002303102
0.000614249
0.000534914
0.000552236
0.000512395
0.000521127
0.00050798
0.000500096
0.000489876
0.000536819
0.000483492
0.000487528
0.000511474
0.000516801
0.000665204
0.000496291
0.000496189
0.000508347
0.000480272
0.000514138
0.000522052
0.000510564
0.000524764
0.000537245
0.000498172
0.00049372
0.000519025
0.000505669
0.000516713
0.000522977
0.000557039
0.000531772
0.000508263
0.000489666
0.000475289
0.000493357
0.000473228
0.000486937
0.000574816
0.000698357
0.000815702
0.000562098
0.000536541
0.000556591
0.000565006
0.000553486
0.000557365
0.000526019
0.000550952
0.000591798
0.000592642
0.000497517
0.000486305
0.000480817
0.000532271
0.000480131
0.000488907
0.000473864
0.000478013
0.000488214
0.000493556
0.000492993
0.000515451
0.000527687
0.000538535
0.000495158
0.000530617
0.000520865
0.000536807
0.000474401
0.000514922
0.000537768
0.000518096
0.000499133
0.000502506
0.000503074
0.000503933
0.000498366
0.000499717
0.00051501
0.000544591
0.000474252
0.00049672
0.000485318
0.000631116
0.000623818
0.00070399
0.000515223
0.000538683
0.00058394
0.000602007
0.000513499
0.000505004
0.000539087
0.000515734
0.000550406
0.000490335
0.000496186
0.000493211
0.000493141
0.000496176
0.000518196
0.0004811
0.00047755
0.000505106
0.000565026
0.000497765
0.000497458
0.000476787
0.0004787
0.000478223
0.000514409
0.000497862
0.000513279
0.000517777
0.000584561
0.000598897
0.000503939
0.000553631
0.000480189
0.000512365
0.000519158
0.000507748
0.000552452
0.000556055
0.00049601
0.000587238
0.000483939
0.00050577
0.000502251
0.000500556
0.000486069
0.000600909
0.000527043
0.000506042
0.000492917
0.000514374
0.000510883
0.000523285
0.000552857
0.000524763
0.00053897
0.00051907
0.000535677
0.000503685
0.000524601
0.000501931
0.000528661
0.000523684
0.000476474
0.000496719
0.00049006
0.00048791
0.000528305
0.000509002
0.000540274
0.000532331
0.000494661
0.000494902
0.00049801
0.000532097
0.000565543
0.000540083
0.000533257
0.000516958
0.0005224
0.000514418
0.000523443
0.000526447
0.000526755
0.000529017
0.000512512
0.000511716
0.000524882
0.000539542
0.000532841
0.00051265
0.000520667
0.0005122
0.00053973
0.000506342
0.000534143
0.000509967
0.000541829
0.000517401
0.00054566
0.000533339
0.000520064
0.000535451
0.000512188
0.000499566
0.000515553
0.000518252
0.000489643
0.000509881
0.000493702
0.00049637
0.000487393
0.000496096
0.000497578
0.000492278
0.000511396
0.00050503
0.000482205
0.00050295
0.000497563
0.000484199
0.000498632
0.000503442
0.000481829
0.000486525
0.000519603
0.000483989
0.000509126
0.000486107
0.000492211
0.00049062
0.000635415
0.000497849
0.000534792
0.000508528
0.000484028
0.000491595
0.000486471
0.000481991
0.000496613
0.000488216
0.000504055
0.000504783
0.000490908
0.000487798
0.00048857
0.000496866
0.000490526
0.000500539
0.000483817
0.000498609
0.000510296
0.000504872
0.000486042
0.00052712
0.00049922
0.000513872
0.00049954
0.000482104
0.000491362
0.000581368
0.000501704
0.000510462
0.000517045
0.000503653
0.000488715
0.00052654
0.000512555
0.000511302
0.000508848
0.000488775
0.000508767
0.00049045
0.000500256
0.000519829
0.00048302
0.000493849
0.000496388
0.00048656
0.000498377
0.000497233
0.000488603
0.000492436
0.000489715
0.000500653
0.000490662
0.00051828
0.000506864
0.000498689
0.000507233
0.000508376
0.000507523
0.000498442
0.000494409
0.000518959
0.000530168
0.000493178
0.000530606
0.000554285
0.000523195
0.000522219
0.0005388
0.000545035
0.000506664
0.000531305
0.000518541
0.000523863
0.000530252
0.000504264
0.000496408
0.000504704
0.000541259
0.000516278
0.000530383
0.000566592
0.000526573
0.000514143
0.000514303
0.000560927
0.000510934
0.000551009
0.000540621
0.000562241
0.000517573
0.000509034
0.000525911
0.00053381
0.000495213
0.000514996
0.000500449
0.000565035
0.000542147
0.000518797
0.000536357
0.000561699
0.000533796
0.000528465
0.00055529
0.000527324
0.000499925
0.000511714
0.000500993
0.000520765
0.000555436
0.000532795
0.000527582
0.00052964
0.000521657
0.000529586
0.000527686
0.000584784
0.000568453
0.000578495
0.000643423
0.000683615
0.000578112
0.000559423
0.000549754
0.000515843
0.000568636
0.000520967
0.000513675
0.000503856
0.000532461
0.000556524
0.000543243
0.000502937
0.00051534
0.000511468
0.000497209
0.000507254
0.000556094
0.000530364
0.001111192
0.000999602
0.001643115
0.000545175
0.000693026
0.000579787
0.000531427
0.000513626
0.000521461
0.000568445
0.000534404
0.000523757
0.000505627
0.000528857
0.000511081
0.000506261
0.000520934
0.000560878
0.000541358
0.000525948
0.000503492
0.00050896
0.000531518
0.000600926
0.00056408
0.000605144
0.000742175
0.000726075
0.000742091
0.00100827
0.000595783
0.000534875
0.000504172
0.000496279
0.000490659
0.000498428
0.000476736
0.000506849
0.000566267
0.0005593
0.000518905
0.000523518
0.000531544
0.000530601
0.000589044
0.000532313
0.00062902
0.000581702
0.000515817
0.000527284
0.000573527
0.000573059
0.000523532
0.000679545
0.000650071
0.000503471
0.000511984
0.000493647
0.000504966
0.000500401
0.000502408
0.000512309
0.000492541
0.000630478
0.000492327
0.000485897
0.000499709
0.000492679
0.000500127
0.000507791
0.000491784
0.000485993
0.000499834
0.000486319
0.000490068
0.000498949
0.000500546
0.000486727
0.000548581
0.000484917
0.000488784
0.000513511
0.000490508
0.000484518
0.000490167
0.000537931
0.000763874
0.000498487
0.000484934
0.000490315
0.000515112
0.000503198
0.000490182
0.000498254
0.000485948
0.000505696
0.000515575
0.00048867
0.000502893
0.000496124
0.000485951
0.000500834
0.000501613
0.000488171
0.000519353
0.000500421
0.00049167
0.000510081
0.000489915
0.000492731
0.000490418
0.00049583
0.000488383
0.000505747
0.000488402
0.000496548
0.000514624
0.000515156
0.000492237
0.000485851
0.000507795
0.000512345
0.000491744
0.000584171
0.000503577
0.00051773
0.000500247
0.000527829
0.000529985
0.000515828
0.00051181
0.000493705
0.00052693
0.000509021
0.000559992
0.000503859
0.000526024
0.000517796
0.000547234
0.000511279
0.000531593
0.000528139
0.000524712
0.000520241
0.000532615
0.000521556
0.000510679
0.000536353
0.000517614
0.000497762
0.000519626
0.000521354
0.000629964
0.00075973
0.000492967
0.000508217
0.000493259
0.000504419
0.000492448
0.00050398
0.000518415
0.000490875
0.000494085
0.000495888
0.000482876
0.000517757
0.000516988
0.000517058
0.000569482
0.000509077
0.000544984
0.000527517
0.000544728
0.000521427
0.000545079
0.000516601
0.000529697
0.000531368
0.000514834
0.00051768
0.000533489
0.000551936
0.000525936
0.000576838
0.000495364
0.00050131
0.000500366
0.000497038
0.000520171
0.000516571
0.000499184
0.000487986
0.000496002
0.000506702
0.000496448
0.00048825
0.000505397
0.000511602
0.000511705
0.000513015
0.000491844
0.000488656
0.000506374
0.00049975
0.000491514
0.000522588
0.000553212
0.000500802
0.000533471
0.000507898
0.000778308
0.001685699
0.00069988
0.000589215
0.000492842
0.001018393
0.000532448
0.000510277
0.00060124
0.000549088
0.000611931
0.000567312
0.000603749
0.000540145
0.000498927
0.000669689
0.000625977
0.000495058
0.000522049
0.000791082
0.00050985
0.000575589
0.000497767
0.000551441
0.000501868
0.000554428
0.000556723
0.000598995
0.000743765
0.000711336
0.000757168
0.000528232
0.000833052
0.000544447
0.000576691
0.000503478
0.000481935
0.000652064
0.000770572
0.000646447
0.000506471
0.000506165
0.000500208
0.000553457
0.00062244
0.000499166
0.000506143
0.000489964
0.000488694
0.000504872
0.000634212
0.000514423
0.000488914
0.000500506
0.000505041
0.000495721
0.000495115
0.000490365
0.000504786
0.00049464
0.000490611
0.000491469
0.000480349
0.000478034
0.000486596
0.000482367
0.000504049
0.000518836
0.000474138
0.000482345
0.000491432
0.00048764
0.000494435
0.000482172
0.000493375
0.000488896
0.000486534
0.000488345
0.000498304
0.000504791
0.000498574
0.000535092
0.000484977
0.000476638
0.000488706
0.000490819
0.000495731
0.00048635
0.000487993
0.000498981
0.000488285
0.000480264
0.000485974
0.000490213
0.000476349
0.000490106
0.000488393
0.000481133
0.000488215
0.000490265
0.000509358
0.000504051
0.000490929
0.000505413
0.000558711
0.000506755
0.000497479
0.00052733
0.000495404
0.000480051
0.000483883
0.000508289
0.000510591
0.000478587
0.000593523
0.000524135
0.000543999
0.000511885
0.000525823
0.000537942
0.000546121
0.000543213
0.000541524
0.000535193
0.000517114
0.000509706
0.000513975
0.000519212
0.000523144
0.000532973
0.000516299
0.000514625
0.000506996
0.000504478
0.000511389
0.000512476
0.000511166
0.000516019
0.000530357
0.000506614
0.000511332
0.000511275
0.000517213
0.000527335
0.000607743
0.000526407
0.000535022
0.00051661
0.000503662
0.000518939
0.000532533
0.000548274
0.000517123
0.000522036
0.000513477
0.000552718
0.000568403
0.000510652
0.000506537
0.000514385
0.000507554
0.000531517
0.000505902
0.000573434
0.000525941
0.000531595
0.000516694
0.000529346
0.000533447
0.000532352
0.000529145
0.000631601
0.000552175
