#time [s]
0.003434235
0.003409753
0.003388501
0.003371549
0.003443195
0.003416767
0.003376166
0.00341281
0.003434769
0.003472954
0.003417331
0.0035485
0.003373942
0.003433336
0.00344222
0.003417454
0.003366808
0.00338128
0.003366752
0.003511282
0.003377447
0.003507025
0.003360467
0.003504341
0.003392033
0.003418696
0.003437079
0.003464872
0.003464265
0.003389698
0.003437869
0.00344082
0.003424801
0.003365212
0.003382132
0.003434041
0.003445159
0.003486967
0.003380217
0.003467246
0.003441263
0.003423183
0.003393824
0.00344621
0.00343155
0.003454112
0.003370963
0.003458477
0.003422113
0.003479598
0.003381294
0.003453452
0.003381871
0.003428975
0.00344978
0.003369368
0.003345607
0.003421982
0.003433524
0.003425975
0.003451649
0.003425397
0.00356143
0.003383712
0.003419498
0.003437781
0.003818472
0.00338787
0.003440563
0.003422241
0.003678034
0.003364262
0.003466946
0.003427105
0.003576909
0.003395576
0.003411559
0.003444561
0.003410491
0.003374764
0.003357701
0.003500833
0.003429436
0.003526681
0.003381431
0.003412725
0.003447373
0.003448386
0.003410725
0.003404909
0.003461723
0.003377211
0.003474494
0.003384107
0.003391678
0.003443928
0.00343395
0.00478416
0.003637734
0.003450046
0.003500635
0.003523836
0.003454915
0.003448267
0.003385698
0.003494527
0.003374768
0.003458718
0.003446783
0.003450202
0.003348862
0.003430875
0.003391699
0.003593487
0.003421611
0.003432889
0.003456761
0.003465475
0.003660725
0.003402635
0.003394609
0.003412031
0.003519811
0.003366783
0.003425318
0.003392892
0.003511998
0.003365418
0.003479625
0.003486481
0.003657496
0.003369864
0.003471988
0.003430395
0.003930681
0.003395139
0.003446775
0.003392439
0.003464619
0.003406004
0.003481877
0.003397551
0.003442765
0.004117641
0.004642782
0.00343959
0.003465658
0.003398076
0.003427945
0.003385326
0.003601141
0.003378053
0.003474362
0.003452661
0.003534387
0.003452681
0.003392555
0.003410011
0.003426591
0.00352545
0.003365157
0.00352797
0.003440139
0.003416451
0.00379515
0.003398312
0.003539625
0.003452231
0.003478986
0.003458265
0.003427519
0.00345154
0.003374306
0.003492341
0.004316662
0.005243202
0.003416224
0.00351333
0.003433385
0.003703089
0.003403879
0.003410664
0.003440722
0.003894151
0.003395564
0.0034215
0.003459099
0.003493544
0.003496932
0.003424468
0.00342759
0.00335003
0.003622501
0.003440401
0.003472941
0.003393157
0.003588475
0.003403145
0.003411115
0.003398863
0.003568998
0.003422183
0.003411936
0.00347828
0.003477648
0.003460253
0.003384029
0.003443542
0.003465391
0.003446809
0.003369848
0.003431028
0.003426054
0.00347486
0.00526316
0.003432101
0.003470949
0.003549137
0.00340174
0.00342839
0.003402475
0.003527219
0.003427791
0.003489198
0.003459563
0.00337282
0.00339634
0.003491211
0.003375313
0.003498994
0.00339947
0.003493109
0.003403631
0.003442572
0.003538042
0.00344734
0.003423394
0.003445254
0.00347008
0.003469441
0.003553499
0.00356261
0.003419702
0.003548981
0.003365724
0.003396999
0.003522154
0.003436182
0.003537379
0.003415601
0.003447053
0.003481739
0.00344935
0.00358496
0.003428662
0.003442959
0.003383759
0.003622602
0.003416505
0.003451304
0.003443002
0.003463645
0.003600103
0.003477394
0.003402357
0.003412665
0.003424463
0.004554893
0.003454897
0.003388091
0.003462367
0.003413612
0.003468022
0.003397501
0.003411087
0.003571976
0.003359258
0.003434766
0.00347334
0.003633171
0.003348297
0.003424675
0.003453917
0.003538929
0.003408443
0.003421175
0.003446745
0.003423263
0.003468857
0.003413735
0.003478028
0.003425684
0.003423407
0.003488838
0.003413212
0.003417231
0.003452646
0.003601181
0.003460018
0.003436294
0.003436767
0.004125915
0.003483609
0.003438902
0.003594296
0.00339058
0.003434674
0.003450336
0.003457661
0.00553143
0.003439485
0.003408091
0.003574913
0.003383731
0.003428409
0.003424678
0.003508651
0.003392906
0.003414389
0.00336625
0.003414866
0.003529298
0.00342431
0.003446909
0.003406015
0.003482982
0.003419858
0.003452022
0.003453499
0.003472207
0.003553202
0.003412933
0.003499431
0.003429702
0.003634496
0.003422007
0.003445537
0.003439483
0.003457501
0.003393884
0.003447362
0.003437389
0.003360971
0.003387132
0.003416663
0.00340488
0.003483732
0.003401921
0.003418127
0.003486657
0.003491737
0.003492774
0.003397735
0.003414839
0.003475868
0.003482046
0.003614824
0.00341008
0.003407369
0.003432616
0.003474251
0.003405518
0.003453598
0.003580938
0.003439249
0.003586859
0.003400258
0.003499117
0.003437717
0.003436289
0.003392815
0.003408113
0.003471815
0.003421888
0.003520023
0.003443795
0.003430358
0.003496542
0.003585862
0.003465232
0.003395435
0.00347379
0.003445424
0.003407459
0.003394248
0.003401204
0.003429788
0.003416712
0.0034198
0.003459327
0.003623626
0.003455325
0.003401679
0.003394808
0.003653969
0.003464173
0.003400014
0.003360629
0.003426065
0.003363527
0.003435573
0.003432923
0.003944438
0.004890899
0.003449441
0.003417449
0.003500399
0.003432326
0.003400916
0.003447258
0.003460463
0.003394216
0.003352777
0.003455706
0.003404227
0.003802582
0.003387132
0.003375643
0.003450892
0.003472878
0.00342492
0.003406314
0.003536544
0.003357558
0.003968047
0.005352141
0.003403187
0.003457502
0.003582518
0.003433099
0.003467135
0.003388721
0.003492805
0.003572257
0.003408316
0.003460105
0.003444195
0.003548065
0.003415314
0.003543614
0.003480499
0.003595186
0.003404073
0.003442574
0.003425205
0.003595374
0.003374748
0.003448334
0.003433929
0.003545274
0.003456605
0.003515028
0.003453774
0.003636122
0.003387288
0.003426422
0.00351339
0.003492426
0.003469696
0.003462952
0.003417134
0.003411605
0.003413586
0.00341323
0.0034311
0.00337603
0.003503577
0.003388214
0.003450332
0.003464492
0.003447799
0.003457139
0.003441865
0.003470772
0.003571383
0.003417409
0.003460494
0.003458733
0.003485601
0.003407274
0.00351963
0.003530778
0.00340368
0.004895082
0.00462895
0.004502752
0.004580073
0.003362838
0.003380573
0.003628749
0.003415336
0.003494261
0.003444477
0.003499893
0.003425489
0.003441242
0.003458957
0.003546942
0.003412212
0.0034809
0.003438314
0.003380315
0.004595657
0.003467655
0.00342767
0.003544307
0.003446319
0.003423045
0.003447522
0.003476487
0.003403793
0.003448409
0.00349094
0.003544265
0.003372755
0.003481879
0.003427213
0.003527674
0.003389484
0.003487791
0.003385319
0.003437208
0.003405003
0.003455003
0.00345808
0.003618751
0.003397555
0.003453595
0.003485319
0.003536081
0.00343284
0.003443608
0.003484992
0.004168856
0.00478653
0.003461758
0.003407947
0.005393901
0.003371704
0.003423381
0.003406852
0.003496525
0.003476275
0.003450881
0.003426954
0.003395446
0.003513483
0.003416375
0.003467743
0.003479376
0.003536316
0.003397329
0.003444984
0.003439901
0.003539178
0.003395154
0.003455206
0.003468729
0.003436966
0.003376998
0.003434104
0.00343925
0.003471779
0.003391151
0.003455379
0.003504087
0.003583138
0.003387938
0.003474449
0.003484331
0.003529131
0.005953186
0.004003931
0.00346149
0.003464098
0.003362942
0.003469428
0.003416586
0.003438241
0.003382666
0.003459769
0.003429493
0.003483007
0.00339033
0.003495194
0.003402429
0.003468474
0.003436545
0.003395684
0.00340778
0.003443277
0.003457393
0.003407171
0.003449548
0.003444021
0.003500879
0.003443643
0.00345296
0.003415185
0.003435616
0.003393279
0.003406604
0.003485103
0.003436855
0.005102401
0.003391681
0.00347031
0.00339904
0.003373867
0.003411715
0.003459711
0.003432324
0.003820398
0.003434148
0.003448314
0.003453714
0.003455105
0.003361666
0.003442724
0.003467734
0.00342668
0.003448183
0.00338127
0.00346465
0.003379406
0.003542548
0.003396824
0.003431516
0.003368789
0.003381748
0.003585506
0.003481605
0.003439108
0.003428746
0.003392585
0.003398491
0.003437994
0.003401019
0.00348181
0.003522259
0.003403084
0.003386901
0.003489796
0.003652747
0.003396371
0.003417962
0.003451344
0.00342422
0.003490286
0.003392479
0.003453113
0.003457396
0.003634341
0.003445703
0.003394027
0.003504072
0.003379132
0.003860144
0.003352823
0.003481064
0.003450296
0.00347729
0.003390689
0.003426024
0.003438138
0.003462226
0.003371893
0.003470511
0.003483862
0.003513005
0.003440407
0.00347148
0.003416304
0.003544364
0.003400994
0.003416048
0.003407232
0.003417035
0.003421999
0.00348787
0.003405107
0.003427678
0.003460513
0.003491278
0.003429861
0.003392237
0.003457512
0.003453423
0.003523771
0.003385964
0.003388807
0.003402558
0.003543157
0.003384488
0.003483845
0.003468382
0.003469788
0.003386568
0.003420612
0.003435626
0.003477724
0.003497891
0.003395662
0.003451652
0.003385251
0.003472963
0.003418028
0.003403138
0.003455972
0.003497286
0.003536013
0.003377067
0.003471137
0.003451754
0.003528945
0.003445731
0.003445316
0.003431468
0.003562868
0.003395132
0.003485637
0.00341446
0.003550911
0.003387153
0.003420976
0.003460115
0.003454678
0.003395365
0.0034425
0.003465111
0.003443959
0.003481083
0.003373804
0.003415813
0.003418121
0.003437584
0.004845884
0.003673609
0.003383076
0.003476964
0.003852121
0.003417446
0.003403076
0.003625257
0.003437203
0.003397061
0.003430396
0.003441737
0.003453178
0.003413126
0.003459185
0.003473851
0.003459875
0.003467336
0.003472378
0.003412602
0.003418981
0.003466897
0.003476215
0.003491678
0.003492525
0.003490787
0.003393306
0.003522209
0.003430985
0.003557361
0.003360884
0.003462716
0.003436727
0.003479144
0.003394007
0.003460897
0.003500422
0.004981386
0.003401703
0.003436099
0.003416978
0.003471095
0.003440951
0.003413301
0.003442329
0.003429394
0.003530019
0.003375803
0.00339197
0.00339475
0.003515443
0.003375779
0.003403748
0.003423908
0.003493109
0.00336176
0.003460922
0.003437513
0.003472114
0.003360613
0.003443381
0.003443689
0.003553552
0.003381135
0.003446304
0.00347195
0.003501661
0.003421874
0.003499533
0.003412091
0.003526545
0.003438815
0.00355933
0.003392611
0.0033898
0.00351203
0.003411831
0.003455216
0.003394686
0.003380173
0.003441807
0.003471389
0.003484425
0.003517025
0.003400642
0.003494692
0.003493511
0.003503986
0.003530949
0.003447489
0.004295186
0.004537698
0.004421323
0.004405378
0.004413756
0.003452591
0.003430083
0.003468387
0.003574256
0.003385616
0.003491869
0.003433389
0.003461059
0.003435323
0.003495793
0.003422122
0.003420669
0.003410988
0.003462859
0.004160008
0.003855461
0.003645359
0.003440433
0.004037905
0.003364993
0.003577468
0.003418969
0.003460661
0.00342386
0.00336172
0.003392855
0.003512416
0.003507709
0.003459213
0.0034245
0.003455742
0.003381347
0.003447317
0.003641454
0.003513098
0.0034972
0.003658888
0.003807494
0.00362566
0.003435465
0.003412439
0.003403708
0.003524001
0.0033863
0.003472837
0.003407862
0.003475691
0.003420003
0.003449776
0.003382967
0.003492368
0.00338342
0.003508164
0.003386553
0.003499291
0.003400844
0.003675256
0.003390192
0.003457637
0.003492438
0.00361919
0.003439944
0.003371859
0.00337067
0.003787386
0.003381619
0.00341799
0.003377003
0.003459625
0.003416053
0.003443635
0.003414191
0.003438146
0.00379562
0.003441994
0.003423538
0.003450092
0.003467307
0.003478283
0.003432737
0.003391497
0.003418724
0.003490808
0.00340796
0.003479944
0.003447956
0.003475754
0.00338911
0.00347063
0.0034358
0.003532535
0.003408835
0.003492287
0.003473365
0.003392181
0.003402849
0.00350277
0.003391965
0.003542972
0.003427458
0.003413455
0.003519101
0.003560248
0.003414538
0.003426257
0.003443514
0.003428852
0.003465724
0.003385692
0.003434437
0.003416626
0.003434569
0.003457866
0.003401926
0.003441896
0.003502574
0.003639156
0.003400865
0.003572119
0.003419587
0.003510158
0.00337427
0.003465786
0.003366984
0.003490209
0.003420239
0.003443871
0.003477283
0.003461542
0.003371314
0.003505883
0.003494183
0.003621359
0.003401119
0.003472653
0.003420988
0.003479043
0.003410519
0.003450706
0.003385385
0.003372432
0.003430857
0.003429836
0.003492098
0.003487686
0.003992285
0.003439702
0.003459676
0.003463197
0.003532479
0.003413471
0.003506928
0.003483493
0.003444836
0.003417491
0.003476418
0.003463966
0.00339621
0.00359527
0.003401513
0.003459781
0.003426899
0.003503095
0.003432812
0.003463705
0.003481223
0.003720308
0.003366515
0.003452266
