#time [s]
0.000411452
0.00041317
0.000405095
0.000405068
0.000406779
0.000411897
0.000407712
0.000407239
0.000408881
0.000407953
0.000410113
0.000409532
0.000406785
0.000406796
0.000406917
0.000417035
0.000456768
0.000405233
0.000405271
0.000405188
0.0004068
0.000406958
0.000411743
0.000418163
0.000480256
0.000405149
0.000405024
0.000404942
0.000441963
0.00040753
0.000405038
0.000413767
0.000405169
0.000407064
0.000405843
0.000415945
0.00040687
0.000413946
0.000408139
0.000424519
0.000408297
0.000408109
0.000408178
0.000408222
0.000410221
0.000409594
0.000406917
0.000417773
0.000482515
0.000405618
0.000405326
0.000405272
0.000405259
0.000407255
0.000415677
0.000408377
0.000407201
0.000409185
0.000536131
0.000416353
0.000439035
0.00040561
0.000413466
0.000405178
0.000405098
0.000406918
0.000405873
0.000408857
0.000406966
0.000408993
0.000423563
0.000410642
0.000413493
0.000408334
0.000408279
0.000408286
0.000415729
0.000409752
0.000434826
0.000405298
0.000407129
0.000405194
0.000407016
0.000406968
0.000405958
0.000407954
0.000417103
0.000409182
0.000413686
0.000410331
0.000533499
0.000405309
0.000438034
0.000405258
0.000413501
0.000405189
0.000406956
0.000412255
0.00040794
0.000412177
0.000409075
0.000408309
0.000424508
0.000416379
0.000411858
0.000411752
0.000407532
0.000407546
0.000407601
0.000437774
0.000405037
0.000405254
0.000405059
0.00040508
0.000405981
0.000405877
0.000409399
0.000410334
0.000408177
0.000421605
0.000409872
0.000424865
0.000453074
0.000405135
0.000439029
0.000406811
0.000405042
0.000406972
0.000405344
0.000406868
0.000405771
0.000407859
0.000406942
0.000408709
0.000408081
0.000415279
0.00042229
0.00041418
0.000413151
0.000408098
0.000438317
0.00040965
0.000411698
0.00041152
0.000412772
0.000417387
0.000413567
0.000407398
0.00040951
0.000408883
0.000410921
0.000408765
0.000404937
0.000404898
0.000461225
0.00040521
0.000405015
0.000405022
0.000458326
0.000405109
0.000405025
0.000405006
0.00041341
0.000405961
0.000407812
0.000406864
0.000415623
0.000408123
0.000408078
0.000409617
0.00040814
0.000422306
0.000432559
0.00040497
0.000404937
0.000405006
0.000406768
0.00040582
0.000411755
0.000416527
0.000407069
0.00040817
0.000410129
0.000409659
0.00040689
0.000406948
0.000406918
0.000406919
0.000681267
0.000507923
0.000481666
0.000416423
0.00042639
0.000404902
0.000407092
0.000404887
0.000405363
0.00040587
0.000407783
0.000410196
0.00040901
0.000408059
0.000410106
0.000409492
0.000420895
0.000415527
0.000406829
0.000406899
0.000408818
0.000408066
0.00041026
0.000408065
0.000408004
0.000418523
0.000408266
0.000410063
0.000409573
0.000412759
0.00041506
0.000406824
0.000415215
0.000514452
0.000431749
0.00041186
0.000405061
0.000405184
0.000405499
0.000405135
0.000405228
0.000413822
0.000407089
0.000407767
0.000408952
0.000407019
0.000408911
0.000408305
0.000410274
0.000415272
0.000421396
0.000407228
0.000428471
0.000405416
0.000405129
0.000405166
0.000405237
0.000409133
0.000406094
0.000408433
0.000407097
0.000409119
0.000408369
0.000410548
0.000415602
0.000409946
0.000407142
0.000416108
0.00042711
0.000427721
0.000405375
0.000438706
0.000405371
0.000407141
0.000413999
0.000407271
0.000407053
0.000406047
0.000407966
0.000407083
0.00040919
0.000413902
0.000424783
0.000410138
0.000407124
0.000407144
0.000407051
0.000409716
0.000409147
0.000408371
0.000426239
0.000410121
0.000407081
0.000407086
0.000415321
0.000407127
0.000409023
0.000408356
0.000410334
0.000410186
0.000407053
0.000506737
0.000461161
0.000429242
0.000405406
0.000407578
0.00040522
0.000407772
0.00040519
0.000409065
0.000406051
0.000409039
0.000407002
0.000414871
0.000408342
0.000424644
0.000410101
0.00041195
0.000417773
0.000407701
0.000416149
0.000407653
0.000407543
0.000419952
0.000409221
0.000411132
0.000410781
0.000407545
0.000413557
0.000407704
0.000410102
0.000409665
0.000409496
0.000411145
0.000470374
0.000405154
0.000437951
0.000405224
0.000405171
0.000405001
0.00041392
0.000407186
0.000405934
0.000411323
0.000410161
0.000408866
0.000408246
0.000410143
0.00040817
0.000422363
0.000408394
0.000408254
0.000410244
0.000409713
0.000407018
0.000406955
0.000406981
0.000416799
0.000409264
0.000408254
0.000410238
0.000409694
0.000406963
0.000406959
0.000406939
0.000406891
0.000484426
0.000407205
0.00040698
0.000406987
0.000406909
0.000434455
0.000405075
0.000405075
0.000413521
0.000407218
0.000405908
0.00040779
0.000406989
0.00040897
0.0004082
0.000410135
0.000409646
0.000426378
0.000411853
0.000407611
0.000407534
0.000407528
0.000407574
0.000409474
0.000408918
0.000410046
0.00040732
0.000406991
0.00040697
0.000409131
0.000408225
0.000433487
0.000406521
0.000406396
0.000426885
0.000483017
0.000405151
0.000405056
0.00043909
0.0004052
0.000405022
0.00040505
0.000415481
0.000407074
0.00041192
0.000407851
0.000406945
0.000408938
0.000408222
0.000410319
0.000408292
0.000422427
0.00040848
0.00040841
0.000410339
0.00040977
0.000406916
0.000406942
0.000406944
0.000407019
0.000409275
0.000408283
0.000410255
0.000413133
0.000406982
0.000415141
0.000406967
0.000406989
0.000514389
0.000408345
0.000410293
0.000409732
0.000407025
0.000405283
0.00040503
0.000407475
0.000413282
0.000407009
0.000405982
0.000407834
0.000406865
0.000408793
0.000408171
0.000410369
0.000409678
0.000420581
0.000407184
0.000406948
0.000407111
0.000408952
0.000408186
0.000410118
0.000409662
0.00040687
0.000407366
0.00040702
0.000407002
0.00040896
0.000408178
0.00041026
0.000409636
0.000406911
0.000427364
0.000460212
0.000405029
0.000404982
0.000438706
0.000405184
0.000404975
0.000404924
0.000404803
0.000430143
0.000405089
0.000404993
0.000405022
0.000405132
0.000408864
0.000405936
0.000407919
0.000420772
0.000409108
0.000408274
0.000410226
0.0004097
0.000406894
0.000410333
0.000406939
0.000406969
0.000409299
0.00040817
0.000410154
0.000409623
0.000411619
0.000411569
0.000407434
0.000407446
0.000499784
0.000405323
0.000404993
0.000404933
0.000404916
0.000431022
0.000404973
0.000404926
0.000413381
0.000405129
0.000411568
0.000408044
0.000415579
0.000409094
0.00041324
0.000410252
0.000415
0.000420538
0.000407141
0.000406889
0.000406907
0.000409057
0.000408109
0.000410026
0.000408143
0.000418443
0.000408311
0.000408156
0.000410166
0.000409664
0.000406846
0.000406883
0.000406901
0.00040684
0.000429729
0.000459493
0.000404968
0.000404914
0.000438511
0.000405112
0.00040668
0.000404934
0.000415451
0.000406995
0.000405853
0.000408815
0.000406874
0.000408919
0.000408127
0.000410269
0.000408072
0.000421945
0.000408282
0.00040819
0.000410124
0.000409657
0.00040691
0.00040679
0.000406852
0.000406823
0.000409316
0.000408168
0.000410346
0.000409669
0.000406985
0.000411733
0.00040687
0.000406892
0.000467544
0.000457972
0.000407441
0.000405029
0.00040705
0.000438454
0.000405079
0.000405039
0.000413389
0.000407004
0.000405977
0.000408079
0.000406901
0.00040877
0.000408155
0.000410111
0.000409656
0.000420516
0.000407091
0.000406901
0.000406835
0.000411975
0.000408113
0.000415406
0.000409624
0.000422896
0.000411807
0.000407512
0.000407512
0.000407521
0.000407449
0.000409586
0.000408807
0.000406907
0.00041646
0.000433946
0.000405143
0.000451828
0.000458853
0.000405708
0.000405415
0.000429939
0.000414286
0.000405509
0.000407537
0.000405299
0.000406191
0.000406278
0.000407267
0.000407205
0.000408482
0.000424818
0.000417713
0.00040587
0.000408124
0.00040536
0.000407764
0.000407279
0.000406139
0.000423945
0.000407254
0.000409175
0.00040839
0.000405145
0.000429916
0.00040546
0.000405395
0.000405386
0.000416909
0.000407237
0.000406119
0.000421156
0.000489645
0.000407193
0.000405171
0.000407062
0.000413707
0.000407304
0.000406138
0.000407876
0.000407052
0.000409282
0.000408217
0.000415617
0.000408298
0.000408673
0.000408316
0.000408357
0.000410245
0.000409793
0.000410309
0.000407044
0.00040706
0.00041705
0.00041467
0.00040822
0.000415829
0.000408245
0.000408263
0.000408296
0.000408284
0.000420571
0.000515749
0.000405195
0.000405081
0.000405088
0.000404968
0.000405279
0.000405063
0.000404928
0.00041342
0.000407055
0.000405857
0.000408692
0.000406902
0.000408702
0.000408122
0.000410039
0.000424502
0.000412097
0.000411712
0.000407563
0.000407547
0.00040744
0.000415809
0.000409567
0.000414163
0.000411584
0.000408981
0.000404965
0.000405007
0.000404869
0.000405004
0.000431822
0.000405034
0.000414551
0.000438309
0.000429055
0.000405356
0.000411153
0.000440078
0.000407349
0.000405233
0.00040721
0.000414388
0.00040717
0.000406063
0.000409033
0.000407078
0.000409118
0.000408511
0.000427483
0.000474551
0.000405449
0.000405208
0.000405266
0.000405197
0.000406003
0.000406106
0.00040714
0.00040707
0.000418294
0.00041059
0.000409887
0.00040714
0.00040702
0.000407039
0.000407036
0.000408938
0.000408407
0.000551632
0.000453796
0.00052095
0.000541533
0.000546494
0.000497466
0.000478096
0.000522492
0.000523826
0.000542338
0.000501107
0.000517291
0.00047079
0.000563182
0.000528302
0.000557851
0.000534096
0.000516608
0.000500497
0.00052139
0.00055426
0.000494966
0.000522318
0.00049542
0.000547314
0.000535904
0.000555448
0.000460879
0.000413201
0.000424487
0.000446561
0.000423651
0.00042713
0.000436913
0.00044003
0.000418925
0.000435147
0.000416467
0.0004263
0.000416639
0.00041639
0.000428296
0.000491796
0.000512538
0.000501207
0.000546133
0.000496928
0.000514131
0.000514745
0.000496461
0.000515628
0.000524691
0.000478502
0.000493943
0.000475527
0.000510592
0.000475783
0.000491007
0.000474415
0.000515089
0.000517375
0.000522838
0.000487518
0.000503036
0.000477874
0.00052435
0.000546535
0.000500407
0.000474911
0.000494097
0.000519182
0.000547009
0.000521267
0.000497064
0.000498383
0.000477335
0.000554078
0.00054863
0.00050343
0.00049539
0.000481967
0.000497248
0.000524518
0.000570696
0.000488636
0.000481588
0.000457854
0.000512543
0.000545476
0.000516644
0.000493442
0.00049756
0.000481265
0.000499587
0.00050543
0.000498005
0.000500154
0.000512697
0.000477474
0.000452788
0.000503166
0.000502966
0.000510603
0.000500857
0.000484251
0.00047932
0.000473042
0.000405081
0.000405195
0.00040519
0.000405187
0.000433388
0.00054086
0.000478241
0.000405268
0.000405176
0.000439301
0.00042832
0.000405232
0.000405118
0.000413784
0.000405245
0.000405993
0.000405969
0.000407109
0.000407109
0.000408308
0.000418914
0.000424078
0.000416499
0.000407133
0.000416192
0.00040712
0.000413865
0.000408283
0.000410212
0.000420264
0.000407238
0.000410151
0.000407048
0.000407011
0.000409154
0.000434208
0.000409303
0.000515366
0.000405684
0.000499957
0.000405222
0.000405133
0.000433002
0.000405157
0.000407108
0.000405007
0.000405223
0.000406903
0.000411827
0.000407897
0.000407027
0.000409008
0.000413223
0.000410174
0.000426903
0.000408327
0.000414232
0.000408244
0.000416347
0.000409675
0.000406961
0.000409863
0.000416327
0.00040721
0.00040893
0.000413645
0.000410274
0.000432656
0.000405275
0.000405088
0.000414476
0.000407312
0.000445745
0.000442366
0.000405391
0.000415645
0.000444872
0.000419348
0.000426544
0.000431629
0.000407534
0.000405625
0.000407333
0.000428909
0.000433494
0.000410798
0.000427231
0.000408436
0.000408096
0.000405576
0.000458435
0.000407392
0.000405377
0.000407427
0.000421108
0.000415564
0.000407794
0.000428374
0.000405248
0.000432856
0.000407401
0.000428143
0.000418151
0.000405614
0.000407528
0.000445286
0.000453835
0.000406583
0.000410065
0.000455578
0.000415235
0.000407727
0.000405197
0.00040743
0.000407109
0.000415278
0.000408203
0.00040723
0.000421431
0.000451358
0.000407118
0.000429744
0.00042725
0.000427545
0.000405205
0.000405208
0.000405145
0.000415563
0.000459173
0.000405276
0.000405323
0.000405177
0.00040519
0.000407047
0.000406076
0.000418227
0.000407308
0.00044336
0.000427396
0.000407111
0.000438068
0.000405441
0.000405243
0.000415932
0.00040534
0.000412958
0.000405986
0.000416743
0.000410212
0.000410661
0.000408376
0.000409817
0.000423048
0.000408566
0.000408448
0.000408454
0.000416075
0.000409859
0.00041203
0.000411797
0.000447973
0.000407825
0.00041294
0.000407625
0.000415021
