#time [s]
0.001121531
0.001104694
0.001123098
0.001117148
0.001113747
0.001108448
0.001181357
0.001123605
0.00109753
0.001119653
0.001127878
0.00117569
0.001150752
0.001159725
0.001100072
0.001125439
0.001124481
0.001094121
0.001202285
0.001094951
0.001137969
0.001094348
0.00111943
0.001100993
0.001127866
0.001100523
0.001100595
0.001115092
0.001141677
0.001094391
0.001113266
0.001252734
0.001094095
0.00111711
0.001116646
0.00110472
0.001095219
0.001128991
0.001101862
0.001118979
0.001123333
0.001107152
0.001095275
0.001121284
0.001093136
0.001133309
0.00110837
0.001152245
0.001108591
0.001094352
0.001099492
0.00110259
0.001097146
0.001147179
0.001114614
0.001097332
0.001230977
0.001135667
0.001095047
0.001115549
0.001095558
0.001111583
0.001128856
0.00110801
0.001104615
0.001106962
0.001093838
0.001094664
0.001132322
0.001097261
0.00117091
0.001110962
0.001117315
0.001096249
0.001145539
0.001109064
0.001122392
0.001101738
0.00110628
0.001099479
0.001109637
0.001190971
0.001135085
0.001108992
0.001095076
0.001099519
0.001116002
0.001144072
0.001099477
0.001101306
0.001125662
0.00109934
0.00113203
0.001237296
0.001273654
0.001229772
0.001107324
0.001106007
0.001099706
0.001137014
0.001105325
0.001095549
0.001119553
0.001099685
0.001098938
0.001122256
0.001217524
0.001133965
0.001105484
0.001112573
0.001098531
0.001138909
0.001107261
0.00109072
0.001155075
0.001117219
0.00109598
0.001095646
0.001239013
0.001147708
0.001095524
0.001111815
0.001108586
0.001111498
0.001117999
0.001098842
0.001117254
0.001114081
0.001118958
0.001103278
0.001183696
0.001094423
0.001140913
0.001122796
0.00109763
0.001104618
0.001128226
0.0011251
0.001092901
0.001114458
0.001096485
0.001104228
0.001123128
0.001120057
0.001133853
0.001117428
0.001108054
0.001098615
0.001104317
0.001101449
0.001111092
0.00110477
0.001132365
0.001102928
0.00109888
0.001249611
0.001125981
0.001095832
0.001120606
0.001097647
0.001100418
0.001126723
0.001110787
0.001108226
0.001115445
0.001094746
0.00109692
0.001211268
0.001095532
0.001132609
0.001107569
0.001099259
0.001123524
0.001131546
0.001107677
0.001091357
0.001105049
0.001097194
0.001103206
0.001123703
0.001245166
0.001132233
0.001116687
0.001154904
0.001114941
0.001118832
0.001122592
0.001101633
0.001106386
0.001135932
0.001093376
0.00109482
0.001215349
0.001170546
0.001168059
0.001179517
0.001163644
0.001176157
0.001186182
0.001169126
0.001174299
0.001171255
0.00124376
0.001166319
0.001173674
0.001188311
0.001095501
0.001114945
0.001114429
0.001110893
0.001132349
0.001104316
0.001115313
0.001120135
0.001116237
0.001102994
0.001230367
0.001181388
0.001182815
0.001097761
0.001119001
0.001093878
0.001118157
0.001158518
0.001092693
0.001097062
0.00109706
0.001126382
0.001165588
0.001095137
0.001111172
0.001174767
0.00111521
0.001119949
0.001100219
0.001113633
0.00111892
0.001169164
0.001092411
0.001115637
0.001106573
0.00110267
0.001183226
0.001094335
0.001141777
0.001093582
0.001095063
0.001098529
0.001102136
0.001107512
0.00110747
0.001104521
0.001134094
0.001099037
0.001101876
0.001280072
0.001092761
0.001135106
0.001107278
0.001113701
0.001098485
0.001133581
0.001098511
0.001102985
0.001144806
0.001112851
0.001094813
0.001108181
0.001160719
0.001121327
0.001151121
0.001106258
0.001129902
0.001122742
0.001106799
0.001100117
0.001119065
0.00110209
0.001102445
0.001114649
0.001140023
0.001152193
0.001108491
0.001100787
0.001122747
0.001117458
0.001097928
0.001100387
0.001117607
0.001096687
0.001100039
0.001126357
0.001172998
0.001174275
0.001093864
0.001096468
0.001114283
0.001103623
0.001102343
0.001102708
0.001100158
0.001124538
0.001119796
0.001101784
0.001203492
0.001093279
0.001095484
0.001119002
0.001096344
0.001100998
0.001129648
0.001106035
0.001092468
0.001109102
0.001096855
0.001102906
0.001138687
0.001094064
0.001130019
0.001093657
0.001100068
0.001098391
0.001103304
0.001120702
0.001118625
0.001127377
0.001112161
0.001190529
0.001117596
0.001254166
0.001142527
0.001117089
0.001120281
0.001096903
0.001116041
0.001123824
0.001103663
0.001106097
0.001130332
0.001110183
0.001126489
0.001234472
0.001094714
0.00114019
0.001115534
0.001126453
0.001105067
0.001130611
0.001127201
0.001089682
0.001125029
0.001096483
0.001100966
0.001122921
0.001242873
0.001158521
0.00109389
0.001109512
0.001100251
0.001123604
0.001118925
0.001100569
0.001104709
0.001117208
0.001155034
0.001096876
0.001200253
0.001096076
0.001135521
0.001111055
0.001096362
0.001098954
0.001127855
0.001114766
0.001093038
0.00111098
0.001095963
0.001107144
0.001108544
0.001210747
0.001141476
0.001094997
0.001100727
0.001100095
0.001111454
0.001117689
0.001107997
0.00110465
0.001110799
0.001108799
0.001102507
0.001198529
0.001096739
0.0011306
0.001105257
0.001095124
0.001126042
0.001113699
0.001102141
0.001107317
0.001105839
0.001107034
0.001101524
0.001126763
0.001258613
0.001132886
0.001113457
0.001115024
0.001099712
0.001101726
0.001118737
0.001103573
0.001104104
0.001113496
0.001118532
0.00110294
0.001252686
0.001133023
0.001316295
0.00113775
0.0012233
0.001144301
0.001123721
0.001123942
0.001123743
0.001114215
0.001093088
0.00109411
0.001099233
0.001230409
0.00117736
0.001112187
0.001103015
0.001123008
0.001107032
0.001126301
0.001106943
0.001094129
0.00109664
0.001123712
0.00112648
0.0011943
0.001108482
0.001094683
0.001093327
0.001152567
0.001118992
0.001104234
0.001133656
0.001102624
0.001106089
0.00113354
0.001197387
0.001095479
0.001092689
0.001111872
0.001102256
0.001117674
0.001122195
0.001119423
0.00110013
0.001119624
0.001112258
0.0011033
0.001205892
0.00109571
0.001137187
0.001107998
0.001098728
0.001100306
0.00114982
0.001105135
0.001110181
0.001122637
0.001095894
0.001102447
0.001123354
0.001195559
0.001094238
0.001111467
0.001103416
0.001098878
0.001137531
0.001109991
0.001090918
0.001109996
0.001096545
0.001126066
0.001123805
0.001171049
0.001151382
0.001119913
0.001106383
0.001109762
0.001130954
0.001097884
0.00109931
0.001124431
0.001190256
0.001093321
0.001110344
0.001255361
0.001136466
0.001111761
0.001098453
0.001100422
0.001119098
0.001114732
0.001101497
0.001128061
0.001108001
0.001112833
0.001129988
0.001207435
0.001140356
0.001117659
0.001119927
0.001108134
0.001107244
0.001102443
0.001100232
0.001103384
0.001123353
0.001099605
0.00110228
0.001196107
0.00113508
0.001097685
0.001118667
0.001109451
0.001121462
0.001125421
0.001124653
0.001100604
0.001134877
0.001100686
0.001114376
0.00118584
0.001097679
0.001136276
0.001130169
0.00110037
0.00112628
0.001100232
0.001106853
0.001106212
0.001107018
0.00111918
0.001096326
0.001119149
0.001255339
0.001096347
0.00111074
0.001111712
0.001100094
0.001107582
0.001136939
0.001110349
0.001093339
0.001110481
0.001105857
0.001109677
0.001123235
0.001182705
0.001156954
0.001113024
0.001093204
0.0011197
0.001146794
0.001097539
0.001116612
0.00110403
0.001148424
0.001121668
0.001115844
0.001195273
0.001116306
0.001096704
0.001118029
0.001095288
0.001100937
0.0011526
0.001096523
0.001108676
0.001125317
0.001107389
0.001108099
0.001238241
0.00111015
0.001096199
0.001115901
0.001118433
0.001105277
0.001144946
0.001107481
0.001103011
0.001094652
0.001104429
0.001127517
0.00111912
0.001096816
0.001147669
0.001094392
0.001115003
0.001099348
0.001104009
0.00115061
0.001135379
0.001106936
0.001138369
0.001098888
0.001111221
0.001201593
0.00111085
0.001117776
0.001136614
0.001099867
0.001095167
0.0011262
0.001108972
0.001096264
0.001114452
0.001108156
0.001102447
0.001201981
0.001126878
0.001138465
0.00110888
0.00111869
0.001118513
0.001103891
0.001093885
0.00109398
0.001130762
0.001121165
0.001113242
0.001139033
0.001229841
0.001137149
0.001092568
0.001106883
0.001099227
0.001102679
0.001128754
0.001133992
0.00110561
0.001116453
0.001111912
0.00110192
0.001198573
0.001095062
0.001142501
0.001111198
0.001106168
0.001098551
0.001126461
0.001096865
0.001107539
0.001122993
0.001105952
0.001126855
0.001115844
0.001231722
0.001136754
0.001097558
0.001134872
0.00110773
0.001125694
0.001145941
0.001097457
0.001192614
0.001122585
0.001098839
0.00110074
0.001228547
0.001118213
0.001133675
0.00110853
0.001097172
0.001105182
0.001146437
0.00110729
0.001111503
0.001108497
0.00109702
0.001100995
0.00110664
0.001220172
0.00113641
0.001094954
0.001095749
0.00110971
0.001119423
0.001128984
0.001121032
0.001101956
0.001124808
0.001107932
0.001104709
0.001226769
0.00109394
0.001136339
0.001104168
0.001097701
0.001098004
0.001128071
0.001109817
0.001102384
0.001107596
0.001096672
0.001110535
0.001111974
0.001149439
0.001131472
0.001095345
0.001122118
0.001124485
0.001106314
0.00112279
0.001103106
0.001106072
0.001127196
0.001103281
0.00111554
0.001227383
0.001115127
0.00113509
0.00110843
0.001116165
0.001099074
0.001142886
0.001105356
0.001126642
0.001124634
0.001112168
0.001109881
0.001106528
0.001124712
0.001137323
0.001111256
0.001111694
0.001104452
0.001120128
0.001097908
0.001109509
0.001102381
0.001121402
0.001106426
0.001108201
0.001231018
0.001095705
0.001118643
0.001110528
0.001122968
0.001094427
0.001127616
0.001122574
0.001108304
0.001125429
0.001093945
0.001092897
0.001171055
0.001092751
0.001132487
0.001107188
0.001098556
0.001099845
0.001109663
0.001107306
0.001107809
0.001102475
0.00109861
0.00111385
0.001105106
0.001199023
0.001093023
0.00109359
0.001108208
0.001099141
0.001103371
0.001135869
0.001104486
0.001091805
0.00110886
0.001116758
0.001103174
0.001147784
0.001147333
0.001131509
0.001107913
0.001101379
0.001099812
0.001129393
0.001113313
0.001094643
0.001111568
0.001104855
0.001103285
0.001126809
0.001252469
0.001149431
0.001109677
0.001115223
0.001104568
0.001125057
0.001103575
0.001107803
0.001119087
0.001116917
0.001097768
0.001118673
0.00120971
0.001136223
0.001109288
0.001095133
0.001104966
0.001134246
0.001099796
0.001108799
0.001115358
0.001104277
0.001125495
0.001106033
0.001201537
0.001134415
0.001095988
0.001107122
0.001096354
0.001100344
0.001128891
0.001101609
0.001111323
0.001118303
0.001102105
0.001130326
0.001207572
0.001094951
0.001110916
0.001123511
0.001126274
0.001102633
0.001111145
0.001149779
0.001097189
0.00110221
0.001123551
0.001104303
0.001090773
0.001261005
0.001204945
0.001173825
0.001151049
0.001118934
0.001098038
0.001115505
0.001102692
0.001117682
0.00109314
0.001094611
0.001119908
0.001266133
0.001093119
0.001092907
0.001108372
0.001096364
0.001106209
0.00112941
0.001104922
0.001090848
0.001123548
0.001115539
0.001102989
0.001133744
0.001092911
0.001131031
0.001105288
0.001096352
0.001097332
0.001102966
0.001098679
0.001106778
0.001112638
0.001099309
0.001105627
0.001102851
0.001198001
0.001094618
0.001107706
0.001107774
0.001098195
0.001116479
0.001127678
0.001119783
0.001095063
0.001117579
0.00111056
0.001110646
0.001133825
0.001418124
0.001490594
0.001374337
0.001399951
0.001399181
0.001481693
0.001363435
0.00144964
0.00139658
0.001525478
0.001439902
0.001539095
0.001401326
0.001423021
0.001495609
0.001435298
0.001451767
0.001459006
0.001504366
0.001449487
0.001486918
0.00145324
0.001471762
0.001257883
0.001501693
0.001356409
0.001549475
0.001386651
0.001510807
0.001250108
0.001256621
0.001281407
0.001208369
0.001248984
0.001233604
0.001276563
0.001229523
0.001491997
0.001451805
0.001476907
0.001412227
0.001163034
0.001094439
0.001124635
0.001137395
0.001095431
0.001101308
0.00117372
0.001140169
0.001142499
0.00111762
0.001119941
0.001119971
0.001137319
0.001093918
0.001098588
0.001098583
0.001121234
0.001114032
0.00114463
0.001116106
0.001113754
0.001094243
0.001115071
0.001147339
0.001112407
0.001117227
0.001098036
0.001120433
0.001099667
0.001101154
0.00120903
0.001093501
0.001133204
0.001107295
0.00111499
0.001099335
0.001129186
0.001111467
0.001103752
0.00111038
0.001103963
0.001108073
0.001124007
0.001144365
0.001138682
0.001096813
0.001100535
0.001119714
0.001116144
0.001131779
0.001129009
0.001123301
0.001114946
0.001098611
0.001126439
0.001219776
0.001116906
0.001118453
0.001111384
0.001097375
0.001103865
