#time [s]
0.000618134
0.000702042
0.000692818
0.000666411
0.000613636
0.000653634
0.000731684
0.000701557
0.000679543
0.000672969
0.000676947
0.000691486
0.000656977
0.000587145
0.000530798
0.000545332
0.000517747
0.000516683
0.000642145
0.00051941
0.00051748
0.000550289
0.00054021
0.000562476
0.00052758
0.00051679
0.00051659
0.000518601
0.000523852
0.000519793
0.000522279
0.000532083
0.000522809
0.000530383
0.000526136
0.000524474
0.000525021
0.000538133
0.000520982
0.000520892
0.0005228
0.000520763
0.000520816
0.000520909
0.000653552
0.000530992
0.000544166
0.000551805
0.000516876
0.000516593
0.000516957
0.000519412
0.000524533
0.000524756
0.000521124
0.000522853
0.000537211
0.00052498
0.00052278
0.000516595
0.000516632
0.000516573
0.000529665
0.000524038
0.000525574
0.00052109
0.000520789
0.000522903
0.00053912
0.000519994
0.000606455
0.000522495
0.000523908
0.000552795
0.000525356
0.000519043
0.000518411
0.000518349
0.000526065
0.00052714
0.000535116
0.000523219
0.000522743
0.000522469
0.000519098
0.000527149
0.000531044
0.000520995
0.000528422
0.00052455
0.000519275
0.000519265
0.000531433
0.000521018
0.000522738
0.000544046
0.000640965
0.000516838
0.000529179
0.000516727
0.00051653
0.000518605
0.000517849
0.00052066
0.000534768
0.000521114
0.000522782
0.000520726
0.00052073
0.000520749
0.000522834
0.000534707
0.000526158
0.000523141
0.000525949
0.000528207
0.000528072
0.000527715
0.000531613
0.000546595
0.000537329
0.000550501
0.000550009
0.000532402
0.000516926
0.000516549
0.000518932
0.000526864
0.000535017
0.000521164
0.000538675
0.000595706
0.000527021
0.000519233
0.000529533
0.000528347
0.000532998
0.000523037
0.000519153
0.0005191
0.000527325
0.000520991
0.000526363
0.000534667
0.00053101
0.000619436
0.000600624
0.000518743
0.000516627
0.000524704
0.000529848
0.000524438
0.000525164
0.000531274
0.000519311
0.000520728
0.000544763
0.000535949
0.000520946
0.00053677
0.000524646
0.000522766
0.000516648
0.000527519
0.000516666
0.000525428
0.000523605
0.000519198
0.000529767
0.000590907
0.000520253
0.00052461
0.000572328
0.000518786
0.000518875
0.000516568
0.000526987
0.000519856
0.000519398
0.000521147
0.000520854
0.000522911
0.000519128
0.000532485
0.000525445
0.000521351
0.000520754
0.000529017
0.000524991
0.000522741
0.000537849
0.000540059
0.000527379
0.000522785
0.000530573
0.000543041
0.000550132
0.000517007
0.000518909
0.000516541
0.000562303
0.000526126
0.000519248
0.000529707
0.000522988
0.000522957
0.000519083
0.000527797
0.000519322
0.000535414
0.000520918
0.000528365
0.000518967
0.000527383
0.000527408
0.000521173
0.000539205
0.000533289
0.000530293
0.000524393
0.000519121
0.000521193
0.000536482
0.000667932
0.000519107
0.000516578
0.000551456
0.000518765
0.000516819
0.000525215
0.000518757
0.000517769
0.000525166
0.000521193
0.000520906
0.000522732
0.00052798
0.000519142
0.000519282
0.000521338
0.000520726
0.00052282
0.000537622
0.000534118
0.000519131
0.000521347
0.000528033
0.000526106
0.000524998
0.000550013
0.000541353
0.000531658
0.000622568
0.000521703
0.000518878
0.000554124
0.000516962
0.000516682
0.000518413
0.000517931
0.000525557
0.000519291
0.000542981
0.000523222
0.000517069
0.000519054
0.000519123
0.000518438
0.000524347
0.000533131
0.00052151
0.000528427
0.000556512
0.000565884
0.000516727
0.000534524
0.000604288
0.000547003
0.000533189
0.000516803
0.000516638
0.000525277
0.000518693
0.000527045
0.000519078
0.000521042
0.000521494
0.000522813
0.000533571
0.00052088
0.00053791
0.000521131
0.000527553
0.00052274
0.000519143
0.000523063
0.000519263
0.000529239
0.000520745
0.000522873
0.000519189
0.0005292
0.000648702
0.000530487
0.000557721
0.000516774
0.000589178
0.00052501
0.000524567
0.000516608
0.000524252
0.000527918
0.000518963
0.000520767
0.000536748
0.000523121
0.000525294
0.000535808
0.000526275
0.000525929
0.000535783
0.000520914
0.000522905
0.000526112
0.000520841
0.000520684
0.000522801
0.000541926
0.000542604
0.000516644
0.000549957
0.000516843
0.000529218
0.000527322
0.0005187
0.00051786
0.000527459
0.000521143
0.000520826
0.000522694
0.000539174
0.000522985
0.000522773
0.00051658
0.000516557
0.000518381
0.000518646
0.000518146
0.000519323
0.00052141
0.000520901
0.000528454
0.00051914
0.000538905
0.000562157
0.000517933
0.000516554
0.000528799
0.000518932
0.000520774
0.000555995
0.000517807
0.00052369
0.00051989
0.00051922
0.000521072
0.000537444
0.00052825
0.000527717
0.00051922
0.000519032
0.00052109
0.000520874
0.000533358
0.000528537
0.000519269
0.000533628
0.00052659
0.000520772
0.000522342
0.000593296
0.000654745
0.000741107
0.000589897
0.000516723
0.000524741
0.000518594
0.000517881
0.000526904
0.00052191
0.00052081
0.000543132
0.000526285
0.000528653
0.000526082
0.000522749
0.000520611
0.000537319
0.000521038
0.000527886
0.000520795
0.000520747
0.000524993
0.000530684
0.000521176
0.00062173
0.00051719
0.000518734
0.000558223
0.000525554
0.000516961
0.000516632
0.000519302
0.000519783
0.000519074
0.000535068
0.000528981
0.000528099
0.000519181
0.000519015
0.000519164
0.000521129
0.000521169
0.000522879
0.000519103
0.000520147
0.000519179
0.000529735
0.000521211
0.000534574
0.00051925
0.000594291
0.000516849
0.000520566
0.000525079
0.000516779
0.000518515
0.000517718
0.00052005
0.000521045
0.000534518
0.000523101
0.000526171
0.000526068
0.000516587
0.00051649
0.000516696
0.000530555
0.00051791
0.000535558
0.000521117
0.00052071
0.000535041
0.000534944
0.000519368
0.000537201
0.00063485
0.000551571
0.000519475
0.000518618
0.000525455
0.000534698
0.000527967
0.000525978
0.00052111
0.000529962
0.00052291
0.000529305
0.00052273
0.0005338
0.00052293
0.000522089
0.000524652
0.000526059
0.000520915
0.000517938
0.000519307
0.000521169
0.000520608
0.000522707
0.000591199
0.00059988
0.000516808
0.000550597
0.000516837
0.000518513
0.000516673
0.000524445
0.000520024
0.000530091
0.000520866
0.000528311
0.000522815
0.00053792
0.000600632
0.000516905
0.000516695
0.000518333
0.000518708
0.00052184
0.00054163
0.000521336
0.000523027
0.000528239
0.00051916
0.000519055
0.000615048
0.000517382
0.000516709
0.000516753
0.000551277
0.000518409
0.000516781
0.000527089
0.000534593
0.000530745
0.000531463
0.00052187
0.000529977
0.000520834
0.00053561
0.000529566
0.000522733
0.000520709
0.000529419
0.000520871
0.000528461
0.000529653
0.000520797
0.000520791
0.000522943
0.000532399
0.000529984
0.00063553
0.000524521
0.000516773
0.000554933
0.00057955
0.00051709
0.000529727
0.000518829
0.000517853
0.00051695
0.000519886
0.000519256
0.000524702
0.000539574
0.000519518
0.000529807
0.000520906
0.000522754
0.000519101
0.000546959
0.000517082
0.000516691
0.000522009
0.000523425
0.000517649
0.000519146
0.00054438
0.000588241
0.000518714
0.000518727
0.000603124
0.000525629
0.000516808
0.000528649
0.000532877
0.000531585
0.000530607
0.000538668
0.000539701
0.00054159
0.000525126
0.000528385
0.000516468
0.000516651
0.000518316
0.000520592
0.000518116
0.00052738
0.000521224
0.000520845
0.00052278
0.000528156
0.000531092
0.00058872
0.000517783
0.000516482
0.000550437
0.000516796
0.000518575
0.000534768
0.000535574
0.000531503
0.000530642
0.000532569
0.000534669
0.000543483
0.000521056
0.000520623
0.000522913
0.000520749
0.000520836
0.000520827
0.000533203
0.000524265
0.000520975
0.000523529
0.000528226
0.000520891
0.000516659
0.000592294
0.000541488
0.000516609
0.000553158
0.00051682
0.000516713
0.000535935
0.000523875
0.000516786
0.000516585
0.000516456
0.000518806
0.000531721
0.000521068
0.00052822
0.000532336
0.000539188
0.000520807
0.0005309
0.000520944
0.000523144
0.000520819
0.000520739
0.000520819
0.000523033
0.000523153
0.000609762
0.000516946
0.000542649
0.000550558
0.000518523
0.000525251
0.000518783
0.000527841
0.000525143
0.000527272
0.000520849
0.000537159
0.000523068
0.000519101
0.000519095
0.000519143
0.00052106
0.0005286
0.000533989
0.000525038
0.000522898
0.000516699
0.000523411
0.000520461
0.000527977
0.000524209
0.000601897
0.000516835
0.000551878
0.000516767
0.00051666
0.000549964
0.000520861
0.000527056
0.000516548
0.000517907
0.000519808
0.000528074
0.000529654
0.000522997
0.00053555
0.000520661
0.000520747
0.000522956
0.000539159
0.000521007
0.000520922
0.000522745
0.000520786
0.000520711
0.000520817
0.000576505
0.000568344
0.000516781
0.000553028
0.000516857
0.000525206
0.000533127
0.000518654
0.000519846
0.00052742
0.000521201
0.000523011
0.000522814
0.000532878
0.000519559
0.000522527
0.000526668
0.000520712
0.0005283
0.000527337
0.000519462
0.000527529
0.000529717
0.000520659
0.000518337
0.000518465
0.00054813
0.000544975
0.000518576
0.000516563
0.000550041
0.000517034
0.000518369
0.000525518
0.000517854
0.000519775
0.000519082
0.000522955
0.00052285
0.000522799
0.000519478
0.00051929
0.000532881
0.000521138
0.000535716
0.000528018
0.000528902
0.000519464
0.000519167
0.000521044
0.000520624
0.00052285
0.000519286
0.000624453
0.000525401
0.000516726
0.000550242
0.000516854
0.00051661
0.000526268
0.000523927
0.000530909
0.000525189
0.000531771
0.000522742
0.000528143
0.000534967
0.000527901
0.000523016
0.000520726
0.000520728
0.000520894
0.000523187
0.000521141
0.000520787
0.000526674
0.000522683
0.00052082
0.0005208
0.000594281
0.000547003
0.000545573
0.000539105
0.000516891
0.000516645
0.000524503
0.00052733
0.00051791
0.000519795
0.000521111
0.000520784
0.000538556
0.00054779
0.000531994
0.000520934
0.000522771
0.000520639
0.000520688
0.000520871
0.000533272
0.000530123
0.000531146
0.000521411
0.000522808
0.000530489
0.000531909
0.00062534
0.000562163
0.000539105
0.000579193
0.000538806
0.000527688
0.000518743
0.000517701
0.000519769
0.000521164
0.000526157
0.000522878
0.000541642
0.000521004
0.000520788
0.000522815
0.000520819
0.0005208
0.000520796
0.000529534
0.000522015
0.000523451
0.000520786
0.000522879
0.000526081
0.000542305
0.000608323
0.000519106
0.000516572
0.00056086
0.000526376
0.000516644
0.000532965
0.000517774
0.000524797
0.000538871
0.00053121
0.000520962
0.000537805
0.000535568
0.000525246
0.00052148
0.000521
0.000527591
0.000522006
0.000532683
0.000534235
0.00052168
0.000530316
0.000521699
0.000528708
0.000521819
0.000618566
0.000541968
0.000516664
0.000528529
0.000516617
0.000518607
0.000531198
0.000517974
0.000520084
0.000521649
0.000516637
0.000527255
0.000518443
0.00051887
0.000518456
0.000517862
0.000520853
0.000521012
0.000525708
0.000536771
0.000521068
0.000520828
0.00052077
0.000530209
0.000530108
0.000525206
0.000631111
0.000527176
0.000516695
0.000516777
0.000518154
0.000527817
0.000536239
0.000531076
0.000522788
0.000523538
0.00052762
0.00052065
0.000524537
0.000534971
0.000525906
0.000520855
0.000522836
0.000525787
0.000525848
0.000520775
0.000523102
0.000520916
0.000520827
0.000526125
0.000528128
0.000522748
0.000528794
0.000588145
0.000518742
0.000516707
0.000523046
0.000516666
0.000516844
0.000518829
0.000523913
0.000519184
0.000521244
0.00052591
0.000522769
0.000539931
0.000522873
0.000516816
0.000516801
0.000516709
0.000518516
0.000522437
0.00053728
0.000526844
0.000520937
0.000522656
0.000519086
0.000519131
0.000519243
0.000602334
0.000516795
0.000521662
0.000551967
0.000516796
0.000516774
0.00052476
0.000518651
0.000528859
0.000536836
0.000521217
0.000520747
0.000523826
0.000527196
0.00052347
0.000525013
0.00053596
0.000530334
0.000522779
0.000528982
0.000519417
0.000519251
0.000521336
0.000520741
0.000522757
0.000519278
0.000539621
0.000566971
0.000516555
0.000552065
0.000520112
0.000526602
0.000526563
0.000520686
0.000517941
0.000527687
0.000521272
0.000520776
0.000528448
0.000539219
0.000529063
0.000518806
0.000518443
0.000516638
0.000520729
0.000517763
0.000539148
0.000525152
0.000520939
0.000524707
0.000534148
0.00052899
0.000534145
0.000937963
0.00066772
0.00052882
0.000516975
0.000516562
0.000525898
0.000518593
0.000517743
0.000520761
0.00052113
0.000520811
0.000522857
0.000521221
0.000525847
0.000520703
0.000522915
0.000520892
0.000520864
0.000531642
0.00052314
0.000520807
