#time [s]
0.000316488
0.000314832
0.000314763
0.000314743
0.000314762
0.000314767
0.000314619
0.000314757
0.000314669
0.000314732
0.000358105
0.000364188
0.000315303
0.000314768
0.000314768
0.000314736
0.000314753
0.000314646
0.000314769
0.000314734
0.000314631
0.000314765
0.00031472
0.00031475
0.000314793
0.000314644
0.000314758
0.00031727
0.000325365
0.000314907
0.000314814
0.000314788
0.000314783
0.000314817
0.00031475
0.000314764
0.000314729
0.000314768
0.000314625
0.000314766
0.000411972
0.00032806
0.000314861
0.000314778
0.00031477
0.000314751
0.000314773
0.000314742
0.000314767
0.000314624
0.000314755
0.000314754
0.000314756
0.000314734
0.000314773
0.000314756
0.000314746
0.000314759
0.000314767
0.000325997
0.000314811
0.000314657
0.00031479
0.00031463
0.000314757
0.000314766
0.000314751
0.000314729
0.000314746
0.00031475
0.000314746
0.000314751
0.000314784
0.000314753
0.000347196
0.000318314
0.000322147
0.000394856
0.000315406
0.000314657
0.000314753
0.000314774
0.00031476
0.000314791
0.000369486
0.000567302
0.000573343
0.000555603
0.000555493
0.000567283
0.00058245
0.000590191
0.000590219
0.000589929
0.000590188
0.000541478
0.00047215
0.000472015
0.000472128
0.000472149
0.000471969
0.000366672
0.000314842
0.000314771
0.000314839
0.000315217
0.000314759
0.000314627
0.000314605
0.000314764
0.000314602
0.000314737
0.000314783
0.000314731
0.000314733
0.000314768
0.000314745
0.000314794
0.000314783
0.000314803
0.000314762
0.000397243
0.000325679
0.000327927
0.000324952
0.000333453
0.000329624
0.000315184
0.000314761
0.000314755
0.000314741
0.000314924
0.000315397
0.000315213
0.000315498
0.000323871
0.000314858
0.000314831
0.000314766
0.000314751
0.000314765
0.000314776
0.000314634
0.000316427
0.00031517
0.000314753
0.000314754
0.000314767
0.000314748
0.000327771
0.000314858
0.000314764
0.000314642
0.000314774
0.000314741
0.000314844
0.000314748
0.000314741
0.000314627
0.000314759
0.000314749
0.000314775
0.00031476
0.000314738
0.000321698
0.00031481
0.000314743
0.000314787
0.000314761
0.000314733
0.000314628
0.000489698
0.000323964
0.000315137
0.000314785
0.000314829
0.000315356
0.000314926
0.000324853
0.000315068
0.000323429
0.000314941
0.000314754
0.000315002
0.000314751
0.000314797
0.000314769
0.00031483
0.000317671
0.000314773
0.000314925
0.000315032
0.000314855
0.000314703
0.000316388
0.000314912
0.000322791
0.000314822
0.00031477
0.000314731
0.000314742
0.000314744
0.000314758
0.00031477
0.000314758
0.000314782
0.00031494
0.000314745
0.000314723
0.000314743
0.00031464
0.000314761
0.000314766
0.000314742
0.000325915
0.000316048
0.000314786
0.000314646
0.000314713
0.000314654
0.000314737
0.00031465
0.000314741
0.000314755
0.000314767
0.000343757
0.000315188
0.000314786
0.000314779
0.000314785
0.000314746
0.00031474
0.000322187
0.000314794
0.000314765
0.00031476
0.000314774
0.000314802
0.000314789
0.000314743
0.000314763
0.000314657
0.000323192
0.000314801
0.000314762
0.000314743
0.000314764
0.000322049
0.000314828
0.000314637
0.000314754
0.000314751
0.000314771
0.000315006
0.000315072
0.000314722
0.000314744
0.000314759
0.000314739
0.000314766
0.000314732
0.000314813
0.0003251
0.000314799
0.000314808
0.000314784
0.000314751
0.000314757
0.000314753
0.000314736
0.00031476
0.000314781
0.00031476
0.000314771
0.000314622
0.000314777
0.000314779
0.000321683
0.000314816
0.000314755
0.000314792
0.000314779
0.000314736
0.000314592
0.00031467
0.000314761
0.000314732
0.000314754
0.000355674
0.000314911
0.000314776
0.000321468
0.000314801
0.000323418
0.000314819
0.000314763
0.000314614
0.000314747
0.000314746
0.000314766
0.00031461
0.000314737
0.000314723
0.00031478
0.000314753
0.000314825
0.000321076
0.000314838
0.000314743
0.000314756
0.000314756
0.000314654
0.000314759
0.000314784
0.000314755
0.000314744
0.000314727
0.000314774
0.000314748
0.000314765
0.000324683
0.000314819
0.000314633
0.000314768
0.000314745
0.000314642
0.000314746
0.000314744
0.000314743
0.000314745
0.000314852
0.000314778
0.000314795
0.000314747
0.000314786
0.000314962
0.000314779
0.000314782
0.000314749
0.000364863
0.0003149
0.000314667
0.000314783
0.000314753
0.000314684
0.000314745
0.000314757
0.000322937
0.000314801
0.000314734
0.000314844
0.000314723
0.000314941
0.000314794
0.000314744
0.000314736
0.000314742
0.000314642
0.000314648
0.00031477
0.000314761
0.000314749
0.000314865
0.000321538
0.000314861
0.000314772
0.000314751
0.000314758
0.000314733
0.000314744
0.000314752
0.000314763
0.000314738
0.000314774
0.000314745
0.00031473
0.000314767
0.000314754
0.000314637
0.000325261
0.000314844
0.000314761
0.000314697
0.000314763
0.000314776
0.000314744
0.000314736
0.000314763
0.000314756
0.000314755
0.000314756
0.000314746
0.000314775
0.000314771
0.000321616
0.000314835
0.000314749
0.000368699
0.000319398
0.000315417
0.000314763
0.000314765
0.000314766
0.000314799
0.000314748
0.000314791
0.000314755
0.00031478
0.000330621
0.000314928
0.000314784
0.000314756
0.000314769
0.00031477
0.000314738
0.000314738
0.000314602
0.000314774
0.000314747
0.000314742
0.000314729
0.000314744
0.000314773
0.000320965
0.000314823
0.000314761
0.000314757
0.000314744
0.000314631
0.00031479
0.000314754
0.000314789
0.000314775
0.000314748
0.000314793
0.000314608
0.000314642
0.000314764
0.000324543
0.000314855
0.00031476
0.000314812
0.000314742
0.000314756
0.000314787
0.000314763
0.000314633
0.000314741
0.000314735
0.000314775
0.000314752
0.000314758
0.00031476
0.000323043
0.000600198
0.00043882
0.000315668
0.000324459
0.000325904
0.00031488
0.000314778
0.000315061
0.000314712
0.000315062
0.000314819
0.000314836
0.000314788
0.000323276
0.000314762
0.000314768
0.000315547
0.000318304
0.000315083
0.000323455
0.000314872
0.000315014
0.000315172
0.000314921
0.000314786
0.00031764
0.00031542
0.000318457
0.000315693
0.000314768
0.000314723
0.000314764
0.000314596
0.000314738
0.000314738
0.000314751
0.000314811
0.000314612
0.000314802
0.000314758
0.000328393
0.00031485
0.000314788
0.000314746
0.000314621
0.000314772
0.00031473
0.000314742
0.000314741
0.000314742
0.000314773
0.000314732
0.000314605
0.000314666
0.000314756
0.000314755
0.00031474
0.000314638
0.000454165
0.000452267
0.000315125
0.00031479
0.000314794
0.000323372
0.00031485
0.000314776
0.000314732
0.00031474
0.000314764
0.000314744
0.000314731
0.000314717
0.000314797
0.000314744
0.000314757
0.000321067
0.000314857
0.000314772
0.000314624
0.000314735
0.00031474
0.000314754
0.000314772
0.000314623
0.00031477
0.000314742
0.000314794
0.000314739
0.000314785
0.000314765
0.000314763
0.000325357
0.000314739
0.00031478
0.000314792
0.000314765
0.000314758
0.000314745
0.000314632
0.000314735
0.000314752
0.000314759
0.000314754
0.000314772
0.000314767
0.000314788
0.000314762
0.000314938
0.000355
0.000336518
0.000314861
0.000314759
0.00031474
0.000314641
0.000314781
0.000314641
0.000314789
0.000314746
0.000314744
0.000314759
0.00032803
0.000329063
0.000314948
0.000314712
0.000314762
0.000314657
0.000314737
0.000314747
0.000314752
0.000314759
0.000314758
0.000314746
0.000314783
0.000314728
0.000314811
0.000314728
0.000314772
0.000314741
0.000321498
0.000314929
0.000314629
0.000314753
0.000314747
0.000314755
0.000314745
0.000314771
0.000314783
0.000314616
0.000314751
0.000314757
0.000314712
0.000314769
0.000314746
0.000314741
0.000314756
0.000314809
0.000332877
0.000314837
0.000314746
0.000314763
0.00031466
0.000314754
0.000314776
0.000314769
0.00037504
0.000316958
0.000364518
0.000316133
0.00031478
0.000314768
0.000314779
0.000314763
0.00031463
0.000315041
0.00031485
0.000314809
0.000314794
0.000314751
0.000314772
0.000314768
0.000314749
0.000314748
0.000314772
0.000324374
0.000314898
0.000314734
0.000314755
0.000314675
0.000314748
0.000321229
0.000314825
0.000314755
0.00031475
0.000314775
0.00031477
0.000314834
0.000314776
0.000314745
0.000314729
0.00031475
0.000314769
0.000314749
0.00031476
0.00031464
0.000314774
0.000314757
0.000324874
0.000315482
0.000314769
0.000314772
0.000314729
0.000314757
0.000314744
0.000314736
0.000314771
0.000314747
0.000314766
0.00031462
0.000314729
0.000314749
0.00032127
0.000314863
0.000314755
0.000314746
0.00031477
0.000314732
0.000314747
0.000314769
0.000517665
0.000339
0.000314831
0.000479025
0.000401512
0.000649205
0.000314917
0.000314672
0.000314805
0.000314763
0.000314736
0.000314746
0.000314745
0.00031477
0.000314764
0.000314783
0.000314744
0.000314762
0.000314678
0.00031473
0.000321217
0.000314802
0.000314728
0.000314792
0.000314748
0.000314736
0.000314789
0.000314737
0.00031472
0.000314762
0.000314757
0.00031476
0.000314762
0.000314821
0.00031462
0.000314761
0.000325227
0.000314847
0.000315105
0.000314804
0.000314764
0.000314734
0.000314757
0.000314759
0.00031474
0.000314827
0.000314763
0.000314732
0.000314737
0.000314779
0.000346885
0.000315771
0.000321842
0.000314853
0.000314782
0.000314751
0.000314763
0.000314777
0.000314766
0.000314753
0.000314744
0.0003147
0.000314745
0.000314752
0.000314773
0.000314768
0.000333805
0.000314896
0.000314745
0.000314782
0.000314756
0.000314771
0.000314665
0.000314758
0.000314753
0.000314857
0.000314745
0.000314734
0.000314759
0.000320811
0.000314811
0.0003148
0.000314755
0.000314765
0.000314756
0.000314736
0.000314728
0.000314797
0.000314647
0.000314746
0.000314747
0.000314749
0.000314746
0.000324433
0.000314828
0.000314644
0.000314766
0.00031484
0.000314772
0.000314737
0.000314738
0.000314753
0.000314777
0.000314742
0.000314767
0.000314729
0.000314789
0.000321171
0.000314835
0.000314771
0.000314796
0.000370503
0.000315239
0.000314669
0.000314771
0.000314777
0.000314754
0.000314762
0.000314638
0.000322843
0.000314854
0.000314782
0.000314771
0.000314767
0.000314759
0.000327992
0.000314849
0.00031477
0.000314768
0.000314764
0.00031477
0.000321684
0.000314874
0.000314657
0.000314757
0.000314759
0.000314762
0.000314735
0.000314824
0.000314628
0.000314756
0.000314764
0.000314785
0.000314832
0.000325162
0.000314866
0.000314767
0.00031463
0.000314707
0.000314767
0.000314628
0.000314737
0.000314766
0.000314816
0.000314736
0.000314743
0.000321491
0.000314843
0.000314752
0.000314775
0.000314771
0.000314751
0.00031479
0.000314628
0.000314766
0.00031473
0.000314757
0.00031477
0.000321062
0.000314697
0.000413719
0.000315326
0.000318078
0.000315209
0.000314776
0.000314802
0.000314826
0.000329206
0.000314881
0.000314776
0.000321172
0.000314915
0.000314649
0.000314755
0.000314743
0.000314796
0.000314736
0.000314653
0.000314725
0.000314729
0.000314737
0.000316902
0.0003283
0.000314699
0.000314764
0.000314625
0.000314758
0.000314743
0.000314792
0.000314784
0.000314749
0.000314673
0.000314747
0.000321452
0.000314874
0.000314758
0.000314725
0.000314786
0.000314746
0.00031477
0.000314757
0.000314767
0.000314626
0.000314751
0.000314836
0.000321608
0.000314845
0.000314761
0.000314762
0.000314712
0.000317882
0.000316678
0.000315275
0.000314786
0.000314787
0.000314774
0.000325864
0.000320939
0.000314834
0.000314773
0.00031475
0.000314856
0.000314723
0.000314761
0.000314764
0.000314777
0.000314769
0.000314741
0.000314746
0.000325113
0.000314858
0.0003148
0.000314771
0.000314762
0.000314727
0.000314768
0.000314592
0.000314758
0.000314747
0.000314612
0.000321512
0.000314802
0.000314815
0.000314777
0.000314783
0.000314751
0.000314751
0.000314647
0.000314732
0.000314744
0.000314767
0.000314743
0.000314694
0.000321564
0.000314853
0.00031476
0.000314852
0.000314625
0.000314744
0.000314745
0.000314734
0.000357287
0.000326241
0.000314849
0.00031479
0.000320805
0.000314722
0.000314752
0.00031475
0.000314654
0.000314745
0.000314738
0.000314725
0.000314721
0.000314763
0.000314628
0.000314762
0.000324347
0.000314866
0.000314774
0.000314643
0.000314756
0.00031466
0.00031474
0.000314745
0.000314779
0.000314746
0.000314609
0.000314769
0.000321623
0.000314915
0.000314778
0.00031477
0.000314778
0.000314755
0.000314736
0.000314765
0.000314645
0.000314592
0.000314744
0.000314788
0.000314773
0.000321271
0.000314849
0.000314797
0.000314769
0.00031459
0.000456861
