#time [s]
0.001538899
0.001498009
0.001468004
0.001470259
0.001511679
0.00152932
0.001694489
0.001503953
0.001579562
0.001463899
0.001514497
0.00147516
0.001507336
0.001460367
0.001493695
0.001622473
0.001561375
0.001464745
0.001478864
0.0014775
0.001481766
0.001471676
0.001465169
0.00150814
0.001666716
0.001498306
0.00146648
0.001512208
0.001482558
0.001461834
0.001466418
0.001475934
0.001518322
0.00150641
0.001467564
0.001469597
0.001481052
0.001457158
0.001465791
0.00150475
0.001458574
0.001613922
0.001519939
0.001564215
0.001464871
0.001476663
0.001518074
0.001459439
0.001551943
0.001482197
0.001650761
0.001508234
0.001468745
0.001509342
0.001482881
0.001509607
0.001475623
0.001509832
0.001497296
0.001486219
0.001535579
0.001499707
0.001483163
0.001469668
0.001539853
0.001475432
0.001465765
0.0014715
0.001501375
0.001623869
0.001510878
0.001576482
0.001455116
0.001503818
0.001470078
0.001486675
0.001477338
0.001462918
0.001604822
0.001559553
0.00148099
0.001457378
0.001467433
0.001493339
0.001473529
0.001499496
0.001473173
0.001630598
0.001501781
0.001466048
0.0014969
0.001465357
0.001513419
0.001465274
0.001527268
0.00146265
0.001520895
0.001825344
0.001510345
0.001470165
0.001459948
0.001474912
0.001474952
0.001480093
0.001465761
0.001608438
0.001500238
0.001483533
0.001465465
0.001460603
0.001506747
0.001474049
0.001501018
0.00147496
0.001477486
0.001585737
0.001501517
0.001470649
0.001457926
0.001529925
0.001460332
0.001485578
0.00148574
0.001454269
0.001648094
0.001522841
0.00148004
0.001495583
0.001499786
0.001496949
0.00148602
0.001475702
0.001511373
0.001621557
0.001595518
0.001488726
0.001534338
0.00150298
0.001471089
0.001502869
0.00147826
0.001512311
0.001579183
0.001501633
0.001455928
0.00146969
0.001531933
0.001463367
0.001498451
0.001483544
0.001449539
0.001644783
0.001515263
0.001479612
0.001477544
0.001536165
0.001487082
0.001483353
0.001488846
0.001455045
0.001585196
0.001503328
0.001469904
0.001457193
0.001485079
0.001530187
0.001459638
0.00149257
0.0014731
0.001625297
0.001497633
0.001453799
0.00148487
0.001491031
0.001543584
0.00147587
0.001490724
0.001480123
0.001516094
0.001492539
0.001483465
0.001476079
0.001466683
0.001519664
0.001470673
0.001498305
0.001470069
0.001470252
0.001601127
0.001501571
0.001474363
0.001465601
0.001510413
0.00147321
0.001449815
0.00145684
0.001467666
0.001624975
0.001593506
0.001477685
0.001476433
0.001473
0.001475454
0.001473293
0.001528064
0.001483402
0.001592226
0.001575295
0.001598113
0.001582009
0.001571488
0.001562885
0.001578847
0.001688642
0.001569309
0.001579287
0.00161376
0.001509758
0.001463938
0.001525611
0.001475025
0.001498666
0.001473333
0.001454613
0.001633366
0.0014947
0.001478035
0.001461222
0.001508233
0.001479741
0.001468368
0.001473356
0.001473135
0.00156395
0.001533539
0.001466656
0.001456418
0.0015082
0.001496763
0.00146418
0.001504069
0.001472571
0.001580026
0.001483936
0.00153547
0.00146546
0.001468866
0.001541442
0.001502911
0.001485291
0.001462483
0.001509964
0.001534122
0.001461407
0.001478035
0.001470961
0.001525413
0.001467827
0.001507478
0.001455724
0.001489539
0.001456889
0.001514961
0.00149366
0.001455373
0.001454933
0.001465878
0.001520721
0.001481231
0.001501123
0.001616924
0.001471551
0.001458154
0.001460568
0.001481777
0.001449722
0.00145593
0.001475144
0.001508697
0.00154385
0.001505131
0.001486741
0.001501864
0.001465526
0.001469343
0.001452351
0.00145428
0.001502015
0.001653866
0.001480879
0.00146357
0.001479259
0.001469661
0.001471478
0.001485274
0.00148238
0.001555638
0.001502481
0.001513627
0.001466128
0.001472323
0.00149947
0.00147126
0.001539649
0.001474287
0.001601754
0.001507702
0.001465278
0.001504765
0.001463542
0.001516408
0.001476092
0.001464687
0.001464377
0.001465631
0.001561978
0.001490149
0.001493367
0.001489313
0.001509127
0.001478838
0.001471083
0.001517263
0.00145451
0.001595129
0.001505565
0.001476048
0.001464143
0.001496612
0.001490165
0.001503038
0.001489591
0.001476643
0.001609483
0.001453706
0.001452952
0.001466077
0.001456867
0.001524148
0.001460671
0.001491493
0.001476783
0.001482568
0.001563562
0.001497412
0.001454475
0.001459206
0.00151378
0.001470496
0.00150569
0.001464939
0.001500909
0.001677771
0.001509877
0.001483634
0.001459649
0.001503255
0.001489384
0.001492296
0.001460906
0.001496632
0.001608304
0.0014713
0.001458395
0.001485047
0.001512999
0.001503404
0.001512834
0.001474109
0.001481249
0.001512225
0.001457804
0.001485541
0.001471539
0.001525969
0.001480827
0.001488787
0.001474095
0.001470094
0.001528375
0.001508184
0.001483427
0.001469351
0.001509793
0.001502815
0.00151146
0.001499686
0.001454512
0.001596904
0.00150968
0.001497557
0.001477104
0.001522573
0.001506493
0.00149748
0.001473663
0.001465495
0.001595981
0.001546064
0.001461059
0.001476525
0.001526603
0.001478286
0.001489258
0.00147135
0.001483092
0.001626295
0.001506444
0.001471221
0.001470002
0.001505833
0.001482917
0.001460595
0.001492569
0.001460227
0.001593317
0.001511556
0.001481962
0.001463048
0.001520311
0.00148621
0.001461758
0.001497919
0.001502919
0.001637425
0.001510621
0.001457619
0.001497241
0.001466437
0.001497045
0.001474845
0.001523368
0.001472616
0.001482709
0.001492611
0.001497731
0.001473089
0.001488653
0.00150234
0.001474945
0.001515198
0.001487351
0.001464449
0.001630435
0.001500362
0.001479894
0.00145887
0.001523431
0.001481236
0.001484713
0.001523665
0.001453987
0.001733498
0.001521737
0.001472129
0.001459615
0.001482618
0.001472022
0.001482802
0.00148243
0.001464637
0.001628737
0.001631543
0.001521056
0.001480257
0.001528796
0.001490118
0.001463592
0.001480202
0.001486729
0.001603895
0.001503135
0.00147416
0.001463897
0.001502529
0.001513013
0.001488091
0.001465333
0.001466843
0.001593208
0.001497779
0.001470605
0.001471268
0.001515303
0.001478457
0.001469502
0.001460266
0.001474696
0.00161693
0.001499994
0.001478945
0.001481103
0.001468693
0.001512851
0.00147966
0.00149751
0.001464735
0.001600467
0.001552825
0.001473323
0.001458845
0.001463654
0.001528307
0.001490776
0.001479165
0.001474395
0.001550722
0.001515262
0.001457614
0.001455168
0.001463904
0.001519734
0.001470028
0.001557937
0.001462187
0.0014789
0.001616542
0.001507914
0.00147142
0.00146679
0.001504472
0.001483596
0.001452842
0.00148504
0.001468622
0.001635411
0.001506276
0.001480816
0.001460957
0.001465198
0.001480091
0.001489169
0.001504709
0.001460817
0.001639088
0.00153539
0.001482035
0.001473994
0.001502191
0.001522788
0.001453032
0.001486303
0.001475537
0.001648547
0.001467626
0.001501292
0.001505978
0.001509717
0.001513744
0.001491702
0.001476944
0.001458375
0.001475988
0.001637785
0.0015956
0.001474896
0.001458036
0.001468335
0.00146124
0.00150536
0.001480054
0.001503866
0.001594962
0.001466516
0.001458718
0.001511203
0.001489017
0.001470902
0.001477688
0.001480245
0.00149801
0.001684157
0.001469561
0.001477146
0.001463598
0.001497873
0.00148035
0.001487486
0.001459763
0.00170351
0.001519646
0.001476659
0.001465793
0.001471217
0.001587104
0.001458846
0.00151722
0.001466499
0.001640545
0.001476513
0.001470198
0.001458074
0.001488909
0.001506528
0.001464548
0.001496296
0.001470991
0.001509223
0.001483248
0.001483126
0.001469167
0.001489019
0.001523992
0.001469939
0.00149863
0.001473126
0.001462753
0.002590388
0.001522847
0.001459211
0.001452265
0.001497863
0.001478944
0.001490903
0.001487959
0.001588302
0.001455896
0.001516308
0.001464141
0.001455532
0.001471616
0.00149712
0.001506441
0.001490809
0.001498251
0.001481866
0.001473043
0.001457302
0.001481217
0.001483933
0.001483085
0.001489572
0.001489522
0.001508617
0.001674225
0.001478198
0.001479854
0.001465055
0.001539338
0.001475646
0.001542123
0.00145517
0.001499526
0.001465979
0.001454142
0.001472392
0.001468475
0.001513611
0.001475654
0.001506538
0.001473921
0.001473674
0.001566759
0.001504907
0.001477248
0.001471598
0.001517316
0.001475213
0.001474432
0.001493104
0.001493398
0.001599075
0.001504399
0.001476883
0.001460502
0.001468455
0.001498043
0.001493583
0.001497892
0.001477514
0.001622485
0.001504027
0.001474224
0.001474484
0.001464046
0.001517897
0.001475067
0.001512575
0.001461634
0.00166624
0.00146508
0.001504237
0.00146372
0.001482324
0.001485056
0.001467231
0.00154243
0.00150298
0.001504132
0.001452651
0.001463938
0.00147126
0.001498658
0.001483906
0.001469648
0.001468237
0.001476785
0.001504084
0.001593506
0.001467702
0.001467974
0.001478199
0.001561776
0.001473461
0.001497948
0.001468092
0.001726938
0.001506699
0.001489159
0.001481622
0.001477795
0.001496234
0.001463312
0.001505273
0.001472038
0.001545336
0.001509517
0.001491373
0.001497879
0.00147286
0.00153964
0.00150879
0.001504013
0.001487766
0.001465191
0.001553082
0.001567859
0.001473831
0.001464442
0.001502709
0.001493584
0.001452529
0.001483034
0.00149124
0.001719077
0.001963132
0.001884352
0.001896626
0.001999073
0.001855576
0.001957789
0.001995622
0.0018905
0.001987506
0.00193013
0.001890826
0.001855455
0.0019743
0.001676486
0.001845039
0.001913592
0.001994735
0.002004728
0.001944645
0.001939322
0.002094882
0.001878365
0.001949778
0.002002657
0.001892998
0.001916045
0.002003745
0.001906111
0.002018007
0.001511947
0.001455027
0.001519033
0.001475223
0.001477044
0.001596178
0.001505447
0.001488689
0.001483579
0.001504467
0.001504743
0.001475677
0.0014593
0.001502789
0.001608257
0.001521792
0.001454024
0.001476229
0.001507857
0.001499151
0.001479978
0.001463864
0.001502148
0.001603509
0.001500053
0.001481266
0.001461486
0.001519911
0.001468748
0.001510844
0.001459602
0.001477994
0.001610098
0.00147628
0.001564546
0.001496031
0.001486573
0.001463065
0.001476038
0.001490932
0.001462503
0.001637717
0.001568542
0.001494
0.001467057
0.001464762
0.001456696
0.001490945
0.001557484
0.00146222
0.001655442
0.001519516
0.001459201
0.001479774
0.001516278
0.001488257
0.00146765
0.001493119
0.001473175
0.001495733
0.001489162
0.001453613
0.001455507
0.001465076
0.001519693
0.001461751
0.00148942
0.001473093
0.001486116
0.00160056
0.001492985
0.001479551
0.001489763
0.001528791
0.001468493
0.001486332
0.001459385
0.001464305
0.001572769
0.00149547
0.001492055
0.001456524
0.001462255
0.001499682
0.001483812
0.001489888
0.001464543
0.001644634
0.001451889
0.001467536
0.001456404
0.001463784
0.001522781
0.001459279
0.001496276
0.001464953
0.0014752
0.001482007
0.001485006
0.001475103
0.001472332
0.001506659
0.001470115
0.001497364
0.001485081
0.001488799
0.001592826
0.00151205
0.001472949
0.001482929
0.001502082
0.001518903
0.001462955
0.001515826
0.001461288
0.001596358
0.001500109
0.001469429
0.001458939
0.001499355
0.001457865
0.0015111
0.001480981
0.001474756
0.00162374
0.001534012
0.0014675
0.00145616
0.001507861
0.001471581
0.001488508
0.001467014
0.001469067
0.001552893
0.001598496
0.00151348
0.001453812
0.001502314
0.001477071
0.001468719
0.001497907
0.001467243
0.001658869
0.001506931
0.001475305
0.001471928
0.001477784
0.001490294
0.001476057
0.001505716
0.001460183
0.001630785
0.001499635
0.001451624
0.001486245
0.001483733
0.001501494
0.001483524
0.001494365
0.001454083
0.001459998
0.00148344
0.001521812
0.001475156
0.001466877
0.001507086
0.001496183
0.001458395
0.001459537
0.001464366
0.001625924
0.001518261
0.001477298
0.001490342
0.001529429
0.001495602
0.001469998
0.001497367
0.001479139
0.001543906
0.001510939
0.00150689
0.001473039
0.00145528
0.001489978
0.001499344
0.00151798
0.001592995
0.001654282
0.001503321
0.001492403
0.001463795
0.001463391
0.001529652
0.001466332
0.001511712
0.001480085
0.001470045
0.001458718
0.001472066
0.001455592
0.001467117
0.00153272
0.001471951
0.001494067
0.001469458
0.00149012
0.001704972
0.001530835
0.001535866
0.001512539
0.001466576
0.001485332
0.001459025
0.001475082
0.001570931
0.00154113
0.001624139
0.001464186
0.00151571
0.001473513
0.001510741
0.001460255
0.001469553
0.001600841
0.001559323
0.001478255
0.001453908
0.00149674
0.001469864
0.001469608
0.001502594
0.001490358
0.001615929
0.001533468
0.001483704
