#time [s]
0.00015753
0.000156712
0.000156643
0.000156657
0.000156579
0.000156665
0.000156776
0.000156641
0.000156717
0.000156746
0.000156708
0.000156644
0.000156657
0.000156705
0.000156673
0.000163971
0.000156741
0.000156742
0.000156628
0.000156613
0.000156704
0.000156688
0.000156731
0.000156641
0.000157558
0.000156711
0.000156999
0.000156692
0.00015675
0.000156692
0.000156668
0.0001567
0.00015672
0.000156703
0.000156754
0.000156623
0.000156642
0.000156689
0.000156671
0.000156643
0.000156692
0.000156695
0.00015668
0.000156718
0.000156671
0.000156573
0.000156666
0.000156636
0.000156757
0.00015672
0.000156636
0.000156675
0.000156616
0.000156728
0.000169145
0.000156781
0.000156735
0.000156661
0.000156654
0.000156604
0.000156664
0.0001567
0.00015664
0.000156672
0.000156704
0.00015666
0.000156677
0.000156698
0.000156703
0.000156623
0.000156687
0.000156714
0.000156731
0.00015662
0.00015656
0.000156697
0.000156721
0.000156606
0.000156656
0.000156669
0.000156707
0.000156666
0.000156707
0.000156648
0.000230075
0.000166649
0.000156704
0.00015661
0.000156635
0.000156656
0.000156687
0.000156687
0.000156661
0.00016385
0.000156703
0.000156604
0.000156634
0.000156653
0.000156689
0.000156696
0.000156658
0.000156684
0.000156711
0.000156747
0.0001566
0.000156668
0.000156567
0.000156696
0.000156602
0.000164673
0.000156735
0.000157154
0.000156682
0.000156622
0.00015674
0.000156564
0.000156625
0.000156586
0.000156729
0.000156649
0.000156627
0.000156641
0.000156727
0.000156643
0.000156605
0.000156686
0.000156746
0.000162986
0.00015681
0.000156723
0.000156721
0.000156688
0.00015665
0.000156614
0.000156658
0.000156658
0.000156694
0.000156703
0.000156671
0.000156683
0.000156759
0.000156771
0.000156642
0.000156675
0.000156601
0.000156724
0.000156685
0.0001567
0.000156678
0.000156629
0.000156682
0.000156693
0.00015667
0.000156678
0.000159959
0.000157636
0.000156692
0.00015715
0.00015666
0.000156667
0.000156728
0.00016622
0.000156807
0.000156672
0.000156648
0.000156649
0.000156682
0.000156711
0.000156616
0.000156676
0.000156633
0.000156703
0.000156701
0.000156608
0.000156682
0.000156615
0.000156622
0.000156596
0.000156725
0.000156644
0.000156687
0.00015659
0.000156643
0.00015672
0.000156602
0.000156678
0.000156529
0.00015663
0.000156754
0.000156705
0.0001567
0.00015671
0.000156684
0.000156684
0.000156606
0.000163091
0.000156747
0.000156651
0.000156646
0.000156706
0.000156616
0.000156698
0.000156609
0.000165195
0.000176093
0.000157087
0.000156685
0.000156664
0.000156678
0.000156659
0.000156677
0.00015662
0.000156679
0.000156716
0.000156677
0.000156688
0.000156694
0.00015672
0.000156686
0.000156591
0.000156688
0.000156619
0.000165315
0.000156731
0.000156735
0.000156662
0.000162758
0.000156797
0.000156717
0.000156669
0.000156592
0.000156649
0.000156596
0.000156737
0.000156717
0.000156737
0.000156732
0.000156621
0.000156616
0.000156598
0.000156691
0.000156692
0.000156657
0.000156674
0.000156662
0.000156657
0.00015661
0.000156724
0.000156648
0.000156581
0.000156754
0.00015759
0.000156657
0.000156577
0.000156658
0.000156606
0.000156584
0.00016608
0.00015677
0.000156733
0.000156736
0.000156647
0.000156639
0.000156622
0.000156599
0.000156676
0.00015672
0.000156603
0.000156604
0.000156643
0.000156648
0.000156589
0.000156616
0.000156748
0.000156556
0.000156662
0.000156712
0.000156699
0.000156608
0.000156619
0.00015668
0.000156599
0.000156682
0.000156706
0.000156659
0.000156683
0.000156534
0.000156664
0.00016326
0.000156728
0.000156685
0.000156669
0.000156681
0.000156712
0.000156722
0.000156651
0.000156679
0.000156662
0.000156604
0.000156672
0.000156637
0.000156669
0.000156608
0.000156754
0.000156742
0.000156637
0.000156695
0.000156672
0.000156656
0.000156664
0.00015671
0.00015664
0.000156624
0.000156716
0.000156757
0.000156685
0.000164778
0.000156754
0.000163126
0.00015676
0.000156585
0.000156595
0.000167737
0.000156751
0.000156707
0.000156631
0.000156697
0.000156675
0.000156734
0.000156677
0.000156623
0.000156622
0.00015656
0.000156639
0.000156667
0.000156713
0.000156696
0.000156732
0.00015666
0.000156599
0.000156592
0.000156646
0.00015666
0.000156607
0.000156687
0.000156693
0.000156668
0.000156665
0.000156669
0.000162762
0.000157666
0.000156646
0.000156754
0.000156707
0.000156601
0.000156675
0.000156569
0.00015671
0.000156677
0.000156639
0.000156673
0.000156666
0.000156622
0.00015667
0.000156616
0.000156702
0.000156665
0.000156664
0.000156686
0.000156735
0.000156741
0.000156601
0.000156672
0.000156667
0.000156673
0.000156802
0.000156714
0.000156669
0.000156623
0.000165706
0.000156708
0.000156683
0.00015673
0.000156654
0.000156654
0.0001567
0.000156723
0.00015669
0.000156693
0.000156738
0.000156672
0.000156672
0.000156747
0.000156689
0.000156806
0.000156691
0.000156756
0.000156688
0.000156697
0.000156704
0.000156631
0.000156678
0.000156656
0.00015671
0.000156642
0.000156605
0.000156652
0.000156734
0.000156668
0.000156678
0.000163573
0.000156718
0.000156752
0.000156622
0.000156669
0.000156688
0.000156634
0.000226454
0.000157282
0.000156627
0.000156767
0.000156645
0.000156672
0.00015668
0.000156714
0.000156738
0.000156597
0.000156628
0.000156627
0.000156657
0.000156656
0.000156638
0.000156683
0.000156627
0.000156624
0.000156659
0.00015667
0.000163043
0.000156727
0.0001566
0.000156681
0.0001567
0.000156659
0.00015675
0.000164824
0.0001568
0.000156763
0.000156642
0.000156696
0.000156673
0.000156669
0.000156637
0.000156681
0.00015659
0.000156645
0.00015665
0.000156685
0.000156672
0.000156652
0.000156735
0.000156701
0.000156657
0.000156705
0.000156678
0.000156696
0.000162881
0.000156734
0.000156716
0.000156672
0.000156692
0.000156734
0.000156684
0.000156653
0.00015677
0.000156643
0.000156639
0.000156732
0.000156769
0.000156693
0.00015667
0.000156703
0.000156662
0.000156672
0.000156701
0.00015668
0.000156693
0.000156684
0.000156657
0.000156708
0.000156715
0.00015664
0.000156608
0.00016585
0.000156758
0.000156707
0.000156661
0.000156641
0.000156608
0.000156652
0.000156625
0.000156577
0.000156666
0.000157097
0.000156953
0.000156725
0.000156659
0.000156691
0.000156712
0.000156522
0.000156731
0.000156623
0.000156602
0.000156693
0.000156712
0.000156716
0.000156608
0.000156716
0.00015658
0.000156682
0.000156687
0.00015683
0.000156752
0.00015668
0.00015664
0.000156659
0.000156654
0.000156642
0.000156683
0.000156701
0.000156655
0.000156661
0.00015666
0.000156671
0.00015664
0.000156618
0.00015665
0.000156694
0.00015664
0.00016659
0.000160427
0.00015791
0.000156982
0.000156669
0.00015665
0.000156734
0.000157361
0.000164089
0.000156672
0.000156758
0.000157597
0.00015755
0.000156661
0.000156774
0.000156729
0.000156679
0.000156931
0.000156682
0.000156602
0.000156662
0.000156614
0.000165379
0.00015689
0.000157108
0.000157029
0.000156682
0.000156696
0.000156665
0.000156668
0.000156703
0.000156623
0.000156646
0.000156663
0.000162904
0.000156714
0.000156738
0.000156644
0.000156709
0.0001567
0.00015664
0.000156684
0.000156589
0.000156665
0.000156668
0.000156704
0.000156604
0.00015653
0.000156708
0.00015667
0.000156545
0.00015661
0.000156666
0.00015676
0.000156717
0.000156667
0.000156728
0.000156615
0.000156687
0.000156681
0.000166056
0.000156774
0.000156668
0.000156742
0.000156632
0.000156706
0.000156658
0.000156631
0.000156665
0.000156779
0.000156694
0.000156634
0.000156632
0.000156557
0.000156632
0.000156719
0.000156726
0.000156703
0.000156563
0.00015668
0.000156574
0.000156664
0.000156677
0.000156613
0.000156637
0.000156687
0.000156716
0.000157154
0.00015678
0.000156651
0.000156688
0.000156641
0.000156616
0.000156682
0.000156681
0.000156756
0.000156629
0.000156693
0.00015664
0.000156701
0.000156582
0.000156638
0.000156697
0.000156641
0.000156694
0.000156745
0.000156642
0.000156746
0.000156716
0.000156745
0.000156652
0.000156684
0.00015666
0.000163127
0.000156774
0.00015674
0.000192208
0.000157103
0.000156684
0.000156825
0.000156657
0.000156668
0.000156712
0.000156651
0.000156646
0.000156584
0.000156736
0.000156573
0.000164776
0.00015677
0.000156694
0.000156667
0.000156597
0.000156662
0.000156717
0.00015665
0.00015665
0.0001567
0.000156728
0.00015671
0.000156856
0.000156704
0.000156677
0.000156687
0.000156648
0.000156747
0.000156691
0.000156659
0.000156628
0.000156645
0.000156687
0.000156664
0.00015666
0.000156675
0.000156603
0.000156748
0.000156642
0.000156562
0.000156684
0.000156656
0.00015669
0.000156636
0.000156676
0.000156701
0.000156674
0.000156651
0.000165922
0.000156802
0.000156662
0.000156706
0.000156535
0.000156708
0.000156682
0.000156695
0.000156745
0.000156697
0.000156627
0.000156697
0.000156647
0.000156705
0.000156672
0.000156681
0.000156757
0.000156684
0.000156683
0.000156639
0.000156738
0.000156728
0.000156672
0.000156638
0.000156657
0.000156738
0.000156711
0.000163088
0.000156883
0.000156754
0.000156753
0.000156705
0.000156734
0.000156597
0.00015665
0.000156706
0.000156716
0.000156757
0.000156727
0.000156719
0.000156606
0.000156728
0.000156632
0.000156615
0.000156655
0.000156694
0.000156576
0.000156751
0.000156732
0.000156726
0.000156712
0.000156652
0.000156721
0.000156729
0.000162992
0.000156808
0.000165298
0.00016195
0.000157225
0.000157436
0.000156653
0.000157685
0.000157067
0.000156691
0.000156619
0.000157225
0.000156709
0.000156714
0.000165104
0.000156802
0.000158588
0.000156807
0.000156671
0.000156664
0.000156639
0.000156626
0.00015663
0.000156704
0.000156654
0.000156651
0.000162778
0.000156753
0.000156662
0.000156768
0.000156682
0.000156642
0.000156666
0.000156697
0.000156656
0.000156683
0.000156648
0.000156655
0.000156686
0.000156648
0.000156673
0.000156658
0.000156746
0.000156664
0.000156734
0.000156653
0.000156592
0.000156781
0.000156537
0.000156694
0.000156653
0.000156692
0.000156607
0.000166334
0.000156669
0.000156701
0.000156715
0.000156818
0.000156624
0.000156701
0.000156705
0.000156659
0.000156685
0.000156691
0.000156751
0.00015662
0.000156699
0.000156641
0.000156708
0.000156609
0.000156652
0.000156707
0.000156671
0.000156695
0.0001566
0.000156667
0.000156631
0.00015674
0.000156635
0.000156571
0.00016351
0.000156802
0.000156658
0.000156727
0.000156675
0.00015672
0.000156632
0.000156689
0.000156599
0.000156663
0.000156688
0.000156736
0.000156679
0.000156686
0.000156581
0.00015662
0.000156625
0.000156689
0.000156641
0.000156696
0.000156764
0.000156646
0.000156688
0.000156665
0.00015667
0.000156673
0.000163102
0.000156791
0.000172691
0.000159359
0.000162009
0.000157304
0.000156653
0.000156583
0.000156735
0.00015666
0.00015669
0.000156646
0.000156637
0.000156582
0.000165197
0.000157085
0.000156682
0.000156631
0.000156602
0.000156655
0.000156678
0.000156599
0.000156706
0.000156668
0.000156669
0.000162929
0.00015686
0.00015661
0.000156738
0.00015669
0.000156642
0.000156668
0.000156638
0.000156743
0.000156674
0.000156657
0.000156712
0.000156715
0.000156683
0.000156598
0.000156626
0.000156732
0.000156647
0.000156674
0.000156679
0.000156678
0.000156673
0.000156723
0.000156709
0.000156755
0.000156627
0.000156975
0.000156725
0.000156668
0.000156642
0.000156701
0.000156715
0.000156686
0.00015671
0.000156661
0.00015677
0.00015658
0.000156665
0.000156676
0.000156709
0.00015656
0.000156625
0.000156685
0.000156653
0.00015666
0.000156648
0.000156678
0.000156643
0.000156687
0.000156732
0.000156751
0.000163283
0.000156812
0.000156793
0.00015672
0.000156615
0.000156722
0.000156682
0.000156672
0.000156596
0.000156651
0.000156598
0.00015663
0.000156647
0.000156617
0.000156628
0.000156761
0.000156604
0.000156739
0.00015663
0.000156658
0.000156645
0.000156711
0.000156694
0.000156643
0.00015664
0.000163092
0.00015679
0.00015675
0.000156754
0.000156724
0.000156751
0.000156727
0.000156687
0.000195814
0.000157026
0.00016264
0.000156651
0.000156771
0.000156715
0.000156617
0.000156667
0.000156719
0.000156688
0.000156728
0.000156653
0.000164742
0.000156759
0.000156647
0.000156714
0.000162568
0.000156782
0.000156653
0.000156608
0.000156615
0.000156704
0.000156726
0.000156701
0.000156706
0.000156611
0.000156686
