#time [s]
0.002928726
0.002817424
0.002814175
0.002858365
0.002903824
0.003037618
0.002843676
0.002843992
0.002833302
0.002821384
0.002838396
0.002805196
0.002842598
0.002834586
0.002984601
0.002819248
0.002808661
0.002864536
0.002911868
0.002979627
0.002823234
0.002841305
0.002891513
0.002887606
0.002916677
0.0028167
0.002831298
0.002882421
0.002803375
0.002849886
0.002938639
0.002811469
0.002871038
0.00279765
0.002843015
0.002804444
0.002836952
0.002888649
0.002916115
0.002944175
0.002811889
0.002863459
0.00289824
0.002905
0.002805788
0.002809966
0.002913821
0.002852721
0.002979787
0.002808824
0.002819679
0.002857846
0.002881387
0.002835505
0.002810966
0.002879533
0.002883795
0.002875809
0.003007616
0.002793171
0.002888919
0.002932114
0.002867888
0.002932621
0.00277787
0.002834903
0.002912716
0.002915833
0.00284379
0.002860812
0.002844003
0.002807811
0.002903587
0.002798829
0.002841376
0.002858656
0.002893697
0.002933204
0.002789719
0.002829677
0.002896101
0.002859646
0.002894672
0.002803055
0.002794468
0.002855931
0.002864184
0.003001651
0.002837154
0.002937593
0.002878033
0.00285973
0.002953317
0.002829941
0.002870035
0.002828293
0.002909107
0.002912185
0.002797083
0.002796452
0.002855204
0.002873201
0.002866746
0.002892768
0.002833168
0.002895805
0.002867273
0.002990724
0.002844431
0.0028452
0.00285193
0.002818358
0.002823809
0.002819778
0.002806679
0.002882186
0.002852504
0.002844306
0.00286153
0.00281224
0.002826018
0.002863752
0.002819907
0.003473237
0.002832876
0.002896282
0.002911956
0.002898919
0.002784463
0.002847173
0.002904641
0.002858495
0.002935642
0.002830065
0.002841464
0.00281972
0.002867134
0.002861461
0.00290862
0.002801058
0.002793947
0.002885696
0.002900224
0.002995694
0.002812725
0.002827861
0.002873358
0.002848792
0.002930125
0.002837722
0.002812881
0.0028524
0.002852681
0.00289823
0.002983804
0.002853966
0.00280518
0.002842679
0.002861702
0.002980413
0.002788379
0.002862849
0.002923722
0.0028929
0.002912073
0.002791338
0.002822813
0.002924635
0.002910678
0.002919974
0.002792339
0.002843515
0.002851173
0.002943522
0.002814567
0.002783079
0.003893638
0.004313116
0.004124872
0.004292158
0.002813694
0.002852483
0.002934063
0.002789065
0.002802407
0.002832004
0.002968067
0.002826771
0.002866022
0.00278478
0.002902867
0.002955599
0.002836568
0.002804521
0.002853292
0.002932604
0.002986251
0.002831014
0.002829842
0.002910669
0.002908084
0.002930952
0.002810353
0.002929362
0.002907576
0.002858978
0.002866658
0.002835594
0.002842701
0.002899579
0.00300856
0.002838832
0.002870796
0.002789353
0.002830273
0.002925613
0.002790223
0.002892485
0.002900359
0.002853594
0.002901938
0.002803345
0.00289146
0.002901299
0.002901634
0.00294996
0.002835841
0.002809931
0.002915102
0.00289343
0.004532103
0.002815845
0.002800403
0.002971677
0.002816681
0.00286442
0.002841529
0.002824995
0.003009282
0.002845158
0.002882011
0.002798805
0.002849023
0.003043683
0.004006875
0.007727636
0.007066064
0.006124119
0.002986939
0.002819509
0.002807822
0.002837286
0.002808656
0.002809593
0.002821165
0.002835326
0.002908733
0.002886724
0.003783997
0.003369147
0.002802894
0.002865959
0.002847366
0.002936846
0.00284932
0.002840558
0.002897481
0.002792402
0.002945161
0.002957894
0.002797034
0.002860662
0.002801173
0.002880646
0.002974633
0.002875022
0.002866514
0.002888726
0.002883087
0.002861175
0.002873784
0.002929775
0.002854189
0.002794318
0.002856212
0.002794132
0.002843766
0.002860951
0.002905592
0.002845526
0.003002868
0.002814962
0.002872779
0.00288595
0.002879257
0.002907747
0.002830511
0.002855363
0.002949365
0.003227084
0.002886754
0.002815184
0.002790159
0.002851317
0.002859149
0.002941426
0.002833048
0.002822628
0.00284117
0.002835209
0.002889188
0.002774966
0.002871873
0.002792619
0.00285341
0.002835491
0.00286774
0.002906164
0.002904546
0.002800781
0.002801489
0.002914899
0.002858418
0.002923466
0.002852379
0.002838905
0.002899195
0.002903652
0.003033299
0.002799116
0.002850792
0.002905685
0.002806157
0.002954088
0.0028707
0.002831998
0.002891154
0.002847035
0.002935652
0.002828947
0.002828334
0.002911157
0.002906798
0.003073791
0.002813955
0.002848766
0.00289922
0.002898362
0.002917554
0.002829884
0.002851915
0.002834395
0.00284581
0.002857662
0.002802203
0.00278624
0.002827733
0.002874702
0.002850047
0.002795021
0.002870868
0.002836665
0.002874327
0.002825328
0.002806519
0.002835236
0.002824559
0.002915488
0.002784755
0.00284792
0.002887841
0.002930667
0.002932997
0.00280762
0.002856301
0.00283613
0.002858291
0.002816128
0.002781145
0.002824652
0.002828722
0.002975853
0.002845156
0.002858774
0.002807746
0.002846916
0.002889011
0.002802254
0.002814857
0.002779876
0.00284724
0.002859096
0.002945442
0.002843269
0.002827625
0.002774685
0.002856488
0.002823382
0.002800446
0.002864256
0.002825617
0.00286501
0.002823401
0.002865957
0.002813936
0.002772502
0.002788243
0.002846971
0.002866868
0.002811265
0.002828881
0.002883259
0.002808138
0.002825782
0.002937779
0.004960062
0.003391782
0.002816011
0.0028685
0.002771367
0.002819602
0.002830364
0.002806002
0.002957058
0.002810824
0.002783057
0.00283861
0.002927803
0.00283792
0.002862361
0.002826284
0.002828915
0.002867559
0.002995348
0.002823681
0.002867047
0.002771579
0.00282396
0.002878602
0.002833085
0.003009993
0.002813457
0.002814387
0.003478519
0.003732898
0.002817061
0.002799782
0.002973607
0.002784805
0.002827732
0.002800748
0.002870004
0.00285786
0.002860778
0.002900719
0.002834818
0.002846998
0.002992635
0.003019362
0.002796288
0.002867408
0.002840136
0.002817598
0.002927288
0.0028048
0.002841308
0.00287167
0.002808738
0.004941037
0.004129857
0.002843126
0.002784003
0.002832665
0.002823189
0.002809434
0.002821306
0.002955863
0.002811358
0.002776012
0.002788949
0.002907216
0.002890906
0.002974223
0.002825188
0.00284155
0.002857054
0.002839013
0.00295399
0.002846682
0.002840332
0.002864486
0.002898531
0.002998265
0.002824535
0.002867361
0.002859081
0.00286261
0.003277737
0.002788046
0.002826678
0.002849667
0.002870415
0.002814814
0.002833882
0.002857891
0.002822604
0.002981969
0.002816351
0.002850793
0.002831762
0.002800063
0.00526696
0.002823868
0.00284398
0.002819384
0.002861036
0.002875483
0.002795994
0.002847291
0.002840094
0.002839986
0.002927881
0.003390119
0.002780144
0.002841664
0.002844909
0.002906893
0.002796975
0.002839558
0.002803364
0.002817341
0.00292048
0.002814377
0.002871895
0.002846961
0.002816417
0.002909988
0.002846899
0.00285896
0.004057485
0.002837401
0.002834635
0.002833039
0.002934047
0.002814284
0.002903191
0.002781216
0.002858359
0.002950561
0.002844974
0.002925651
0.002883951
0.002869277
0.002944105
0.002836218
0.00287138
0.002872527
0.002829525
0.002866234
0.00280187
0.002804901
0.002836739
0.002870678
0.002892287
0.002831691
0.002811292
0.002780684
0.002903644
0.002785622
0.002853991
0.002902026
0.002885221
0.002857619
0.002786338
0.002866313
0.002900675
0.002891295
0.002896968
0.002822681
0.00282749
0.002817883
0.002814614
0.002861442
0.002847848
0.002866588
0.00286513
0.003006247
0.002816413
0.002811617
0.002990337
0.00282104
0.002826091
0.00306171
0.002820805
0.002909092
0.002789877
0.002848639
0.002834243
0.002780896
0.002825361
0.002853826
0.002853367
0.002775089
0.002797436
0.00290377
0.002924142
0.002916649
0.002821121
0.002835459
0.002884161
0.002909532
0.00304092
0.002822136
0.00283408
0.002889246
0.002817348
0.002828708
0.002844117
0.002858271
0.002917643
0.002790041
0.002830234
0.002799805
0.002863673
0.002857631
0.002870796
0.002910521
0.00281076
0.002886269
0.002850987
0.002963406
0.004130214
0.002782698
0.002839818
0.002872104
0.003432721
0.0027899
0.002844406
0.002803992
0.002864954
0.002854651
0.002872684
0.002893949
0.00278262
0.002838055
0.002809982
0.00280989
0.002850368
0.002872363
0.002795446
0.002840524
0.00339522
0.002801837
0.002810181
0.002833377
0.002851132
0.002784885
0.002851092
0.002828227
0.002793812
0.002910614
0.002882185
0.002817555
0.00279872
0.002818937
0.0029238
0.002846394
0.002841571
0.002879533
0.002819935
0.002852035
0.002819975
0.002842826
0.002832572
0.002806332
0.00284575
0.002833091
0.002871532
0.002837629
0.002825034
0.002832732
0.002863294
0.00308109
0.00490671
0.00311519
0.002814358
0.003021132
0.002849858
0.002905818
0.00285567
0.00287086
0.002916975
0.00283055
0.002851892
0.002900177
0.002841525
0.002881484
0.002813975
0.002884443
0.002839808
0.002802545
0.002811338
0.002857543
0.002809115
0.002837722
0.002968555
0.002826768
0.002863184
0.002906804
0.002863069
0.003013112
0.00282115
0.002907971
0.002887924
0.003007109
0.002827406
0.002832916
0.002834781
0.002921226
0.003058685
0.002815808
0.002814053
0.002872208
0.002868638
0.002968365
0.002866986
0.002842638
0.002816665
0.002833463
0.002894791
0.00280003
0.002810055
0.002895704
0.00289306
0.002922472
0.002798534
0.00293315
0.002803666
0.002851431
0.002880291
0.002815497
0.002889531
0.002815061
0.002796358
0.002957283
0.002799291
0.002856876
0.002906852
0.002863459
0.002930925
0.002789266
0.002832477
0.002864385
0.002860997
0.002828544
0.002841709
0.002812879
0.002830393
0.002911071
0.002804803
0.002858371
0.002854721
0.002839587
0.002895395
0.002846234
0.002923505
0.00288475
0.002859616
0.002871857
0.002780785
0.00280338
0.002846059
0.002906643
0.002917998
0.002852979
0.002861205
0.00284805
0.00299008
0.002788243
0.00284593
0.002856908
0.002827219
0.002903224
0.002844932
0.00285463
0.002876264
0.002828815
0.004435345
0.00281938
0.002867392
0.002904684
0.002855759
0.002820517
0.002825176
0.002778345
0.002842496
0.003070145
0.002845502
0.002777722
0.002868642
0.002819765
0.002896617
0.002798719
0.002843546
0.002870579
0.002776468
0.002894385
0.002858802
0.002824153
0.002823138
0.002785717
0.002867638
0.002830799
0.002825163
0.002776133
0.002799415
0.00284052
0.002858369
0.002842611
0.002837641
0.00284225
0.002808435
0.002852556
0.002829531
0.002864598
0.002854457
0.002980368
0.002849264
0.002814728
0.0028536
0.002860115
0.002883563
0.002804441
0.002875086
0.00284913
0.002828005
0.002846615
0.002784167
0.002794312
0.002827747
0.002833862
0.002823485
0.002775808
0.002847006
0.002824725
0.002850113
0.002802857
0.002791389
0.002867662
0.002825747
0.0029545
0.002823252
0.002819132
0.002821481
0.002870108
0.003218974
0.003582475
0.003123316
0.002777019
0.002826244
0.002801337
0.002857221
0.002967638
0.002785696
0.002915889
0.002818902
0.002810932
0.002855401
0.002880378
0.002891155
0.002891772
0.002790242
0.002853975
0.002878463
0.002883303
0.002987708
0.002805583
0.002850968
0.002865405
0.002960445
0.005280556
0.003499069
0.002785848
0.002836672
0.002818453
0.002783845
0.002786298
0.002830094
0.002865826
0.0028001
0.002859618
0.00286883
0.002814003
0.002852451
0.002827575
0.002813861
0.002866609
0.002807228
0.002830124
0.003002002
0.002813072
0.002811736
0.002833302
0.002879122
0.004021086
0.002780208
0.002787196
0.002882886
0.002890862
0.002832206
0.002801321
0.002867868
0.002844811
0.00293341
0.002818265
0.002846476
0.002870659
0.0027995
0.002942867
0.002861082
0.002888675
0.002854356
0.002808263
0.002917308
0.002847961
0.002825002
0.002925336
0.002891073
0.002902327
0.002962005
0.002783712
0.00279884
0.002885255
0.002899749
0.00288236
0.002816928
0.002846074
0.002824308
0.003031557
0.002823938
0.002847598
0.002836383
0.002963673
0.002857937
0.00282114
0.002787153
0.002783671
0.002922203
0.002820908
0.002854462
0.002774803
0.002801482
0.002945055
0.002836365
0.002885941
0.002863596
0.002910255
0.00297776
0.002855835
0.002860779
0.002881827
0.003036241
0.002824642
0.002853683
0.002822944
0.00284139
0.002928716
0.002814365
0.002847059
0.002875367
0.002840947
0.002969914
0.00279167
0.0028564
0.00282034
0.002849878
0.002809126
0.002808557
0.002839525
0.002884137
0.002992859
0.002797413
0.002843137
0.002902844
0.002848062
0.002886842
0.002830114
0.002866925
0.002895362
0.002874125
0.003049549
0.002818321
0.002866267
0.00285732
0.002816579
0.002855315
0.002806767
0.002855022
0.002937103
0.002825877
