#time [s]
6.7092e-05
6.5188e-05
6.5352e-05
6.5106e-05
6.9325e-05
6.4795e-05
6.4699e-05
6.4693e-05
6.4706e-05
6.4691e-05
6.4683e-05
6.4697e-05
6.4674e-05
6.4671e-05
6.4704e-05
6.495e-05
7.1557e-05
6.5735e-05
6.5111e-05
6.5184e-05
6.5733e-05
6.468e-05
6.47e-05
6.4693e-05
6.4719e-05
6.4683e-05
6.4694e-05
6.4722e-05
6.4691e-05
6.4667e-05
6.4649e-05
6.471e-05
6.4943e-05
6.4683e-05
6.4721e-05
6.4699e-05
6.4677e-05
6.4706e-05
6.4693e-05
6.467e-05
6.4702e-05
6.4668e-05
6.4688e-05
6.473e-05
6.4703e-05
6.4685e-05
6.468e-05
6.4722e-05
6.4688e-05
6.4646e-05
6.4659e-05
6.4674e-05
6.4678e-05
6.4678e-05
6.4675e-05
6.4739e-05
6.4712e-05
6.47e-05
6.4716e-05
6.4699e-05
6.4672e-05
6.469e-05
6.4694e-05
6.4663e-05
6.4677e-05
6.4686e-05
6.4692e-05
6.4681e-05
6.4696e-05
6.4625e-05
6.4728e-05
6.4894e-05
6.518e-05
6.5142e-05
6.5138e-05
6.4693e-05
6.4689e-05
6.4672e-05
6.4679e-05
6.469e-05
6.47e-05
6.4689e-05
6.4685e-05
6.4702e-05
7.3908e-05
6.5204e-05
6.5197e-05
6.5167e-05
6.5149e-05
6.6062e-05
6.4702e-05
6.4629e-05
6.4661e-05
6.4639e-05
6.4672e-05
6.4701e-05
6.4695e-05
6.4699e-05
6.4699e-05
6.4686e-05
6.4704e-05
6.467e-05
6.4698e-05
7.3281e-05
6.5739e-05
6.5187e-05
6.5713e-05
6.5141e-05
6.4716e-05
6.4678e-05
6.4722e-05
6.4692e-05
6.4683e-05
6.4721e-05
6.4699e-05
6.4628e-05
6.4705e-05
6.4698e-05
6.4684e-05
6.4668e-05
6.462e-05
6.4664e-05
6.4669e-05
6.4711e-05
6.4679e-05
7.0775e-05
6.5162e-05
6.5185e-05
6.6199e-05
6.5098e-05
6.4706e-05
6.4699e-05
6.4691e-05
6.4714e-05
6.4703e-05
6.47e-05
6.469e-05
6.4643e-05
6.4691e-05
6.4713e-05
6.4687e-05
6.471e-05
6.4696e-05
6.5544e-05
6.4674e-05
6.4683e-05
6.4677e-05
6.468e-05
6.4684e-05
6.4707e-05
6.4683e-05
6.4671e-05
6.4684e-05
6.5127e-05
6.4687e-05
6.4689e-05
6.4704e-05
6.4686e-05
6.4688e-05
6.4677e-05
6.4705e-05
6.4669e-05
6.4686e-05
6.4675e-05
6.4714e-05
6.4683e-05
6.5691e-05
6.4708e-05
6.4729e-05
6.4666e-05
6.4713e-05
6.5143e-05
6.6208e-05
6.4671e-05
6.4706e-05
6.4673e-05
6.4697e-05
6.4655e-05
6.4689e-05
7.4363e-05
6.5207e-05
6.5116e-05
6.51e-05
6.5168e-05
6.4693e-05
6.4679e-05
6.4701e-05
6.4695e-05
6.4694e-05
6.4951e-05
6.4626e-05
6.4702e-05
6.4683e-05
6.4703e-05
6.4677e-05
6.4701e-05
6.4682e-05
6.4708e-05
6.4678e-05
6.472e-05
6.4687e-05
6.4685e-05
6.4691e-05
6.4664e-05
6.4679e-05
6.4691e-05
6.467e-05
6.4697e-05
6.4688e-05
6.4688e-05
6.469e-05
6.4693e-05
6.4702e-05
6.4695e-05
6.4694e-05
6.4677e-05
6.5478e-05
6.4654e-05
6.4649e-05
6.4678e-05
6.469e-05
6.469e-05
6.4656e-05
6.4698e-05
6.4661e-05
6.4686e-05
6.4668e-05
6.4683e-05
6.467e-05
6.4691e-05
6.4681e-05
6.4694e-05
6.4695e-05
6.4689e-05
7.157e-05
6.5234e-05
6.5174e-05
6.515e-05
6.5151e-05
6.4702e-05
6.4706e-05
6.469e-05
6.4715e-05
6.4672e-05
6.4692e-05
6.468e-05
6.5002e-05
6.4681e-05
6.4714e-05
6.5126e-05
6.4667e-05
6.4712e-05
6.4772e-05
6.4701e-05
6.4677e-05
6.4689e-05
6.4679e-05
6.4718e-05
6.47e-05
6.4686e-05
6.4675e-05
6.4634e-05
6.4698e-05
6.4669e-05
6.4737e-05
6.4698e-05
6.4942e-05
6.469e-05
6.4722e-05
6.462e-05
6.4689e-05
6.4628e-05
6.5467e-05
6.4703e-05
6.4701e-05
6.4682e-05
6.4661e-05
6.4686e-05
6.4681e-05
6.4691e-05
6.4672e-05
6.4683e-05
6.4646e-05
6.4665e-05
6.4667e-05
6.4689e-05
6.469e-05
6.4689e-05
6.4712e-05
6.4848e-05
6.5166e-05
8.5401e-05
7.6449e-05
6.5231e-05
6.5152e-05
6.5123e-05
6.5111e-05
6.4676e-05
6.5648e-05
6.5112e-05
6.5487e-05
6.4653e-05
6.4601e-05
6.5109e-05
6.4929e-05
6.5119e-05
6.4683e-05
6.4678e-05
6.4663e-05
6.4698e-05
6.4666e-05
6.4667e-05
6.4674e-05
6.465e-05
6.4684e-05
7.3007e-05
6.5249e-05
6.5193e-05
6.5179e-05
6.4704e-05
6.4694e-05
6.4685e-05
6.4702e-05
6.4692e-05
6.4621e-05
6.4692e-05
6.4669e-05
6.4693e-05
6.4689e-05
6.4668e-05
6.4697e-05
6.4703e-05
6.4609e-05
6.4659e-05
6.4691e-05
6.468e-05
6.4671e-05
6.4627e-05
6.4704e-05
6.4668e-05
6.468e-05
6.4688e-05
6.4668e-05
7.0883e-05
6.5161e-05
6.5484e-05
6.4721e-05
6.4736e-05
6.4627e-05
6.4926e-05
6.4694e-05
6.4706e-05
6.4702e-05
6.4693e-05
6.4629e-05
6.472e-05
6.4681e-05
6.6073e-05
6.4649e-05
6.468e-05
6.4639e-05
6.4684e-05
6.469e-05
6.4668e-05
6.4696e-05
6.4937e-05
6.4698e-05
6.4684e-05
6.4691e-05
6.4701e-05
6.4706e-05
6.4686e-05
6.4677e-05
6.4675e-05
6.4675e-05
6.6081e-05
6.4675e-05
6.4948e-05
6.471e-05
6.4705e-05
6.4661e-05
6.4686e-05
6.4682e-05
6.4659e-05
6.471e-05
6.4703e-05
6.4671e-05
6.47e-05
6.5443e-05
6.4686e-05
6.4688e-05
6.469e-05
6.4659e-05
6.4674e-05
6.4691e-05
6.4659e-05
6.4668e-05
6.4699e-05
6.5248e-05
6.4725e-05
6.4717e-05
6.472e-05
6.47e-05
6.4702e-05
6.4736e-05
6.4687e-05
6.4686e-05
6.4687e-05
6.4695e-05
6.4711e-05
6.4703e-05
6.4707e-05
6.4682e-05
6.4693e-05
6.4698e-05
6.4934e-05
6.468e-05
6.4686e-05
6.4654e-05
6.471e-05
6.4611e-05
6.4667e-05
6.4656e-05
6.4695e-05
6.468e-05
6.4689e-05
6.4678e-05
6.4658e-05
6.4692e-05
6.4689e-05
6.4981e-05
6.4689e-05
6.5514e-05
6.4684e-05
6.4683e-05
6.4701e-05
6.4692e-05
6.4702e-05
6.4695e-05
6.7669e-05
6.4626e-05
6.4674e-05
6.908e-05
6.4698e-05
6.4705e-05
6.4671e-05
6.4733e-05
6.4685e-05
6.4623e-05
6.4646e-05
6.4656e-05
6.4672e-05
7.129e-05
6.522e-05
6.5157e-05
6.5164e-05
6.5151e-05
6.4723e-05
6.4738e-05
6.4726e-05
6.4728e-05
6.47e-05
6.4694e-05
6.4697e-05
6.4712e-05
6.4938e-05
6.4689e-05
6.4764e-05
6.4701e-05
6.4678e-05
6.4691e-05
6.4698e-05
6.4696e-05
6.4642e-05
6.4696e-05
6.4689e-05
6.4696e-05
6.4674e-05
6.4681e-05
6.4722e-05
6.4699e-05
6.467e-05
6.4701e-05
6.4734e-05
6.4687e-05
6.4643e-05
6.4693e-05
6.4939e-05
6.4666e-05
6.4684e-05
6.4671e-05
6.4685e-05
6.4674e-05
6.4679e-05
6.4703e-05
6.4655e-05
6.4671e-05
6.469e-05
6.4692e-05
6.5141e-05
6.4667e-05
6.4688e-05
6.4622e-05
0.00010203
6.9071e-05
6.4682e-05
6.4673e-05
6.4635e-05
6.4673e-05
6.4651e-05
6.4671e-05
6.4682e-05
6.4656e-05
6.4686e-05
6.47e-05
6.4678e-05
6.4661e-05
6.4665e-05
6.468e-05
6.4671e-05
6.4676e-05
6.4662e-05
6.4672e-05
6.4691e-05
6.4608e-05
6.4666e-05
6.4677e-05
6.4658e-05
6.4678e-05
6.463e-05
6.4673e-05
6.4682e-05
6.4702e-05
7.7268e-05
6.5722e-05
6.5475e-05
6.4672e-05
6.4672e-05
6.4701e-05
6.4689e-05
6.4672e-05
6.468e-05
6.4701e-05
6.4684e-05
6.4679e-05
6.4698e-05
6.4672e-05
6.466e-05
6.4662e-05
6.4668e-05
6.465e-05
6.472e-05
6.4696e-05
7.0966e-05
6.5199e-05
6.4635e-05
6.4652e-05
6.4674e-05
6.467e-05
6.4657e-05
6.4674e-05
6.4686e-05
6.4699e-05
6.4668e-05
6.4676e-05
6.4686e-05
6.4738e-05
6.4681e-05
6.4673e-05
6.4664e-05
6.4676e-05
6.467e-05
6.4687e-05
6.4659e-05
6.4677e-05
6.4657e-05
6.472e-05
6.4671e-05
6.468e-05
6.4677e-05
6.464e-05
6.4685e-05
6.4669e-05
6.4595e-05
6.4673e-05
6.4683e-05
6.4688e-05
6.4667e-05
6.469e-05
6.4669e-05
6.4661e-05
6.4677e-05
6.4681e-05
6.4656e-05
6.4685e-05
6.4629e-05
6.4641e-05
6.4624e-05
6.4683e-05
6.4678e-05
6.463e-05
6.4676e-05
6.4633e-05
6.4679e-05
6.4724e-05
6.4671e-05
6.4653e-05
6.4704e-05
6.4705e-05
6.4709e-05
6.4681e-05
6.4652e-05
6.4676e-05
6.4688e-05
6.4658e-05
6.4675e-05
6.4692e-05
6.4649e-05
6.4668e-05
6.467e-05
6.4683e-05
6.4676e-05
7.4325e-05
6.5747e-05
6.5137e-05
6.514e-05
6.5116e-05
6.5111e-05
6.4679e-05
6.4623e-05
6.4656e-05
6.4685e-05
6.467e-05
6.4667e-05
6.4672e-05
6.467e-05
6.4675e-05
6.4649e-05
6.4682e-05
6.4668e-05
6.467e-05
6.4681e-05
6.4917e-05
6.4682e-05
6.4691e-05
6.4665e-05
6.4627e-05
6.4681e-05
6.4681e-05
6.4646e-05
6.4671e-05
6.4677e-05
6.4657e-05
6.4656e-05
6.4662e-05
6.4672e-05
6.4664e-05
6.4624e-05
6.4682e-05
6.4653e-05
6.5481e-05
6.4663e-05
6.4671e-05
6.4666e-05
6.4663e-05
6.4671e-05
6.4672e-05
6.4689e-05
6.4691e-05
6.4671e-05
6.4661e-05
6.4684e-05
6.4674e-05
6.4678e-05
6.4704e-05
6.4669e-05
6.6037e-05
6.4663e-05
6.468e-05
6.4657e-05
6.4664e-05
6.4682e-05
6.4693e-05
6.467e-05
6.4664e-05
6.4668e-05
6.4663e-05
6.4678e-05
6.4685e-05
6.4682e-05
6.4672e-05
7.1065e-05
6.5165e-05
6.5175e-05
6.5137e-05
6.5143e-05
6.5095e-05
6.5054e-05
6.5135e-05
6.508e-05
6.5117e-05
6.5114e-05
6.4685e-05
6.4669e-05
6.4716e-05
6.4636e-05
6.4643e-05
6.4716e-05
6.4695e-05
6.4668e-05
6.4706e-05
6.469e-05
6.4672e-05
6.4712e-05
6.468e-05
6.47e-05
6.4714e-05
6.4664e-05
6.4681e-05
6.4655e-05
6.468e-05
7.5121e-05
7.3123e-05
6.537e-05
6.609e-05
6.5681e-05
6.5667e-05
6.511e-05
6.4682e-05
6.4665e-05
6.4622e-05
6.4678e-05
6.5118e-05
6.5712e-05
6.4598e-05
6.4648e-05
6.5673e-05
6.4678e-05
6.4653e-05
6.505e-05
6.4665e-05
6.4664e-05
6.4625e-05
6.4667e-05
6.4676e-05
6.4671e-05
6.5092e-05
6.5183e-05
6.5723e-05
6.5142e-05
7.1134e-05
6.5797e-05
6.512e-05
6.5116e-05
6.5125e-05
6.5114e-05
6.5065e-05
6.5118e-05
6.4685e-05
6.4691e-05
6.4673e-05
6.4669e-05
6.4668e-05
6.4705e-05
6.4673e-05
6.4621e-05
6.4692e-05
6.4675e-05
6.4661e-05
6.4678e-05
6.4703e-05
6.466e-05
6.4656e-05
6.467e-05
6.4689e-05
6.4669e-05
6.4669e-05
6.4678e-05
6.4676e-05
6.4689e-05
6.5524e-05
6.4675e-05
6.4666e-05
6.4678e-05
6.4671e-05
6.4694e-05
6.4676e-05
6.4857e-05
6.4661e-05
6.4659e-05
6.4684e-05
6.4682e-05
6.4638e-05
6.468e-05
6.4684e-05
6.4661e-05
6.4677e-05
6.4653e-05
6.4617e-05
6.4683e-05
6.4672e-05
6.4678e-05
6.4623e-05
6.4683e-05
6.4653e-05
6.4656e-05
6.4681e-05
6.4676e-05
6.4662e-05
6.4632e-05
7.3791e-05
6.5655e-05
6.5136e-05
6.515e-05
6.5122e-05
6.5126e-05
6.4694e-05
6.5151e-05
6.4676e-05
6.4694e-05
6.5122e-05
6.4674e-05
6.4672e-05
6.4688e-05
6.4707e-05
6.469e-05
6.4688e-05
6.4675e-05
6.4696e-05
6.4669e-05
6.472e-05
6.4727e-05
6.4655e-05
6.4633e-05
6.4663e-05
6.4682e-05
6.4685e-05
6.4607e-05
6.4682e-05
6.4674e-05
6.4689e-05
6.4706e-05
6.4659e-05
6.4651e-05
6.4685e-05
6.4653e-05
6.4675e-05
6.4696e-05
6.4657e-05
6.5114e-05
6.4678e-05
6.4621e-05
6.4687e-05
6.4658e-05
6.4615e-05
6.4649e-05
6.467e-05
6.4662e-05
6.4653e-05
6.4737e-05
6.468e-05
6.4682e-05
6.4685e-05
6.4627e-05
6.4654e-05
6.4711e-05
6.4678e-05
6.4678e-05
6.4681e-05
6.4649e-05
7.1016e-05
6.5226e-05
6.5164e-05
6.5139e-05
6.5135e-05
6.5079e-05
6.4601e-05
6.4658e-05
6.5125e-05
6.4596e-05
6.5688e-05
6.4685e-05
6.4619e-05
6.4655e-05
6.4692e-05
6.5099e-05
6.4671e-05
6.468e-05
6.4655e-05
6.4672e-05
6.4689e-05
6.468e-05
6.4658e-05
6.4627e-05
6.4664e-05
6.5501e-05
6.4667e-05
6.4656e-05
6.4668e-05
6.4672e-05
6.5698e-05
6.4618e-05
6.4677e-05
6.4678e-05
6.4646e-05
6.4722e-05
6.4728e-05
6.5479e-05
6.4636e-05
6.4694e-05
6.4936e-05
6.4659e-05
6.4679e-05
6.4651e-05
6.5455e-05
6.4655e-05
6.4685e-05
6.4667e-05
6.4678e-05
6.4664e-05
6.4645e-05
6.4693e-05
6.4712e-05
6.4668e-05
6.4687e-05
6.4671e-05
6.4687e-05
6.4676e-05
6.4635e-05
6.4654e-05
7.1041e-05
6.5182e-05
6.5166e-05
8.8214e-05
6.5269e-05
6.5633e-05
6.5127e-05
6.5349e-05
6.5231e-05
6.521e-05
7.4825e-05
6.5898e-05
6.5713e-05
6.5188e-05
6.5186e-05
6.5134e-05
6.4664e-05
6.8971e-05
6.5376e-05
6.466e-05
6.4642e-05
6.4701e-05
6.511e-05
6.465e-05
6.5473e-05
6.4664e-05
6.4671e-05
6.4664e-05
6.4665e-05
6.4646e-05
6.4655e-05
6.4662e-05
6.5143e-05
6.4681e-05
6.4672e-05
6.5069e-05
6.4703e-05
6.4689e-05
6.4659e-05
6.4589e-05
6.4695e-05
6.4686e-05
6.4681e-05
6.4698e-05
6.4673e-05
6.4671e-05
6.4675e-05
6.4626e-05
6.4685e-05
6.4671e-05
6.4656e-05
6.4654e-05
6.4668e-05
6.4633e-05
6.4674e-05
6.4666e-05
6.4658e-05
7.1211e-05
6.521e-05
6.5155e-05
6.5709e-05
6.507e-05
6.5121e-05
6.5097e-05
6.5126e-05
6.5112e-05
6.5688e-05
6.5653e-05
6.5127e-05
6.4662e-05
