#time [s]
0.000571155
0.0005669
0.000571457
0.000567018
0.000568315
0.000566305
0.000578941
0.00056696
0.000639375
0.000567347
0.000597925
0.000581647
0.000577101
0.000572713
0.000572886
0.000571157
0.000575621
0.000577346
0.000570791
0.000583189
0.000577313
0.000568757
0.000570719
0.000569981
0.000570785
0.00057756
0.000576361
0.000571962
0.000583385
0.00057638
0.000569801
0.000566479
0.000588695
0.000583977
0.000573745
0.000571253
0.000569975
0.000567894
0.000586789
0.00057534
0.000579174
0.00056876
0.000568614
0.000575372
0.000569823
0.000584216
0.000576114
0.000575843
0.000569804
0.000568441
0.000576237
0.000579552
0.000581157
0.000568559
0.000566299
0.000568544
0.000573998
0.000566985
0.000584068
0.000578281
0.000613862
0.000566508
0.00058417
0.000566536
0.000576887
0.000566966
0.000570807
0.0005698
0.000577307
0.00057077
0.000571909
0.000577345
0.000568288
0.000568312
0.000568233
0.000573439
0.000571725
0.000582523
0.000569478
0.000569275
0.000566142
0.000566279
0.000568122
0.000580049
0.000566973
0.000568838
0.00062899
0.00056677
0.000581312
0.000566521
0.000576883
0.000566778
0.000569791
0.000569773
0.000568653
0.000570863
0.000582518
0.000568898
0.00056862
0.000570558
0.000569847
0.000567682
0.000569515
0.000578081
0.000569598
0.000568759
0.000570807
0.000571848
0.000571007
0.000578604
0.000576331
0.000568056
0.000694976
0.000567515
0.00057811
0.000568147
0.00057713
0.000566799
0.000569541
0.000569811
0.000568573
0.000578944
0.000568683
0.000568402
0.000583262
0.000570806
0.000569708
0.000597544
0.00056761
0.000567643
0.000569816
0.00056873
0.000581526
0.000577141
0.000568713
0.000568654
0.000570664
0.000570039
0.000631791
0.000568574
0.000586519
0.000568533
0.000572878
0.000569153
0.000569837
0.000576996
0.00057064
0.000570042
0.000590281
0.000567836
0.00056775
0.000569814
0.000568626
0.000570754
0.000567457
0.000577714
0.000572668
0.000569753
0.000577184
0.000570825
0.000568424
0.000576968
0.000568545
0.000661278
0.000587843
0.000583894
0.000569833
0.000566335
0.000566255
0.000566383
0.000581133
0.000566883
0.000569757
0.000569946
0.000568721
0.00057066
0.000577103
0.000568729
0.000577379
0.000570701
0.000568842
0.000568697
0.000568799
0.000566409
0.000568143
0.000575921
0.000570485
0.000567554
0.000582215
0.00056746
0.000569617
0.000568529
0.000587296
0.000577917
0.000588935
0.000568083
0.000568296
0.000568156
0.000570274
0.000582432
0.000566559
0.000566466
0.000570532
0.000567074
0.000568968
0.000578149
0.000583156
0.000570882
0.000577088
0.000568693
0.000568523
0.000578885
0.000569858
0.000568118
0.000567758
0.00056781
0.000569795
0.000568757
0.000606987
0.000578933
0.000577119
0.000568725
0.000575742
0.000588679
0.000568632
0.000578043
0.000570928
0.000569918
0.00057624
0.00056767
0.000567749
0.000584134
0.000576686
0.000570657
0.00056875
0.000576785
0.000568728
0.000570565
0.000586
0.000567875
0.00057399
0.000576087
0.000569694
0.000573995
0.000581265
0.000567917
0.0005678
0.000579559
0.000567967
0.000587064
0.000585787
0.000569746
0.000570775
0.000569851
0.000567764
0.000576072
0.000581514
0.000569979
0.000568524
0.000570945
0.000568845
0.000568726
0.000587343
0.000570793
0.000575038
0.000576219
0.000567504
0.000567734
0.000578385
0.000569102
0.00057606
0.000567751
0.000567636
0.000686115
0.000603682
0.000583123
0.000627814
0.000566559
0.000569677
0.000566695
0.000574698
0.000566714
0.000577194
0.000568639
0.000577028
0.000568471
0.000566532
0.000566414
0.000566275
0.000566475
0.000566453
0.000568562
0.000568124
0.000567193
0.00056902
0.000567757
0.000569812
0.000570651
0.000569991
0.000626939
0.000576065
0.000585442
0.000570113
0.000573683
0.000576211
0.000571947
0.000571095
0.000568215
0.000568
0.000568204
0.000578993
0.00056903
0.000576664
0.000568186
0.000568235
0.000576635
0.000570136
0.000569303
0.00058609
0.000576457
0.000567504
0.000569673
0.000603064
0.000566536
0.000566379
0.000586452
0.000577462
0.000573058
0.000568991
0.000569804
0.000574255
0.000567052
0.000567347
0.000586758
0.00057272
0.000568383
0.000570354
0.000571328
0.000570427
0.000576395
0.000582218
0.000568405
0.00057831
0.000572715
0.00056779
0.000567738
0.000567794
0.000580163
0.00057761
0.00063147
0.000568732
0.000567892
0.000567665
0.000569984
0.000579952
0.000570152
0.000571704
0.000575119
0.00056642
0.000566421
0.0005685
0.000581433
0.000567153
0.000568988
0.000570005
0.000568677
0.000570736
0.000568544
0.000577592
0.000577238
0.000576227
0.000568701
0.000577166
0.000604087
0.000576151
0.000568188
0.00056643
0.000568379
0.000582119
0.000567929
0.000569576
0.000578051
0.000570751
0.000578403
0.000577244
0.000568172
0.000568158
0.000568266
0.000584384
0.000575458
0.000571186
0.000569311
0.000568964
0.000577738
0.000576574
0.000566506
0.000566344
0.000570049
0.000571053
0.000577429
0.000572551
0.000628217
0.000566624
0.000566379
0.000566375
0.000583538
0.000567016
0.000579476
0.000569777
0.00056846
0.000570862
0.000566428
0.000566389
0.000579628
0.000572223
0.000567104
0.00057002
0.000569527
0.000568785
0.000570771
0.000585273
0.000568901
0.00056869
0.000570664
0.000572883
0.000567482
0.00057739
0.000567873
0.000578263
0.000606392
0.000566513
0.000581366
0.000576862
0.000567261
0.000569165
0.000576163
0.00056873
0.000570722
0.000589675
0.000572015
0.000575421
0.000566501
0.000566292
0.000566407
0.000577668
0.000567122
0.000577429
0.000578313
0.00056882
0.000570747
0.000579581
0.000568829
0.000568877
0.000576304
0.000612807
0.000567821
0.000587461
0.000576732
0.000569938
0.000568728
0.000570949
0.000568556
0.000568572
0.000582745
0.000570853
0.000569707
0.000571923
0.000569529
0.000569981
0.000566073
0.000568484
0.00056639
0.000568146
0.000572813
0.000569996
0.000569777
0.000578641
0.00057082
0.000568546
0.000568541
0.000572807
0.000705854
0.001081642
0.000566332
0.000566074
0.000568222
0.000573405
0.000575878
0.000583978
0.000576178
0.000569917
0.00056781
0.000573102
0.000567716
0.000569774
0.00058736
0.000570881
0.000568763
0.000577237
0.000577486
0.000570849
0.00058005
0.000572021
0.00056988
0.000574225
0.000578392
0.000568712
0.000566392
0.00057737
0.000567107
0.000566477
0.000566346
0.000574335
0.000599476
0.000566911
0.000568897
0.000584156
0.000577411
0.000570622
0.000568637
0.000568718
0.000568608
0.000576658
0.002725214
0.00252854
0.001873625
0.002268127
0.002038835
0.001600502
0.001277179
0.001429984
0.001451737
0.001729428
0.002039951
0.000569001
0.000565983
0.000568233
0.000572883
0.000594304
0.000578228
0.000568694
0.000570223
0.000567774
0.000571007
0.000567456
0.000569803
0.000569094
0.000570734
0.000568413
0.000596099
0.000568684
0.000566407
0.000568075
0.000574648
0.000570572
0.000567099
0.000570014
0.000567537
0.000568782
0.000570779
0.000591069
0.00056874
0.00056839
0.000570649
0.000569811
0.000572006
0.000575339
0.000566348
0.000566736
0.000568316
0.000568418
0.000573189
0.00056928
0.0005994
0.000566531
0.000592174
0.000566981
0.00058057
0.000566627
0.000568701
0.000568809
0.00056815
0.000577519
0.000570404
0.000569316
0.000571879
0.000569877
0.000568764
0.000572746
0.000589653
0.000577371
0.000568261
0.000576344
0.00057663
0.000570302
0.000569215
0.000591251
0.000682121
0.000569414
0.000569279
0.000636596
0.000567929
0.002312317
0.000579978
0.000566285
0.000567687
0.000569454
0.00056637
0.000576027
0.000569369
0.000568123
0.000566717
0.000566718
0.000567026
0.000568648
0.00058294
0.000578686
0.000567743
0.000567714
0.000567397
0.000569792
0.000573837
0.00057573
0.000592163
0.000567539
0.000569214
0.000583834
0.00060059
0.000571022
0.000567342
0.000572861
0.000569115
0.000576605
0.000570248
0.000568286
0.000571277
0.000578758
0.00057056
0.000589727
0.00060876
0.000567614
0.000567394
0.000569184
0.000576698
0.000568564
0.000575527
0.000567159
0.000569105
0.000572601
0.000578307
0.000567651
0.000576833
0.000567669
0.000569621
0.000583772
0.000903476
0.000830201
0.000727885
0.000566053
0.000565928
0.000567857
0.000580622
0.000567388
0.000569209
0.000567259
0.000567185
0.00056729
0.000569372
0.000580429
0.000570538
0.000577248
0.000568323
0.000576572
0.000567633
0.00056596
0.000566012
0.000567866
0.000566566
0.00057689
0.000587538
0.00057104
0.000566942
0.000567027
0.000566757
0.000575037
0.000570754
0.00057963
0.000571027
0.000569945
0.000567773
0.000567807
0.000567752
0.000567996
0.000575827
0.000578865
0.000567859
0.000572737
0.000577762
0.000569281
0.000576756
0.000570267
0.000568187
0.000567805
0.000568083
0.000566055
0.000577114
0.000568474
0.000569382
0.000577724
0.00057152
0.000570304
0.000568235
0.00056814
0.00056604
0.000565649
0.000565989
0.000568027
0.000586588
0.000580012
0.000581302
0.000568672
0.000565953
0.00056836
0.000574662
0.000573469
0.000572956
0.000573039
0.000578379
0.000582176
0.000597682
0.000566725
0.000569104
0.000566034
0.0005682
0.000572614
0.000567446
0.000569365
0.000577553
0.000569222
0.000567114
0.000567397
0.000567312
0.000574282
0.000568358
0.000570242
0.000568102
0.000573543
0.000568098
0.000566264
0.00056787
0.000565916
0.000567917
0.000566397
0.000604312
0.000566125
0.000568153
0.000576395
0.000566046
0.000567993
0.000565989
0.000571176
0.000576782
0.000566262
0.000566018
0.000574353
0.000566457
0.000566148
0.000565997
0.00056616
0.000566053
0.000568094
0.000566608
0.00058257
0.000569586
0.000568329
0.000567038
0.000572838
0.000566989
0.000574897
0.000567495
0.000572042
0.000567957
0.000566118
0.000565982
0.000568147
0.00063317
0.000567588
0.000581362
0.000579527
0.0005684
0.000566944
0.000566779
0.00056681
0.000569007
0.000577279
0.000569691
0.000567406
0.000567697
0.000567622
0.000569865
0.00056867
0.000570761
0.00057498
0.000568812
0.000565908
0.00056789
0.000566044
0.000567642
0.000566571
0.000579113
0.000569467
0.000567966
0.000623411
0.000567999
0.000567334
0.000590789
0.000568215
0.000578722
0.000596707
0.000566624
0.000566401
0.00056634
0.000566994
0.000575217
0.000579944
0.000571338
0.000570967
0.000569933
0.000567664
0.000576311
0.000575815
0.000569874
0.000568835
0.000592091
0.000571927
0.00057137
0.000567901
0.000573077
0.000568259
0.000570385
0.000569338
0.000567784
0.000621259
0.000568459
0.000566301
0.000566277
0.000567017
0.000575147
0.000587227
0.000579868
0.000567429
0.000572967
0.000567243
0.000568985
0.000568274
0.000573103
0.000571264
0.000570558
0.000568037
0.000568298
0.000582481
0.00057065
0.000569421
0.000568097
0.00056793
0.000567523
0.000569964
0.000568804
0.000570568
0.000568527
0.000568764
0.000578321
0.0005854
0.001016387
0.001011943
0.00106948
0.001071015
0.001039187
0.000739145
0.00073872
0.000740885
0.000610369
0.00056638
0.000566235
0.000582979
0.000567187
0.000568715
0.000575994
0.000568756
0.000570739
0.000575075
0.000576569
0.000578548
0.000568027
0.000567567
0.00056983
0.000573865
0.000576311
0.000568738
0.000606701
0.00057721
0.000579962
0.0005699
0.000567587
0.000567639
0.000567574
0.000569588
0.000568618
0.000570914
0.000568776
0.000579562
0.000566206
0.000568493
0.000568253
0.000567026
0.000569062
0.000569636
0.000568518
0.000576419
0.000580247
0.000567756
0.000567627
0.00056778
0.000569861
0.000568624
0.000587613
0.000582121
0.000571585
0.000566524
0.000566051
0.000566342
0.000568567
0.000566884
0.000569222
0.000583004
0.000576918
0.00057598
0.000568642
0.000577221
0.00056862
0.000570739
0.000585675
0.000575541
0.000570021
0.000568123
0.000566412
0.0005664
0.000569969
0.000601944
0.000576092
0.000569237
0.000583714
0.000568853
0.000570723
0.000570025
0.000578348
0.000579215
0.000566311
0.000566395
0.00056654
0.000572218
0.000566828
0.000577209
0.000582855
0.000568902
0.000579727
0.000571953
0.000568725
0.000568461
0.000570724
0.000580325
0.000567823
0.000567831
0.00056774
0.000609897
0.000568786
0.000570713
0.000586681
0.000567809
0.000567797
0.000569913
0.000568803
0.00058027
0.000576795
0.000568973
0.000568594
0.000579711
0.000575335
0.00056781
0.000567727
0.000581208
0.000569899
0.000568662
0.000570575
0.000568756
0.000568854
0.000568726
0.000576597
0.000575483
0.000567862
