#time [s]
5.539e-06
5.421e-06
5.368e-06
5.351e-06
5.374e-06
5.338e-06
5.319e-06
5.322e-06
5.328e-06
5.333e-06
5.322e-06
5.323e-06
5.32e-06
5.342e-06
5.327e-06
5.327e-06
5.325e-06
5.336e-06
5.332e-06
5.322e-06
5.322e-06
5.331e-06
5.332e-06
5.333e-06
5.323e-06
5.315e-06
5.333e-06
5.332e-06
5.321e-06
5.312e-06
5.327e-06
5.338e-06
5.327e-06
5.321e-06
5.319e-06
5.332e-06
5.333e-06
5.322e-06
5.337e-06
5.321e-06
5.332e-06
5.33e-06
5.316e-06
5.316e-06
5.331e-06
5.332e-06
5.327e-06
5.313e-06
5.32e-06
5.581e-06
5.374e-06
5.377e-06
5.367e-06
5.331e-06
5.317e-06
5.331e-06
5.334e-06
5.324e-06
5.316e-06
5.325e-06
5.334e-06
5.333e-06
5.32e-06
5.317e-06
5.332e-06
5.336e-06
5.33e-06
5.317e-06
5.324e-06
5.344e-06
5.336e-06
5.322e-06
5.319e-06
5.329e-06
5.345e-06
5.327e-06
5.316e-06
5.327e-06
5.34e-06
5.333e-06
5.323e-06
5.32e-06
5.328e-06
5.337e-06
5.327e-06
5.318e-06
5.323e-06
5.332e-06
5.337e-06
5.322e-06
5.321e-06
5.329e-06
5.337e-06
5.327e-06
5.317e-06
5.323e-06
5.335e-06
5.332e-06
5.321e-06
5.343e-06
5.33e-06
5.338e-06
5.326e-06
5.315e-06
5.324e-06
5.331e-06
5.328e-06
5.318e-06
5.315e-06
5.326e-06
5.333e-06
5.327e-06
5.317e-06
5.324e-06
5.334e-06
5.332e-06
5.322e-06
5.32e-06
5.359e-06
5.336e-06
5.328e-06
5.321e-06
5.325e-06
5.339e-06
5.333e-06
5.325e-06
5.319e-06
5.348e-06
5.335e-06
5.351e-06
5.312e-06
5.322e-06
5.333e-06
5.333e-06
5.318e-06
5.315e-06
5.331e-06
5.335e-06
5.329e-06
5.32e-06
5.326e-06
5.337e-06
5.335e-06
5.324e-06
5.319e-06
5.331e-06
5.336e-06
5.351e-06
5.316e-06
5.323e-06
5.338e-06
5.358e-06
5.321e-06
5.317e-06
5.328e-06
5.334e-06
5.324e-06
5.321e-06
5.322e-06
5.338e-06
5.327e-06
5.324e-06
5.339e-06
5.327e-06
5.335e-06
5.324e-06
5.32e-06
5.32e-06
5.331e-06
5.326e-06
5.317e-06
5.315e-06
5.325e-06
5.332e-06
5.324e-06
5.313e-06
5.321e-06
5.335e-06
5.328e-06
5.317e-06
5.321e-06
5.325e-06
5.333e-06
5.324e-06
5.314e-06
5.321e-06
5.333e-06
5.326e-06
5.318e-06
5.316e-06
5.327e-06
5.335e-06
5.325e-06
5.32e-06
5.322e-06
5.333e-06
5.331e-06
5.325e-06
5.342e-06
5.333e-06
5.334e-06
5.322e-06
5.339e-06
5.327e-06
5.332e-06
5.335e-06
5.318e-06
5.322e-06
5.329e-06
5.333e-06
5.323e-06
5.314e-06
5.319e-06
5.33e-06
5.328e-06
5.318e-06
5.318e-06
5.354e-06
5.336e-06
5.325e-06
5.315e-06
5.35e-06
5.358e-06
5.335e-06
5.317e-06
5.322e-06
5.325e-06
5.36e-06
5.324e-06
5.316e-06
5.324e-06
5.361e-06
5.331e-06
5.32e-06
5.318e-06
5.355e-06
5.336e-06
5.351e-06
5.315e-06
5.349e-06
5.333e-06
5.356e-06
5.319e-06
5.318e-06
5.329e-06
5.362e-06
5.349e-06
5.313e-06
5.324e-06
5.333e-06
5.355e-06
5.343e-06
5.317e-06
5.33e-06
5.335e-06
5.351e-06
5.339e-06
5.328e-06
5.331e-06
5.335e-06
5.316e-06
5.322e-06
5.353e-06
5.334e-06
5.321e-06
5.319e-06
5.321e-06
5.338e-06
5.326e-06
5.317e-06
5.342e-06
5.334e-06
5.333e-06
5.328e-06
5.567e-06
5.395e-06
5.373e-06
5.351e-06
5.33e-06
5.337e-06
5.337e-06
5.325e-06
5.32e-06
5.421e-06
5.342e-06
5.33e-06
5.316e-06
5.325e-06
5.334e-06
5.334e-06
5.326e-06
5.325e-06
5.327e-06
5.339e-06
5.336e-06
5.32e-06
5.323e-06
5.341e-06
5.33e-06
5.326e-06
5.316e-06
5.334e-06
5.344e-06
5.331e-06
5.312e-06
5.328e-06
5.333e-06
1.299e-05
5.455e-06
5.384e-06
5.375e-06
5.361e-06
5.327e-06
5.332e-06
5.34e-06
5.333e-06
5.32e-06
5.325e-06
5.336e-06
5.339e-06
5.326e-06
5.319e-06
5.325e-06
5.335e-06
5.331e-06
5.323e-06
5.325e-06
5.342e-06
5.336e-06
5.328e-06
5.321e-06
5.326e-06
5.34e-06
5.333e-06
5.321e-06
5.326e-06
5.336e-06
5.339e-06
5.327e-06
5.316e-06
5.33e-06
5.342e-06
5.332e-06
5.328e-06
5.327e-06
5.338e-06
5.338e-06
5.319e-06
5.322e-06
5.334e-06
5.342e-06
5.331e-06
5.32e-06
5.329e-06
5.337e-06
5.331e-06
5.325e-06
5.319e-06
5.334e-06
5.335e-06
5.329e-06
5.323e-06
5.332e-06
5.334e-06
5.335e-06
5.325e-06
5.322e-06
5.331e-06
5.339e-06
5.332e-06
5.323e-06
5.323e-06
5.338e-06
5.334e-06
5.325e-06
5.32e-06
5.333e-06
5.342e-06
5.334e-06
5.315e-06
5.327e-06
5.339e-06
5.335e-06
5.325e-06
5.322e-06
5.331e-06
5.341e-06
5.324e-06
5.317e-06
5.325e-06
5.341e-06
5.33e-06
5.323e-06
5.325e-06
5.337e-06
5.336e-06
5.328e-06
5.319e-06
5.33e-06
5.338e-06
5.333e-06
5.326e-06
5.327e-06
5.33e-06
5.339e-06
5.328e-06
5.32e-06
5.327e-06
5.338e-06
5.337e-06
5.326e-06
5.318e-06
5.334e-06
5.338e-06
5.329e-06
5.318e-06
5.333e-06
5.342e-06
5.333e-06
5.321e-06
5.328e-06
5.338e-06
5.339e-06
5.323e-06
5.318e-06
5.329e-06
5.34e-06
5.334e-06
5.32e-06
5.326e-06
5.332e-06
5.341e-06
5.322e-06
5.343e-06
5.329e-06
5.342e-06
5.334e-06
5.324e-06
5.321e-06
5.338e-06
5.337e-06
5.324e-06
5.321e-06
5.335e-06
5.332e-06
5.33e-06
5.322e-06
5.331e-06
5.335e-06
5.343e-06
5.327e-06
5.326e-06
5.33e-06
5.346e-06
5.331e-06
5.328e-06
5.324e-06
5.342e-06
5.335e-06
5.332e-06
5.32e-06
5.338e-06
5.338e-06
5.329e-06
5.323e-06
5.325e-06
5.335e-06
5.344e-06
5.317e-06
5.319e-06
5.33e-06
5.345e-06
5.323e-06
5.32e-06
5.325e-06
5.342e-06
5.328e-06
5.324e-06
5.321e-06
5.336e-06
5.332e-06
5.329e-06
5.319e-06
5.332e-06
5.329e-06
5.334e-06
5.325e-06
5.327e-06
5.322e-06
5.339e-06
5.329e-06
5.325e-06
5.318e-06
5.337e-06
5.335e-06
5.329e-06
5.313e-06
5.332e-06
5.339e-06
5.335e-06
5.312e-06
5.326e-06
5.338e-06
5.341e-06
5.316e-06
5.322e-06
5.332e-06
5.345e-06
5.321e-06
5.318e-06
5.327e-06
5.344e-06
5.326e-06
5.323e-06
5.321e-06
5.338e-06
5.331e-06
5.329e-06
5.318e-06
5.332e-06
5.341e-06
5.334e-06
5.323e-06
5.327e-06
5.325e-06
5.339e-06
5.328e-06
5.325e-06
5.32e-06
5.338e-06
5.334e-06
5.328e-06
5.314e-06
5.333e-06
5.339e-06
5.334e-06
5.311e-06
5.328e-06
5.339e-06
5.339e-06
5.314e-06
5.323e-06
5.334e-06
5.344e-06
5.321e-06
5.319e-06
5.327e-06
5.345e-06
5.325e-06
5.322e-06
5.322e-06
5.338e-06
5.339e-06
5.327e-06
5.324e-06
5.33e-06
5.344e-06
5.335e-06
5.327e-06
5.325e-06
5.334e-06
5.339e-06
5.327e-06
5.321e-06
5.329e-06
5.341e-06
5.333e-06
5.324e-06
5.329e-06
5.337e-06
5.342e-06
5.328e-06
5.325e-06
5.331e-06
5.344e-06
5.333e-06
5.325e-06
5.326e-06
5.34e-06
5.34e-06
5.332e-06
5.32e-06
5.335e-06
5.342e-06
5.331e-06
5.323e-06
5.325e-06
5.338e-06
5.338e-06
5.327e-06
5.32e-06
5.332e-06
5.34e-06
5.332e-06
5.32e-06
5.326e-06
5.337e-06
5.338e-06
5.324e-06
5.321e-06
5.331e-06
5.34e-06
5.331e-06
5.321e-06
5.326e-06
5.338e-06
5.337e-06
5.32e-06
5.314e-06
5.327e-06
5.333e-06
5.328e-06
5.315e-06
5.323e-06
5.331e-06
5.331e-06
5.319e-06
5.315e-06
5.324e-06
5.334e-06
5.324e-06
5.315e-06
5.32e-06
5.332e-06
5.334e-06
5.32e-06
5.319e-06
5.328e-06
5.338e-06
5.327e-06
5.318e-06
5.322e-06
5.336e-06
5.332e-06
5.322e-06
5.317e-06
5.33e-06
5.335e-06
5.328e-06
5.315e-06
5.324e-06
5.334e-06
5.334e-06
5.319e-06
5.319e-06
5.328e-06
5.337e-06
5.326e-06
5.319e-06
5.323e-06
5.339e-06
5.332e-06
5.327e-06
5.318e-06
5.332e-06
5.337e-06
5.328e-06
5.316e-06
5.328e-06
5.335e-06
5.333e-06
5.321e-06
5.321e-06
5.336e-06
5.336e-06
5.331e-06
5.318e-06
5.331e-06
5.337e-06
5.336e-06
5.323e-06
5.316e-06
5.334e-06
5.333e-06
5.329e-06
5.314e-06
5.328e-06
5.332e-06
5.333e-06
5.316e-06
5.322e-06
5.329e-06
5.338e-06
5.322e-06
5.319e-06
5.323e-06
5.339e-06
1.2141e-05
5.427e-06
5.378e-06
5.382e-06
5.349e-06
5.323e-06
5.328e-06
5.341e-06
5.328e-06
5.315e-06
5.324e-06
5.336e-06
5.344e-06
5.321e-06
5.321e-06
5.326e-06
5.331e-06
5.334e-06
5.327e-06
5.325e-06
5.337e-06
5.345e-06
5.327e-06
5.323e-06
5.326e-06
5.36e-06
5.331e-06
5.347e-06
5.346e-06
5.336e-06
5.336e-06
5.328e-06
5.327e-06
5.332e-06
5.359e-06
5.333e-06
5.34e-06
5.345e-06
5.359e-06
5.355e-06
5.35e-06
5.339e-06
5.354e-06
5.359e-06
5.355e-06
5.34e-06
5.35e-06
5.355e-06
5.361e-06
5.346e-06
5.345e-06
5.354e-06
5.364e-06
5.352e-06
5.344e-06
5.348e-06
5.364e-06
5.328e-06
5.345e-06
5.34e-06
5.356e-06
5.36e-06
5.325e-06
5.342e-06
5.353e-06
5.338e-06
5.337e-06
5.326e-06
5.316e-06
5.33e-06
5.34e-06
5.33e-06
5.319e-06
5.325e-06
5.336e-06
5.336e-06
5.348e-06
5.336e-06
5.328e-06
5.354e-06
5.328e-06
5.335e-06
5.322e-06
5.352e-06
5.34e-06
5.328e-06
5.323e-06
5.333e-06
5.363e-06
5.333e-06
5.31e-06
5.328e-06
5.339e-06
5.335e-06
5.348e-06
5.345e-06
5.335e-06
5.342e-06
5.333e-06
5.323e-06
5.33e-06
5.337e-06
5.336e-06
5.319e-06
5.323e-06
5.353e-06
5.337e-06
5.331e-06
5.322e-06
5.328e-06
5.334e-06
5.335e-06
5.323e-06
5.32e-06
5.333e-06
5.339e-06
5.33e-06
5.344e-06
5.326e-06
5.338e-06
5.343e-06
5.324e-06
5.321e-06
5.332e-06
5.338e-06
5.329e-06
5.317e-06
5.33e-06
5.342e-06
5.332e-06
5.32e-06
5.326e-06
5.337e-06
5.342e-06
5.328e-06
5.325e-06
5.329e-06
5.338e-06
5.337e-06
5.324e-06
5.32e-06
5.331e-06
5.34e-06
5.349e-06
5.319e-06
5.33e-06
5.36e-06
5.353e-06
5.328e-06
5.318e-06
5.339e-06
5.341e-06
5.347e-06
5.318e-06
5.352e-06
5.338e-06
5.336e-06
5.325e-06
5.323e-06
5.355e-06
5.338e-06
5.324e-06
5.325e-06
5.326e-06
5.333e-06
5.338e-06
5.326e-06
5.321e-06
5.335e-06
5.341e-06
5.331e-06
5.319e-06
5.332e-06
5.361e-06
5.334e-06
5.323e-06
5.319e-06
5.333e-06
5.341e-06
5.329e-06
5.317e-06
5.325e-06
5.332e-06
5.329e-06
5.328e-06
5.319e-06
5.329e-06
5.334e-06
5.333e-06
5.318e-06
5.323e-06
5.334e-06
5.333e-06
5.323e-06
5.343e-06
5.335e-06
5.336e-06
5.329e-06
5.322e-06
5.328e-06
5.341e-06
5.34e-06
5.32e-06
5.327e-06
5.329e-06
5.344e-06
5.324e-06
5.325e-06
5.322e-06
5.342e-06
5.331e-06
5.328e-06
5.318e-06
5.333e-06
5.337e-06
5.332e-06
5.315e-06
5.323e-06
5.335e-06
5.338e-06
5.319e-06
5.327e-06
5.328e-06
5.345e-06
5.325e-06
5.324e-06
5.323e-06
5.344e-06
5.33e-06
5.328e-06
5.318e-06
5.339e-06
5.334e-06
5.334e-06
5.315e-06
5.332e-06
5.334e-06
5.34e-06
5.319e-06
5.326e-06
5.334e-06
5.335e-06
5.326e-06
5.314e-06
5.334e-06
5.346e-06
5.333e-06
5.318e-06
5.323e-06
5.329e-06
5.341e-06
5.33e-06
5.321e-06
5.327e-06
5.339e-06
5.335e-06
5.32e-06
5.327e-06
5.329e-06
5.344e-06
5.323e-06
5.325e-06
5.324e-06
5.344e-06
5.329e-06
5.324e-06
5.317e-06
5.334e-06
5.334e-06
5.33e-06
5.314e-06
5.329e-06
5.342e-06
5.334e-06
5.319e-06
5.324e-06
5.328e-06
5.34e-06
5.324e-06
5.321e-06
5.326e-06
5.335e-06
5.332e-06
5.327e-06
5.319e-06
5.337e-06
5.337e-06
5.332e-06
5.316e-06
5.329e-06
5.343e-06
5.336e-06
5.327e-06
5.323e-06
5.338e-06
5.345e-06
5.325e-06
5.317e-06
5.325e-06
5.336e-06
5.331e-06
5.321e-06
5.32e-06
5.331e-06
5.337e-06
5.327e-06
5.318e-06
5.326e-06
5.336e-06
5.332e-06
5.321e-06
5.319e-06
5.339e-06
