#time [s]
0.000313452
0.000294432
0.000292539
0.000291945
0.000291754
0.000291537
0.000291396
0.000291454
0.000293215
0.000291394
0.000291478
0.000306785
0.000296336
0.000303962
0.00029347
0.000303563
0.000291604
0.000291497
0.000291469
0.000291446
0.000291387
0.000354163
0.000296153
0.000292472
0.000292009
0.000291569
0.000291406
0.00031144
0.000292174
0.000291554
0.000291571
0.000291377
0.000293242
0.000291164
0.000291303
0.000291419
0.000294202
0.000293286
0.000304735
0.000296405
0.000291765
0.000293861
0.000291424
0.000291415
0.000291368
0.000291232
0.000291255
0.000297537
0.000291265
0.000293234
0.000295206
0.000291323
0.000293152
0.00029143
0.000297776
0.000291328
0.000291458
0.000309913
0.000292346
0.000291813
0.000299489
0.00029155
0.000291486
0.000291198
0.000291399
0.000294278
0.00029123
0.000291312
0.000291336
0.000291301
0.000291165
0.000291356
0.000293135
0.000377051
0.000293039
0.000292297
0.000291622
0.000292989
0.000291405
0.000291358
0.000291318
0.000291354
0.000291289
0.000293161
0.000291934
0.000313398
0.000292384
0.000294873
0.000297922
0.000292248
0.000291816
0.000291494
0.000301164
0.000291827
0.000293537
0.000291359
0.000291437
0.000291254
0.000295342
0.000291281
0.000291315
0.000293193
0.000291251
0.000293284
0.000291293
0.000295491
0.000291314
0.000291217
0.000306709
0.00029201
0.000309404
0.000295499
0.000295249
0.000291431
0.000309081
0.00029535
0.000313644
0.000291407
0.000291299
0.00029135
0.000297299
0.000294389
0.000291269
0.00030125
0.000291847
0.000291537
0.000291563
0.000293247
0.000291479
0.000291405
0.000293625
0.000376137
0.000300059
0.000294079
0.000292032
0.000292116
0.000291503
0.000301336
0.000310156
0.000292151
0.000291591
0.00029335
0.000291545
0.000291355
0.000293257
0.000295444
0.000291421
0.000291357
0.000291267
0.000294787
0.000300096
0.000291876
0.000291825
0.000294274
0.000293443
0.00030387
0.000291433
0.000291348
0.000299238
0.000291383
0.000291327
0.000294474
0.000291285
0.000295481
0.000313352
0.000292057
0.000291437
0.000295374
0.000291346
0.000293011
0.000301129
0.000291348
0.000291302
0.000297482
0.000291466
0.000291338
0.000293437
0.000301986
0.000292092
0.000295437
0.000291524
0.00029148
0.000293111
0.000291838
0.000415305
0.000296135
0.000292434
0.000291901
0.000291809
0.000291433
0.000313364
0.000291891
0.000291513
0.000295728
0.000302708
0.000295406
0.000304825
0.000292435
0.00029179
0.000294504
0.000295721
0.000297514
0.00029138
0.000293213
0.000291224
0.000291397
0.000291321
0.000291174
0.000296765
0.000310229
0.00031511
0.0002936
0.000291369
0.000295742
0.000291468
0.00029124
0.000294801
0.000291382
0.000291485
0.000291172
0.000291279
0.000291308
0.000293187
0.000291387
0.000293617
0.000291339
0.000291332
0.000291283
0.000296879
0.000291452
0.000293492
0.000334616
0.000292306
0.000291776
0.000291735
0.000291465
0.000291231
0.000292791
0.000293804
0.000303564
0.00029153
0.000293574
0.000306555
0.000294967
0.000294086
0.000291924
0.000304804
0.000294169
0.000291654
0.000291427
0.000295665
0.000291413
0.000297166
0.000291424
0.000291435
0.00030694
0.000292445
0.000291922
0.000315179
0.000293744
0.000291366
0.000291384
0.000292505
0.000293336
0.000291352
0.000293344
0.000295213
0.000300592
0.000298756
0.000292194
0.000292258
0.000292115
0.000303977
0.00029141
0.000297963
0.000295598
0.000293484
0.000295356
0.000295969
0.000291761
0.00029836
0.000294226
0.000299091
0.000295418
0.000292035
0.000295815
0.00029391
0.000299937
0.000295759
0.000295859
0.000293444
0.000299886
0.000302262
0.000294147
0.000301999
0.000295847
0.000291328
0.000293129
0.000295839
0.000295441
0.000337039
0.000300009
0.000346209
0.00029277
0.000302763
0.000306591
0.000292108
0.000304978
0.00029232
0.000292126
0.00029845
0.000291652
0.000298004
0.000295302
0.000291471
0.000291345
0.000293336
0.000299878
0.000300786
0.000300282
0.000291405
0.000299989
0.000291411
0.00029564
0.000295586
0.000297801
0.000297771
0.000295899
0.000292574
0.000291455
0.000291952
0.000309149
0.000292172
0.00029619
0.000293625
0.000299947
0.000297873
0.000291378
0.00029948
0.000306818
0.000291482
0.000291301
0.000295492
0.000291372
0.000309915
0.000291396
0.000303663
0.000293648
0.000291708
0.000295708
0.000291363
0.00029137
0.000291192
0.000405703
0.000314281
0.000292533
0.000294259
0.000291604
0.00029155
0.000291362
0.000322429
0.000292229
0.000298465
0.0002959
0.000318828
0.000292313
0.000295611
0.000291636
0.00029151
0.000295633
0.000291443
0.000295643
0.000291393
0.000292939
0.000291434
0.000301651
0.000300364
0.000291725
0.000291604
0.000302495
0.000291521
0.000293929
0.000293444
0.000291617
0.000291612
0.000291516
0.000295843
0.000291384
0.000291408
0.00029138
0.000308295
0.000292335
0.000291889
0.000291584
0.000291549
0.000291386
0.000291382
0.000293252
0.000291294
0.000291446
0.000293196
0.000291447
0.000291472
0.000293542
0.000295982
0.000302947
0.000298883
0.000299069
0.000294914
0.000302233
0.00043849
0.000364367
0.000358907
0.00035356
0.000353201
0.000309202
0.000359198
0.000325356
0.000307464
0.00033682
0.000298414
0.000292168
0.000293894
0.00029183
0.000296056
0.000297716
0.000309314
0.000291428
0.000291455
0.000300378
0.000293688
0.00030149
0.000296925
0.000291292
0.000295813
0.000291249
0.000295575
0.000294738
0.000291296
0.000291113
0.000292665
0.00029117
0.000291288
0.000293246
0.000295849
0.000291208
0.000314366
0.000297192
0.000291778
0.000298444
0.000296447
0.000291674
0.000295982
0.000295971
0.000300321
0.000291479
0.000291491
0.000295446
0.000291322
0.000295844
0.000295658
0.000305741
0.000296122
0.000297714
0.000297661
0.000317129
0.000309922
0.000301046
0.000291819
0.000291573
0.000291427
0.000295507
0.000295499
0.000291426
0.000306212
0.000296431
0.00029594
0.000295002
0.000303078
0.000292293
0.000292112
0.000295906
0.000291571
0.000291626
0.000291445
0.000291623
0.000291598
0.000301636
0.000296902
0.000296275
0.000296229
0.000296181
0.000291175
0.000295318
0.000299447
0.000291318
0.000291298
0.000304041
0.000291273
0.000292888
0.00030509
0.000294072
0.000300042
0.000307746
0.000291442
0.000291227
0.000299999
0.000291312
0.000291341
0.000291254
0.000291342
0.000293115
0.000291218
0.000301689
0.000293766
0.000291674
0.000291556
0.000291489
0.000291372
0.000291368
0.000291368
0.000291315
0.000291374
0.000291305
0.000318559
0.000293199
0.000302786
0.000292043
0.000291548
0.000291493
0.000291405
0.00029119
0.000291371
0.000302486
0.00029874
0.000291969
0.000291691
0.000293577
0.000300871
0.000291998
0.000293794
0.000299124
0.000291442
0.000291415
0.000291319
0.000291423
0.000291361
0.000291389
0.000291336
0.00030172
0.000291419
0.000292976
0.000291731
0.00029164
0.000291369
0.000291425
0.000291365
0.000291298
0.000294168
0.000291416
0.000291506
0.000291344
0.000291347
0.000303277
0.000291882
0.000291247
0.000291422
0.000294862
0.00029121
0.000291239
0.000291233
0.000291361
0.000293136
0.000295266
0.000294344
0.000301045
0.000291814
0.000295303
0.000291425
0.000309197
0.00029449
0.000292401
0.000292036
0.000291776
0.000291485
0.000305329
0.000301566
0.00030454
0.000298139
0.000291505
0.000291445
0.000291351
0.00029144
0.000291386
0.000291345
0.000291408
0.000291264
0.000291307
0.000291369
0.000308004
0.000308072
0.000291462
0.000297542
0.000293605
0.000291319
0.000293036
0.000295356
0.00029126
0.000291346
0.000295347
0.000291314
0.000311325
0.000295838
0.000297626
0.000291455
0.00029534
0.000301953
0.000295511
0.000295669
0.000293442
0.000294853
0.000295543
0.000291409
0.000306067
0.000292085
0.000295621
0.000295756
0.000291455
0.000301869
0.000291373
0.000304204
0.000327824
0.000292952
0.000292186
0.000302863
0.000305143
0.000291868
0.000291443
0.000293179
0.000291415
0.000291309
0.000293344
0.000291436
0.000291426
0.000291608
0.000291481
0.000291417
0.000305966
0.000292048
0.000291768
0.000291747
0.000293508
0.000291388
0.000291467
0.000293366
0.000291462
0.00029141
0.000293403
0.000291515
0.000291548
0.000310531
0.000292282
0.000308574
0.000297148
0.000292071
0.00029136
0.000291647
0.000291244
0.000291306
0.000291241
0.000294648
0.000291319
0.000291336
0.000294714
0.000291581
0.000291641
0.000293562
0.000291408
0.000291463
0.000298097
0.000516679
0.000551606
0.000546867
0.000562684
0.000548311
0.000546204
0.000553044
0.000465524
0.00036612
0.000363953
0.000365957
0.000370206
0.00036423
0.000364003
0.000325169
0.000312306
0.000292057
0.000291614
0.000291506
0.000291287
0.000291256
0.000291343
0.000291289
0.000293161
0.000291347
0.000291376
0.00029338
0.000291289
0.000291354
0.000291424
0.000291406
0.000332919
0.000322325
0.000300437
0.000295707
0.000296387
0.00029186
0.000299729
0.000291285
0.000360129
0.000309437
0.000311026
0.000322545
0.000300594
0.000307703
0.000292552
0.000291747
0.000292872
0.000291576
0.000291625
0.000293846
0.00029155
0.000291443
0.00029147
0.000291424
0.000293998
0.000291322
0.000291515
0.000294573
0.000291243
0.000291277
0.000299911
0.000315867
0.000292664
0.000293917
0.00029167
0.00029157
0.000293532
0.000291465
0.000297651
0.000291321
0.000293266
0.000291271
0.000291224
0.000291165
0.000291304
0.000291311
0.000293321
0.000302825
0.000291627
0.000293773
0.000291463
0.000293761
0.000295765
0.000299491
0.000295342
0.000293533
0.000291327
0.000295613
0.000573831
0.000307978
0.000298856
0.000303587
0.000301165
0.00029218
0.00029179
0.000291566
0.000291438
0.00029137
0.000291281
0.000291313
0.000291188
0.000291236
0.000291308
0.00029131
0.000291274
0.000291182
0.00029314
0.00029141
0.000291346
0.000293139
0.000291359
0.000291345
0.000309919
0.000292418
0.000291859
0.000291897
0.000293696
0.000291602
0.000291533
0.000293587
0.000291536
0.000291588
0.000291538
0.000295052
0.000291545
0.000291434
0.00029149
0.000291543
0.000293415
0.00029167
0.000291418
0.000301774
0.000292182
0.000291887
0.000291685
0.000291594
0.00029159
0.000293527
0.000331012
0.000303932
0.000294474
0.000292043
0.000291623
0.000291571
0.000291433
0.000291455
0.00029137
0.000291252
0.000293467
0.000291568
0.000291474
0.000300454
0.000291914
0.00029141
0.000291532
0.000291414
0.000291393
0.000291372
0.000293566
0.000291373
0.000291474
0.000293509
0.000291499
0.000291593
0.000293428
0.000291658
0.000291339
0.000291395
0.000291312
0.000293102
0.000291487
0.000291636
0.000291329
0.000293562
0.000291912
0.000291508
0.000293629
0.000291881
0.000291742
0.000291406
0.000291722
0.000291743
0.000291179
0.000291705
0.000291739
0.000293439
0.000333297
0.000292212
0.000293918
0.000291442
0.000291551
0.000291328
0.000291419
0.000291376
0.000291237
0.000291326
0.000291358
0.000291263
0.000304354
0.000293732
0.000291732
0.000291398
0.000303278
0.000291821
0.000291822
0.000293369
0.000291483
0.000291551
0.000293433
0.000291543
0.000291595
0.000296825
0.000291679
0.000291538
0.000295014
0.000291506
0.000291595
0.000309018
0.0002926
0.000291674
0.000294267
0.000291633
0.000291554
0.000291594
0.000291594
0.000291595
0.00029159
0.000291521
0.000293499
0.000291592
0.000291664
0.000291273
0.000301902
0.000291987
0.000292023
0.000291623
0.000291508
0.000291473
0.000293304
0.000291553
0.000291626
0.000293545
0.000291505
0.000291509
0.000304111
0.000292088
0.000302252
0.000291909
0.000291518
0.0003022
0.000291994
0.000291499
0.000291431
0.000291341
0.000293158
0.000291328
0.000291339
0.000295664
0.000291378
0.000300288
0.000293952
0.000291778
0.000291672
0.000293637
0.000291586
0.000291631
0.000293569
0.000291691
0.000291496
0.000291481
0.000291483
0.000291289
0.000291446
0.000292907
0.000291732
0.000291741
0.000293662
0.000291569
0.000291578
0.000298973
0.000291502
0.000291529
0.000299985
0.000291525
0.000291449
0.000291459
0.000304224
0.000296207
0.000291505
0.000295796
0.00029564
0.000293387
0.000291403
0.000291343
0.000291308
0.000322068
0.000297268
0.000291961
0.000294026
0.000303487
0.000300534
0.000299898
0.000303761
0.00029574
0.000291237
0.000291233
0.000306628
0.000292096
0.000291526
0.000291608
0.000293892
0.000291522
0.000292771
0.00029361
0.000291678
0.00029506
0.000293752
0.00029762
0.000291308
