#time [s]
2.37e-05
8.844e-06
8.794e-06
8.741e-06
8.743e-06
8.758e-06
8.752e-06
8.734e-06
8.778e-06
8.777e-06
8.762e-06
8.756e-06
8.758e-06
8.743e-06
8.756e-06
8.769e-06
8.751e-06
8.741e-06
8.766e-06
8.76e-06
8.724e-06
8.756e-06
8.773e-06
8.742e-06
8.749e-06
8.767e-06
8.751e-06
8.741e-06
8.773e-06
8.758e-06
8.748e-06
8.757e-06
8.766e-06
8.742e-06
8.748e-06
8.771e-06
8.761e-06
8.741e-06
8.768e-06
8.761e-06
8.924e-06
8.752e-06
8.756e-06
8.744e-06
8.743e-06
8.772e-06
8.752e-06
8.745e-06
8.76e-06
8.75e-06
8.733e-06
8.761e-06
8.756e-06
8.744e-06
8.754e-06
8.771e-06
8.743e-06
8.737e-06
8.755e-06
8.758e-06
8.751e-06
8.761e-06
8.768e-06
8.744e-06
8.748e-06
8.762e-06
8.738e-06
8.745e-06
8.769e-06
8.758e-06
8.742e-06
8.762e-06
8.758e-06
8.734e-06
8.742e-06
8.771e-06
8.74e-06
8.745e-06
8.769e-06
8.758e-06
8.736e-06
8.752e-06
8.752e-06
8.743e-06
8.75e-06
8.769e-06
8.75e-06
8.748e-06
8.764e-06
8.762e-06
8.732e-06
8.752e-06
8.766e-06
8.732e-06
8.755e-06
8.761e-06
8.75e-06
8.739e-06
8.761e-06
8.744e-06
8.741e-06
8.753e-06
8.766e-06
8.734e-06
8.756e-06
8.762e-06
8.741e-06
8.735e-06
8.769e-06
8.747e-06
8.743e-06
8.772e-06
8.766e-06
8.734e-06
8.747e-06
8.759e-06
8.749e-06
8.737e-06
8.771e-06
8.758e-06
8.742e-06
8.757e-06
8.755e-06
8.734e-06
8.754e-06
8.76e-06
8.749e-06
8.749e-06
8.771e-06
8.748e-06
8.733e-06
8.751e-06
8.763e-06
8.752e-06
8.756e-06
8.771e-06
8.748e-06
8.744e-06
8.762e-06
8.744e-06
8.742e-06
8.766e-06
8.762e-06
8.743e-06
8.758e-06
8.762e-06
8.738e-06
8.737e-06
8.77e-06
8.744e-06
8.742e-06
8.765e-06
8.764e-06
8.736e-06
8.747e-06
8.756e-06
8.745e-06
8.757e-06
8.77e-06
8.755e-06
8.743e-06
8.76e-06
8.754e-06
8.734e-06
8.746e-06
8.769e-06
8.735e-06
8.75e-06
8.761e-06
8.755e-06
8.735e-06
8.756e-06
8.751e-06
8.742e-06
8.747e-06
8.77e-06
8.736e-06
8.75e-06
8.763e-06
8.745e-06
8.73e-06
8.767e-06
8.751e-06
8.742e-06
8.766e-06
8.77e-06
8.737e-06
8.741e-06
8.758e-06
8.754e-06
8.732e-06
8.767e-06
8.763e-06
8.742e-06
8.751e-06
8.759e-06
8.738e-06
8.749e-06
8.76e-06
1.5455e-05
8.831e-06
8.782e-06
8.781e-06
8.766e-06
8.774e-06
8.75e-06
8.753e-06
8.776e-06
8.763e-06
8.748e-06
8.77e-06
8.772e-06
8.748e-06
8.755e-06
8.767e-06
8.738e-06
8.743e-06
8.771e-06
8.754e-06
8.73e-06
8.759e-06
8.767e-06
8.74e-06
8.742e-06
8.766e-06
8.776e-06
8.743e-06
8.758e-06
8.737e-06
8.768e-06
8.784e-06
8.766e-06
8.75e-06
8.755e-06
8.778e-06
8.749e-06
8.756e-06
8.771e-06
8.764e-06
8.743e-06
8.771e-06
8.765e-06
8.75e-06
8.757e-06
8.778e-06
8.774e-06
8.727e-06
8.796e-06
8.767e-06
8.769e-06
8.784e-06
8.77e-06
8.721e-06
8.782e-06
8.748e-06
8.773e-06
8.76e-06
8.798e-06
8.766e-06
8.77e-06
8.745e-06
8.789e-06
8.721e-06
8.784e-06
8.781e-06
8.773e-06
8.761e-06
8.797e-06
8.733e-06
8.769e-06
8.786e-06
8.769e-06
8.732e-06
8.765e-06
8.758e-06
8.776e-06
8.73e-06
8.758e-06
8.733e-06
8.731e-06
8.778e-06
8.75e-06
8.753e-06
8.746e-06
8.749e-06
8.734e-06
8.729e-06
8.758e-06
8.765e-06
9.323e-06
9.049e-06
8.997e-06
8.965e-06
8.954e-06
8.868e-06
8.836e-06
8.844e-06
8.842e-06
8.832e-06
8.85e-06
8.881e-06
8.838e-06
8.842e-06
8.873e-06
8.841e-06
8.816e-06
8.864e-06
8.839e-06
8.831e-06
8.881e-06
8.859e-06
8.825e-06
8.84e-06
8.857e-06
8.894e-06
9.016e-06
8.979e-06
9.072e-06
9.209e-06
8.984e-06
8.764e-06
8.755e-06
8.788e-06
8.767e-06
8.739e-06
8.745e-06
8.76e-06
8.746e-06
8.734e-06
8.763e-06
8.745e-06
8.737e-06
8.76e-06
8.748e-06
8.768e-06
8.754e-06
8.767e-06
8.741e-06
8.747e-06
8.767e-06
8.744e-06
8.71e-06
8.759e-06
8.762e-06
8.731e-06
8.747e-06
8.764e-06
8.755e-06
8.737e-06
8.76e-06
8.746e-06
8.736e-06
8.752e-06
8.758e-06
8.738e-06
8.76e-06
8.761e-06
8.738e-06
8.738e-06
8.765e-06
8.745e-06
8.723e-06
8.759e-06
8.762e-06
8.741e-06
8.752e-06
8.765e-06
8.737e-06
8.752e-06
8.766e-06
8.762e-06
8.738e-06
8.764e-06
8.753e-06
8.758e-06
8.744e-06
8.776e-06
8.744e-06
8.753e-06
8.764e-06
8.738e-06
8.758e-06
8.789e-06
8.761e-06
8.737e-06
8.753e-06
8.769e-06
8.744e-06
8.746e-06
8.769e-06
8.751e-06
8.738e-06
8.761e-06
8.759e-06
8.755e-06
8.753e-06
8.766e-06
8.729e-06
8.747e-06
8.785e-06
8.751e-06
8.739e-06
8.778e-06
8.76e-06
8.738e-06
8.74e-06
8.795e-06
8.739e-06
8.742e-06
8.77e-06
8.753e-06
8.743e-06
8.765e-06
8.762e-06
8.737e-06
8.757e-06
8.762e-06
8.746e-06
8.748e-06
8.77e-06
8.753e-06
8.742e-06
8.76e-06
8.761e-06
8.735e-06
8.747e-06
8.768e-06
8.746e-06
8.75e-06
8.771e-06
8.77e-06
8.752e-06
8.755e-06
8.756e-06
8.737e-06
8.757e-06
8.797e-06
8.742e-06
8.749e-06
8.765e-06
8.749e-06
8.739e-06
8.768e-06
8.755e-06
8.739e-06
8.754e-06
8.767e-06
8.751e-06
8.748e-06
8.766e-06
8.749e-06
8.749e-06
8.762e-06
8.759e-06
8.731e-06
8.765e-06
8.757e-06
8.739e-06
8.741e-06
8.762e-06
8.747e-06
8.744e-06
8.758e-06
8.766e-06
8.731e-06
8.754e-06
8.757e-06
8.736e-06
8.748e-06
8.786e-06
8.752e-06
8.74e-06
8.768e-06
8.753e-06
8.741e-06
8.76e-06
8.768e-06
8.742e-06
8.752e-06
8.766e-06
8.751e-06
8.738e-06
8.768e-06
8.758e-06
8.741e-06
8.76e-06
8.767e-06
8.74e-06
8.752e-06
8.765e-06
8.752e-06
8.744e-06
8.768e-06
8.758e-06
8.75e-06
8.758e-06
8.762e-06
8.742e-06
8.748e-06
8.767e-06
8.75e-06
8.746e-06
8.767e-06
8.757e-06
8.733e-06
8.756e-06
8.764e-06
8.744e-06
8.758e-06
8.767e-06
8.748e-06
8.746e-06
8.775e-06
8.756e-06
8.737e-06
8.76e-06
8.771e-06
8.741e-06
8.752e-06
8.768e-06
8.754e-06
8.744e-06
8.765e-06
8.755e-06
8.734e-06
8.76e-06
8.765e-06
8.74e-06
8.76e-06
8.767e-06
8.746e-06
8.744e-06
8.762e-06
8.755e-06
8.741e-06
8.77e-06
8.763e-06
8.737e-06
8.751e-06
8.769e-06
8.746e-06
8.747e-06
8.77e-06
8.755e-06
8.737e-06
8.756e-06
8.761e-06
8.74e-06
8.754e-06
8.768e-06
8.747e-06
8.746e-06
8.765e-06
8.754e-06
8.736e-06
8.762e-06
8.763e-06
8.739e-06
8.753e-06
8.766e-06
8.743e-06
8.744e-06
8.766e-06
8.754e-06
8.74e-06
8.773e-06
8.762e-06
8.74e-06
8.754e-06
8.764e-06
8.746e-06
8.743e-06
8.768e-06
8.756e-06
8.74e-06
8.764e-06
1.7871e-05
8.848e-06
8.791e-06
8.77e-06
8.769e-06
8.787e-06
8.76e-06
8.749e-06
8.762e-06
8.745e-06
8.751e-06
8.742e-06
8.765e-06
8.729e-06
8.745e-06
8.776e-06
8.748e-06
8.726e-06
8.762e-06
8.745e-06
8.736e-06
8.742e-06
8.764e-06
8.752e-06
8.746e-06
8.784e-06
8.766e-06
8.727e-06
8.781e-06
8.743e-06
8.735e-06
8.766e-06
8.763e-06
8.727e-06
8.766e-06
8.754e-06
8.767e-06
8.726e-06
8.764e-06
8.768e-06
8.738e-06
8.742e-06
8.782e-06
8.726e-06
8.765e-06
8.753e-06
8.748e-06
8.751e-06
8.763e-06
8.774e-06
8.737e-06
8.765e-06
8.78e-06
8.761e-06
8.766e-06
8.778e-06
8.764e-06
8.762e-06
8.763e-06
8.763e-06
8.756e-06
8.78e-06
8.78e-06
8.75e-06
8.749e-06
8.787e-06
8.745e-06
8.751e-06
8.782e-06
8.775e-06
8.756e-06
8.768e-06
8.761e-06
8.76e-06
8.769e-06
8.784e-06
8.745e-06
8.764e-06
8.783e-06
8.764e-06
8.756e-06
8.779e-06
8.761e-06
8.725e-06
8.75e-06
8.787e-06
8.763e-06
8.753e-06
8.784e-06
8.773e-06
8.737e-06
8.746e-06
8.76e-06
8.759e-06
8.77e-06
8.777e-06
8.762e-06
8.764e-06
8.765e-06
8.739e-06
8.77e-06
8.759e-06
8.747e-06
8.756e-06
8.76e-06
8.765e-06
8.731e-06
8.744e-06
8.775e-06
8.751e-06
8.725e-06
8.778e-06
8.769e-06
8.737e-06
8.739e-06
8.765e-06
8.752e-06
8.743e-06
8.752e-06
8.769e-06
8.746e-06
8.759e-06
8.745e-06
8.737e-06
8.761e-06
8.765e-06
8.73e-06
8.779e-06
8.765e-06
8.762e-06
8.738e-06
8.748e-06
8.759e-06
8.725e-06
8.77e-06
8.776e-06
8.742e-06
8.756e-06
8.766e-06
8.738e-06
8.737e-06
8.748e-06
8.777e-06
8.748e-06
8.752e-06
8.776e-06
8.742e-06
8.733e-06
8.766e-06
8.736e-06
8.756e-06
8.773e-06
8.757e-06
8.748e-06
8.788e-06
8.764e-06
8.728e-06
8.765e-06
8.787e-06
8.748e-06
8.751e-06
8.762e-06
8.779e-06
8.737e-06
8.741e-06
8.784e-06
8.763e-06
8.745e-06
8.778e-06
8.766e-06
8.76e-06
8.762e-06
8.743e-06
8.755e-06
8.776e-06
8.763e-06
8.752e-06
8.765e-06
8.788e-06
8.747e-06
8.758e-06
8.781e-06
8.765e-06
8.736e-06
8.766e-06
8.746e-06
8.749e-06
8.747e-06
8.753e-06
8.765e-06
8.749e-06
8.764e-06
8.766e-06
8.721e-06
8.765e-06
8.763e-06
8.727e-06
8.765e-06
8.776e-06
8.746e-06
8.752e-06
8.747e-06
8.765e-06
8.736e-06
8.743e-06
8.798e-06
8.739e-06
8.735e-06
8.75e-06
8.758e-06
8.74e-06
8.75e-06
8.773e-06
8.725e-06
8.755e-06
8.75e-06
8.721e-06
8.76e-06
8.766e-06
8.734e-06
8.759e-06
8.752e-06
8.755e-06
8.725e-06
8.741e-06
8.774e-06
8.738e-06
8.736e-06
8.8e-06
8.745e-06
8.728e-06
8.782e-06
8.765e-06
8.736e-06
8.769e-06
8.779e-06
8.726e-06
8.749e-06
8.753e-06
8.763e-06
8.753e-06
8.763e-06
8.765e-06
8.756e-06
8.745e-06
8.76e-06
8.726e-06
8.767e-06
8.778e-06
8.745e-06
8.752e-06
8.782e-06
8.771e-06
8.737e-06
8.745e-06
8.78e-06
8.748e-06
8.751e-06
1.4769e-05
8.814e-06
8.769e-06
8.796e-06
8.778e-06
8.762e-06
8.809e-06
8.75e-06
8.756e-06
8.787e-06
8.761e-06
8.764e-06
8.774e-06
8.802e-06
8.757e-06
8.778e-06
8.786e-06
8.75e-06
8.767e-06
8.776e-06
8.77e-06
8.753e-06
8.782e-06
8.768e-06
8.758e-06
8.767e-06
8.785e-06
8.751e-06
8.767e-06
8.781e-06
8.77e-06
8.748e-06
8.784e-06
8.769e-06
8.758e-06
8.764e-06
8.785e-06
8.755e-06
8.779e-06
8.787e-06
8.757e-06
8.759e-06
8.773e-06
8.761e-06
8.752e-06
8.768e-06
8.772e-06
8.761e-06
8.758e-06
8.785e-06
8.756e-06
8.745e-06
8.779e-06
8.769e-06
8.746e-06
8.777e-06
8.772e-06
8.759e-06
8.759e-06
8.772e-06
8.761e-06
8.754e-06
8.794e-06
8.774e-06
8.748e-06
8.762e-06
8.777e-06
8.76e-06
8.76e-06
8.771e-06
8.755e-06
8.763e-06
8.775e-06
8.759e-06
8.752e-06
8.78e-06
8.771e-06
8.744e-06
8.761e-06
8.786e-06
8.755e-06
8.748e-06
8.779e-06
8.774e-06
8.748e-06
8.764e-06
8.769e-06
8.767e-06
8.781e-06
8.771e-06
8.752e-06
8.748e-06
8.775e-06
8.756e-06
8.744e-06
8.766e-06
8.769e-06
8.742e-06
8.759e-06
8.771e-06
8.753e-06
8.749e-06
8.772e-06
8.757e-06
8.747e-06
8.765e-06
8.766e-06
8.744e-06
8.762e-06
8.77e-06
8.75e-06
8.75e-06
8.775e-06
8.778e-06
8.758e-06
8.776e-06
8.779e-06
8.752e-06
8.766e-06
8.774e-06
8.752e-06
8.755e-06
8.768e-06
8.76e-06
8.76e-06
8.772e-06
8.771e-06
8.748e-06
8.774e-06
8.775e-06
8.747e-06
8.755e-06
8.786e-06
8.76e-06
8.746e-06
8.772e-06
8.778e-06
8.747e-06
8.759e-06
8.774e-06
8.763e-06
8.757e-06
8.772e-06
8.758e-06
8.761e-06
8.773e-06
8.761e-06
8.747e-06
8.775e-06
8.774e-06
8.746e-06
8.777e-06
8.787e-06
8.758e-06
8.76e-06
8.77e-06
8.776e-06
8.748e-06
8.776e-06
8.77e-06
8.76e-06
8.757e-06
8.788e-06
8.754e-06
8.761e-06
8.773e-06
