#time [s]
0.00053459
0.000614596
0.000538331
0.000525035
0.000525176
0.000534298
0.00052793
0.000535988
0.000526458
0.000525554
0.000524955
0.000525077
0.000525067
0.000525141
0.000525878
0.000525138
0.000525227
0.000525082
0.000525308
0.000524953
0.00052814
0.000525091
0.000539451
0.000532409
0.000525377
0.000525077
0.00052696
0.00052705
0.000524936
0.000525204
0.000568871
0.000544513
0.000610209
0.000528478
0.000525191
0.000604878
0.00056129
0.000720322
0.000793442
0.000526877
0.000544204
0.00052766
0.00052509
0.000525069
0.000525007
0.00052522
0.000525325
0.000527013
0.000525115
0.000525058
0.000585659
0.000543961
0.000525034
0.000525044
0.000524993
0.000539518
0.000525868
0.000525006
0.000526976
0.000551484
0.00052731
0.000525194
0.000525192
0.000535934
0.000525343
0.000525107
0.00052515
0.000525293
0.000598942
0.000526364
0.000525246
0.00053418
0.000527729
0.000525181
0.000525212
0.000544469
0.000525925
0.000525187
0.000534212
0.000525852
0.000526869
0.000525028
0.000525191
0.00052511
0.000525109
0.000525524
0.000540132
0.00053005
0.000540515
0.000532462
0.000524921
0.000525089
0.00052519
0.000525397
0.000540234
0.000528003
0.000525192
0.000525814
0.000525139
0.000525167
0.000525041
0.000534851
0.000525635
0.000813315
0.000872822
0.001140786
0.00070489
0.000525721
0.000525266
0.000525088
0.000525146
0.000525111
0.00052516
0.000544538
0.000529784
0.000573111
0.000526275
0.000525093
0.000525345
0.000525033
0.000535321
0.000565078
0.000605286
0.000534206
0.00052576
0.000525282
0.000525107
0.000537542
0.000525611
0.000526313
0.000525106
0.000525114
0.000526194
0.00052523
0.000539908
0.000525608
0.000525076
0.000534783
0.000532398
0.000525168
0.000527692
0.000525218
0.000525166
0.000526909
0.00052512
0.000525136
0.000525119
0.000540794
0.000530143
0.000525073
0.000525958
0.000525016
0.000525168
0.00052513
0.000525134
0.000525039
0.000525017
0.000535174
0.000525495
0.000526811
0.000525138
0.00052796
0.000555026
0.000526193
0.000525191
0.000537985
0.000537992
0.000525408
0.00052519
0.000525284
0.000525052
0.000525205
0.000525179
0.000525093
0.000525096
0.00054013
0.00052957
0.000525112
0.000525165
0.000526136
0.000525127
0.000525155
0.000525152
0.000525229
0.000534999
0.000525735
0.000525158
0.000525326
0.000525132
0.000529598
0.000532516
0.000525132
0.00052504
0.000557511
0.000547633
0.000525433
0.00052516
0.000525127
0.000525049
0.00052633
0.000525032
0.00052573
0.000534549
0.000527708
0.000525018
0.000525298
0.000525112
0.000525017
0.000526851
0.000525026
0.000527079
0.000525182
0.000543327
0.000529982
0.000525162
0.000525332
0.000525251
0.000524974
0.000525128
0.000526096
0.000525157
0.000535358
0.000589541
0.000540341
0.000527343
0.000525364
0.000525063
0.000525382
0.0005252
0.000525223
0.000535773
0.000537336
0.000527613
0.000525055
0.000527115
0.000525263
0.000525168
0.000525039
0.000534207
0.000527935
0.000525065
0.000528295
0.000525257
0.000525133
0.000527874
0.000525214
0.00054375
0.000525686
0.00052521
0.000525175
0.000525184
0.000528094
0.000525122
0.000525144
0.000536466
0.000525407
0.000524961
0.000525215
0.000526246
0.000560682
0.000530209
0.000534568
0.00052957
0.000525046
0.000525243
0.000527286
0.000558187
0.000527352
0.000525115
0.000536404
0.000530639
0.000525155
0.0005252
0.000525061
0.000526999
0.000525242
0.000538912
0.000530473
0.000525206
0.000525198
0.000525055
0.000525119
0.000524895
0.000525184
0.000539715
0.000525311
0.000524981
0.000525094
0.000525137
0.000524919
0.000525137
0.000524888
0.000537668
0.000526461
0.000556488
0.000532597
0.000525199
0.000536319
0.000525358
0.000536824
0.000525291
0.000525186
0.000525108
0.000525013
0.000525093
0.000525081
0.000525
0.000538692
0.000529086
0.000526053
0.00052515
0.000525137
0.000525162
0.000527003
0.000525194
0.000534809
0.000532703
0.000525021
0.000525192
0.000525026
0.000524996
0.000525145
0.00052517
0.000534895
0.000525374
0.00058609
0.000529974
0.000525005
0.00053595
0.000525282
0.000525224
0.000534706
0.000525395
0.000525051
0.000525206
0.000525069
0.000525661
0.000525018
0.000525053
0.000538582
0.00052931
0.000527624
0.00052526
0.000525212
0.000527366
0.000525435
0.000525099
0.000538295
0.000525383
0.000526148
0.000524974
0.000524878
0.000525054
0.000525142
0.000525125
0.000524963
0.000561582
0.000525315
0.000524999
0.000535772
0.000527153
0.000524992
0.000525153
0.000525162
0.000533453
0.000525189
0.000525053
0.00052516
0.000526089
0.000525165
0.000524943
0.000525166
0.000539866
0.000527722
0.000526878
0.000524986
0.000524987
0.000525167
0.000525215
0.000525149
0.000537617
0.000525413
0.0005252
0.000525168
0.000525297
0.000525053
0.000525184
0.000525219
0.000651812
0.000529348
0.00052635
0.000525144
0.000542059
0.000525928
0.000526659
0.000525211
0.000525104
0.000524921
0.000527561
0.000527461
0.000536757
0.000525289
0.000525574
0.000525104
0.000525038
0.000527381
0.000525047
0.000525001
0.000525688
0.00052519
0.000525299
0.000525101
0.000544675
0.000525562
0.000525224
0.000525381
0.000525188
0.000525249
0.000525107
0.000527078
0.0005433
0.00053567
0.000525132
0.000525153
0.000537483
0.00052705
0.000525042
0.000526226
0.000563414
0.000528488
0.000525107
0.00052525
0.000525084
0.000534753
0.000525393
0.000525236
0.000525207
0.000525076
0.000525217
0.000525058
0.000525165
0.000525254
0.000524925
0.000547012
0.000525336
0.000527066
0.000525125
0.00052526
0.000524937
0.00052516
0.000526789
0.00052509
0.000539137
0.00052563
0.000525144
0.000525192
0.000550424
0.000542026
0.000525136
0.000525125
0.000525157
0.000543824
0.000551834
0.000525232
0.00052678
0.000525205
0.00052513
0.000525195
0.00052563
0.000525025
0.000536881
0.000525757
0.000525158
0.000525994
0.000537275
0.000529271
0.000525158
0.000525215
0.000539542
0.000529075
0.000525204
0.000525961
0.000525206
0.000526605
0.000526761
0.000525174
0.000524919
0.000537843
0.00052853
0.000525174
0.000594586
0.000893675
0.000546825
0.000525117
0.000534636
0.000525485
0.000525317
0.000538399
0.000529715
0.00052518
0.000524957
0.000524847
0.000525389
0.000525087
0.000534636
0.000529827
0.000525144
0.000525113
0.000527213
0.000527603
0.000525249
0.000525215
0.000524953
0.000542356
0.000525645
0.000525246
0.000524978
0.000525207
0.000525188
0.000525111
0.000526286
0.000524927
0.000534986
0.000528115
0.000525158
0.000584346
0.000525783
0.000525072
0.000525234
0.000525154
0.000534767
0.000525447
0.000556283
0.000526619
0.000525286
0.000525144
0.000525142
0.000525161
0.000525157
0.00052505
0.000534369
0.000530322
0.000525068
0.000525206
0.000525022
0.000525194
0.000525176
0.000525184
0.000525161
0.000525188
0.000525256
0.000541361
0.000525471
0.000525131
0.00052505
0.000524895
0.000525103
0.000525213
0.000525207
0.000525067
0.000606069
0.000538782
0.000525617
0.000527222
0.000524946
0.000525394
0.000525165
0.000525306
0.000539546
0.000533892
0.000537484
0.00052553
0.000525168
0.000525258
0.000528504
0.000525152
0.000525082
0.000528195
0.000525489
0.000525072
0.000534668
0.000525446
0.000525059
0.000525178
0.00052525
0.000525038
0.000525058
0.000525188
0.000525178
0.000534996
0.000526146
0.000525304
0.000525175
0.000525255
0.000527393
0.000527056
0.000583409
0.000537453
0.000525611
0.000537355
0.000525527
0.000525049
0.00052505
0.000525113
0.000525124
0.000525256
0.000533703
0.000525486
0.00052647
0.000525119
0.000525104
0.000524993
0.000525158
0.000524982
0.000539405
0.000525785
0.000525072
0.000525045
0.000525074
0.000525169
0.000525111
0.000525099
0.00052517
0.000529665
0.000525113
0.000525074
0.000525026
0.000549344
0.000530359
0.000526954
0.000534837
0.000530175
0.000526506
0.000525296
0.000557933
0.000533536
0.00052524
0.000525283
0.000535268
0.000527625
0.000525124
0.000525247
0.000525196
0.000525125
0.000527279
0.000525038
0.000543757
0.000532733
0.000525151
0.000525166
0.000525005
0.00052673
0.00052512
0.000526802
0.0005379
0.000527119
0.000527469
0.000525132
0.000525891
0.000524978
0.000525046
0.000525178
0.000571523
0.000526251
0.000525311
0.000525159
0.000525186
0.000535874
0.000525554
0.000525217
0.000533276
0.000526098
0.000525041
0.000525177
0.000525
0.000525064
0.000525085
0.000525044
0.000538916
0.000525658
0.000525145
0.000525047
0.000525123
0.000525219
0.000525155
0.000527053
0.000539202
0.000529814
0.00052524
0.000525181
0.000525199
0.00052495
0.000525244
0.000525049
0.000534096
0.000838463
0.000936111
0.000805027
0.000536143
0.000526987
0.000534142
0.000526617
0.000525172
0.000524921
0.000525229
0.000525942
0.000634221
0.000675576
0.000525313
0.000525191
0.00054102
0.000526054
0.000525061
0.000525053
0.000525156
0.000525181
0.000525089
0.000525202
0.000524871
0.000524993
0.000525236
0.000535729
0.000525587
0.000525134
0.000525046
0.000546679
0.000526176
0.000525384
0.000536886
0.000525912
0.000534317
0.00052528
0.000525088
0.000525238
0.000525046
0.000525235
0.000525254
0.000526941
0.000525881
0.000525154
0.000534216
0.000528257
0.000525144
0.000525196
0.000524961
0.000524966
0.000525174
0.000525133
0.00052653
0.000536342
0.000530087
0.000525322
0.000525018
0.000525013
0.000525195
0.000525271
0.000581416
0.000538019
0.000545143
0.000544482
0.000525226
0.000525232
0.000525283
0.000524861
0.000525089
0.000526916
0.000534247
0.000528393
0.000525259
0.000525205
0.000524912
0.000525143
0.000525025
0.000525099
0.000525274
0.000544142
0.000525721
0.000525165
0.000525296
0.000525103
0.000525107
0.000525043
0.000525758
0.000527994
0.000528477
0.000527033
0.000554152
0.000527134
0.000525301
0.000525222
0.000525198
0.000534743
0.000525604
0.000525218
0.000553807
0.000526058
0.000525236
0.000525182
0.000525206
0.000534447
0.000530516
0.000525246
0.000525152
0.000525041
0.000525142
0.000525095
0.000525267
0.000544757
0.000543145
0.000527341
0.000527589
0.00052525
0.000526167
0.000525096
0.000525182
0.000539394
0.000528149
0.000525277
0.000525937
0.00052607
0.000525066
0.000525032
0.000563599
0.000526254
0.000525215
0.000525266
0.000525089
0.00053681
0.000525694
0.000535688
0.000525383
0.000524985
0.000524893
0.000525061
0.000525185
0.000525306
0.000527678
0.000539174
0.000525467
0.00052519
0.000525757
0.000525122
0.000525133
0.00052513
0.000537349
0.000525434
0.000525049
0.000525214
0.000527453
0.000525017
0.000526039
0.000534788
0.000530523
0.000529226
0.000525181
0.000558385
0.000564848
0.000526022
0.000545335
0.000525969
0.000525119
0.000525009
0.000525137
0.00052524
0.00052477
0.000525227
0.000525043
0.000544049
0.00052553
0.000525019
0.000525141
0.000525144
0.000525172
0.000525199
0.000525031
0.000526305
0.000534557
0.000525464
0.000525283
0.00052646
0.000525118
0.000525218
0.000525142
0.000525118
0.000534753
0.00052971
0.000878144
0.000946726
0.000971318
0.000984956
0.001002106
0.000985382
0.000984423
0.000865212
0.000750179
0.000750242
0.000750298
0.000560225
0.000525058
0.00053839
0.000525511
0.00052524
0.000525298
0.000525092
0.000525097
0.000525246
0.000524979
0.000556248
0.000526108
0.000524957
0.000525037
0.000525136
0.000535381
0.000544969
0.000525445
0.000525376
0.000525031
0.000525198
0.000525143
0.00052519
0.000525058
0.000525127
0.000525466
0.000534576
0.000529604
0.00060337
0.000526784
0.000524953
0.000525197
0.000525096
0.000525217
0.00052521
0.000525021
0.000525274
0.000525123
0.000534198
0.000525155
0.000527887
0.00052525
0.000525206
0.000525067
0.000598115
0.000526508
0.000525218
0.000525199
0.000525161
0.000527544
0.000525221
0.000525235
0.000525013
0.000525065
0.000525154
0.000564807
0.000525948
0.000525338
0.000533362
0.000525356
0.000525262
0.000525181
0.000525278
0.000526365
0.000525227
0.000525108
0.000525058
0.00054232
0.000525406
0.000525349
0.000525125
0.000525178
0.000527588
0.000525568
0.000525239
0.000525311
0.000536259
0.000528143
0.000528393
0.000525182
0.000526009
0.00052523
0.000525084
0.000549849
0.000531929
0.000539874
0.000544001
0.00052538
0.000525194
0.000525166
0.000526847
0.000525248
0.000524931
0.000525102
0.00053555
0.000525343
0.000525168
0.000525368
0.000525102
0.000525098
0.000525092
0.000525102
0.000525118
