#time [s]
2.8146e-05
2.8042e-05
2.8004e-05
2.8011e-05
2.7991e-05
2.7967e-05
4.5827e-05
2.8026e-05
2.7999e-05
2.7972e-05
2.7969e-05
2.7986e-05
2.7956e-05
2.7953e-05
2.7958e-05
2.7964e-05
2.7958e-05
2.7963e-05
2.7956e-05
2.7966e-05
2.7965e-05
2.8032e-05
2.8021e-05
2.7968e-05
2.7957e-05
2.7966e-05
2.7979e-05
2.7949e-05
2.796e-05
2.7952e-05
2.7954e-05
2.7955e-05
2.7972e-05
2.7964e-05
2.796e-05
2.7972e-05
2.796e-05
2.7964e-05
2.7955e-05
2.796e-05
2.7962e-05
2.7961e-05
2.7946e-05
2.7947e-05
2.7942e-05
2.7966e-05
2.795e-05
2.7959e-05
2.7977e-05
2.7968e-05
2.794e-05
2.8034e-05
2.7948e-05
2.7967e-05
2.7942e-05
2.7968e-05
2.7965e-05
2.7964e-05
2.7954e-05
2.7954e-05
2.8011e-05
2.7954e-05
2.7956e-05
2.7958e-05
2.7979e-05
2.7961e-05
2.7962e-05
2.7957e-05
2.7955e-05
2.7954e-05
2.7962e-05
2.7959e-05
2.7967e-05
2.7967e-05
2.7957e-05
2.7955e-05
2.8067e-05
2.7975e-05
2.7957e-05
2.7972e-05
2.7961e-05
2.7958e-05
2.7978e-05
2.7981e-05
2.7956e-05
2.7972e-05
2.7972e-05
2.7965e-05
2.7962e-05
2.7973e-05
2.7975e-05
2.7961e-05
2.7986e-05
2.7955e-05
2.7955e-05
2.7963e-05
2.7964e-05
2.7953e-05
2.796e-05
2.7975e-05
2.7962e-05
2.7966e-05
2.8032e-05
2.7984e-05
2.8033e-05
2.7973e-05
2.7971e-05
2.8e-05
2.8035e-05
3.8714e-05
2.8021e-05
2.8001e-05
2.8002e-05
2.7984e-05
2.796e-05
2.797e-05
2.7997e-05
2.7962e-05
2.7956e-05
2.7976e-05
2.7966e-05
2.7978e-05
2.7972e-05
2.8029e-05
2.7976e-05
2.7954e-05
2.7969e-05
2.7959e-05
2.7969e-05
2.796e-05
2.7953e-05
2.7965e-05
2.7965e-05
2.7958e-05
2.7973e-05
2.7986e-05
2.7975e-05
2.7965e-05
2.7954e-05
2.7972e-05
2.7986e-05
2.7962e-05
2.7952e-05
2.7964e-05
2.7966e-05
2.7969e-05
2.7963e-05
2.7969e-05
2.7967e-05
2.7957e-05
2.7968e-05
2.7967e-05
2.7957e-05
2.7964e-05
2.803e-05
4.8862e-05
2.8029e-05
2.8016e-05
2.7996e-05
2.8002e-05
2.7953e-05
2.7963e-05
2.7978e-05
2.7969e-05
2.7967e-05
2.797e-05
2.7951e-05
2.7988e-05
2.796e-05
2.7973e-05
3.7605e-05
2.8066e-05
2.8016e-05
2.8002e-05
2.7996e-05
2.7981e-05
2.7967e-05
2.7969e-05
2.7998e-05
2.7977e-05
2.797e-05
2.7962e-05
2.798e-05
2.7976e-05
2.7972e-05
2.7975e-05
2.7971e-05
2.7961e-05
2.7965e-05
2.7972e-05
2.7986e-05
2.7988e-05
2.7956e-05
2.7971e-05
2.7974e-05
2.7975e-05
2.7963e-05
2.7973e-05
2.7966e-05
2.7977e-05
2.7969e-05
2.7972e-05
2.8028e-05
2.7964e-05
2.7986e-05
2.7978e-05
2.7978e-05
2.7966e-05
2.797e-05
2.7971e-05
2.7967e-05
2.7955e-05
2.8028e-05
2.797e-05
2.7967e-05
2.7958e-05
2.7962e-05
2.7974e-05
2.796e-05
2.796e-05
2.795e-05
2.7977e-05
2.7959e-05
2.7971e-05
2.7963e-05
2.7952e-05
2.7958e-05
2.796e-05
2.7978e-05
2.7967e-05
2.7958e-05
2.7958e-05
2.7963e-05
2.7989e-05
2.7977e-05
2.7975e-05
2.7968e-05
2.7966e-05
2.7967e-05
2.7983e-05
2.7966e-05
2.7976e-05
2.7979e-05
2.7962e-05
2.7974e-05
2.799e-05
2.7971e-05
2.7972e-05
2.796e-05
2.7973e-05
2.7974e-05
2.799e-05
2.7985e-05
2.7969e-05
2.7963e-05
2.7986e-05
2.797e-05
2.7973e-05
2.7966e-05
2.7967e-05
2.7982e-05
3.7215e-05
2.8024e-05
2.8005e-05
2.8004e-05
2.7963e-05
2.7952e-05
2.7946e-05
2.7952e-05
2.7959e-05
2.7956e-05
2.7952e-05
2.7957e-05
2.7961e-05
2.7944e-05
2.795e-05
2.7956e-05
2.7951e-05
2.7956e-05
2.797e-05
2.7981e-05
2.7973e-05
2.7965e-05
2.796e-05
2.7965e-05
2.797e-05
2.7978e-05
2.7961e-05
2.7962e-05
2.7957e-05
2.796e-05
2.7961e-05
2.7953e-05
2.7957e-05
2.7962e-05
2.7965e-05
2.7962e-05
2.797e-05
2.7959e-05
2.7971e-05
2.7979e-05
2.7945e-05
2.7946e-05
2.7958e-05
2.7957e-05
2.7967e-05
2.7969e-05
2.7967e-05
2.7964e-05
2.7952e-05
2.7958e-05
2.7981e-05
2.7974e-05
2.796e-05
2.7969e-05
2.7971e-05
2.7971e-05
2.7961e-05
2.7976e-05
2.797e-05
2.7963e-05
2.7969e-05
2.7972e-05
2.799e-05
2.7971e-05
2.7965e-05
2.7964e-05
2.7963e-05
2.7974e-05
2.7973e-05
2.7974e-05
2.7969e-05
2.7975e-05
2.7964e-05
2.7977e-05
6.7311e-05
2.8064e-05
2.8006e-05
2.8014e-05
2.8002e-05
2.7983e-05
2.7967e-05
2.7976e-05
2.7983e-05
2.7969e-05
2.7989e-05
6.6698e-05
2.8049e-05
2.8006e-05
2.8002e-05
2.7989e-05
2.7976e-05
2.7965e-05
2.7972e-05
2.7985e-05
2.7969e-05
2.7974e-05
2.7965e-05
2.7972e-05
2.7966e-05
2.7963e-05
2.7961e-05
2.7986e-05
2.7981e-05
2.7989e-05
2.7958e-05
2.7965e-05
2.799e-05
2.7993e-05
2.7973e-05
2.7974e-05
2.7976e-05
2.7972e-05
2.7975e-05
2.7987e-05
2.7962e-05
2.797e-05
2.797e-05
2.7964e-05
2.7972e-05
2.7971e-05
2.7962e-05
2.797e-05
2.7972e-05
2.7975e-05
2.7978e-05
2.7972e-05
2.7973e-05
2.797e-05
2.7973e-05
2.7992e-05
2.7978e-05
2.7979e-05
2.7975e-05
2.7968e-05
2.7976e-05
2.7975e-05
2.7969e-05
2.7984e-05
2.7964e-05
2.7965e-05
2.7962e-05
2.7976e-05
2.7967e-05
3.4686e-05
2.8033e-05
2.8015e-05
2.8009e-05
2.8008e-05
2.7984e-05
2.7981e-05
2.7987e-05
2.7981e-05
2.798e-05
2.7982e-05
2.7979e-05
2.7982e-05
2.7984e-05
2.7974e-05
2.8003e-05
2.7975e-05
2.7964e-05
2.798e-05
2.7985e-05
2.7972e-05
2.7983e-05
2.7989e-05
2.7974e-05
2.798e-05
2.7967e-05
2.798e-05
2.7964e-05
2.7961e-05
2.7986e-05
2.7983e-05
2.7968e-05
2.7971e-05
2.7978e-05
2.797e-05
2.7975e-05
2.7973e-05
2.7974e-05
2.7972e-05
2.7968e-05
2.7974e-05
2.7973e-05
2.797e-05
2.7969e-05
2.7969e-05
2.7971e-05
2.797e-05
2.7968e-05
2.7976e-05
2.7969e-05
2.7966e-05
2.7971e-05
2.7956e-05
2.7957e-05
0.000160865
2.9843e-05
4.065e-05
4.4962e-05
2.8028e-05
2.7993e-05
2.7993e-05
2.7964e-05
2.7962e-05
2.8009e-05
2.7963e-05
2.7981e-05
2.7985e-05
2.7977e-05
2.7971e-05
2.7968e-05
2.7974e-05
2.797e-05
2.7966e-05
2.7973e-05
2.7984e-05
2.798e-05
2.7996e-05
2.7972e-05
2.7978e-05
2.797e-05
2.8006e-05
2.7959e-05
2.7982e-05
2.7978e-05
2.7974e-05
2.7968e-05
2.7978e-05
2.7963e-05
2.7974e-05
2.7958e-05
2.7964e-05
2.7982e-05
2.7981e-05
2.7972e-05
2.7981e-05
2.7961e-05
2.7999e-05
2.7956e-05
2.7969e-05
2.7965e-05
2.7965e-05
2.7979e-05
2.796e-05
2.7974e-05
2.7971e-05
2.7969e-05
2.7968e-05
2.797e-05
2.7963e-05
2.7967e-05
2.7962e-05
2.7967e-05
2.7957e-05
2.7965e-05
2.7966e-05
2.7948e-05
2.7961e-05
2.7959e-05
2.7968e-05
2.7961e-05
2.7965e-05
2.7948e-05
2.7958e-05
2.7951e-05
2.7971e-05
2.7966e-05
2.7956e-05
2.7965e-05
2.7948e-05
2.7954e-05
2.7969e-05
2.7967e-05
2.7959e-05
2.796e-05
2.7944e-05
2.7969e-05
2.7962e-05
2.7968e-05
2.7973e-05
2.7956e-05
3.5124e-05
2.8017e-05
2.7985e-05
2.7972e-05
2.7972e-05
2.7977e-05
2.7981e-05
2.797e-05
2.7958e-05
2.7954e-05
2.7955e-05
2.7966e-05
2.7961e-05
2.7968e-05
2.7971e-05
2.7961e-05
2.7962e-05
2.7955e-05
2.7969e-05
2.7961e-05
2.7962e-05
2.7962e-05
2.7947e-05
2.7958e-05
2.7977e-05
2.7962e-05
2.7951e-05
2.7949e-05
2.7952e-05
2.7971e-05
2.7954e-05
2.7945e-05
2.7944e-05
2.7969e-05
2.7954e-05
2.7964e-05
2.7958e-05
2.7971e-05
2.7952e-05
2.7944e-05
2.7948e-05
2.7945e-05
2.7962e-05
2.7965e-05
2.7952e-05
2.7953e-05
2.7947e-05
2.7953e-05
2.7945e-05
2.7965e-05
2.7947e-05
2.7961e-05
2.7969e-05
2.7954e-05
2.7965e-05
2.7967e-05
2.7963e-05
2.7955e-05
2.7961e-05
2.7959e-05
2.796e-05
2.7956e-05
2.796e-05
2.7957e-05
2.7956e-05
2.7953e-05
2.7954e-05
2.7955e-05
2.7966e-05
2.7969e-05
2.7971e-05
2.7974e-05
2.7958e-05
2.7954e-05
2.7966e-05
2.7965e-05
2.7956e-05
2.7958e-05
2.7958e-05
2.797e-05
2.797e-05
2.7969e-05
2.7954e-05
2.7954e-05
2.7961e-05
2.7975e-05
2.7982e-05
2.7967e-05
2.7978e-05
2.797e-05
2.7961e-05
2.7974e-05
2.7959e-05
2.7969e-05
2.7951e-05
2.7955e-05
2.7961e-05
2.7961e-05
2.7961e-05
2.7956e-05
2.7961e-05
2.797e-05
2.7974e-05
2.7967e-05
2.7969e-05
2.7964e-05
2.7961e-05
2.7962e-05
2.7957e-05
2.7953e-05
2.796e-05
2.7968e-05
2.795e-05
2.7962e-05
2.7959e-05
2.7989e-05
2.7963e-05
2.7948e-05
2.7949e-05
2.796e-05
2.7966e-05
2.7961e-05
2.7964e-05
2.795e-05
2.7959e-05
2.7956e-05
2.7959e-05
2.7967e-05
2.7962e-05
2.7967e-05
2.7953e-05
2.7964e-05
2.7948e-05
2.7964e-05
2.7961e-05
2.7939e-05
2.7944e-05
2.7958e-05
2.7943e-05
2.7953e-05
2.7964e-05
2.7944e-05
2.797e-05
2.796e-05
2.795e-05
2.7944e-05
2.7954e-05
2.796e-05
2.7959e-05
2.7948e-05
2.796e-05
2.7964e-05
2.7954e-05
2.7953e-05
2.7961e-05
2.7949e-05
2.7954e-05
2.7958e-05
2.7939e-05
2.7956e-05
2.7965e-05
2.7956e-05
2.7943e-05
2.7962e-05
2.7977e-05
2.7966e-05
2.7946e-05
2.7956e-05
2.7965e-05
2.7964e-05
2.7967e-05
2.7966e-05
2.7963e-05
2.7965e-05
2.7952e-05
2.796e-05
2.7962e-05
2.7959e-05
2.8002e-05
2.7968e-05
2.795e-05
2.7974e-05
2.7973e-05
2.7961e-05
2.7975e-05
2.7948e-05
2.7949e-05
2.7954e-05
2.7954e-05
2.796e-05
2.7954e-05
2.7956e-05
2.7959e-05
2.7963e-05
2.7965e-05
2.7969e-05
2.7949e-05
2.7962e-05
2.7957e-05
2.7961e-05
2.7964e-05
2.7972e-05
2.7961e-05
2.7974e-05
2.7963e-05
2.7964e-05
2.7965e-05
2.7972e-05
2.7959e-05
2.796e-05
2.7968e-05
2.7974e-05
2.7964e-05
2.7958e-05
2.7969e-05
2.7972e-05
2.7966e-05
2.7972e-05
2.7964e-05
2.7965e-05
2.797e-05
2.795e-05
2.7953e-05
2.796e-05
2.7965e-05
2.7958e-05
2.7994e-05
2.7959e-05
2.7955e-05
2.7953e-05
2.7959e-05
2.7946e-05
2.7966e-05
2.7973e-05
2.7953e-05
4.1906e-05
2.8028e-05
2.7989e-05
2.798e-05
2.7974e-05
2.798e-05
2.7969e-05
2.7962e-05
2.7954e-05
2.7968e-05
2.8005e-05
2.7966e-05
2.7963e-05
2.7985e-05
2.7965e-05
2.7969e-05
2.7962e-05
2.7961e-05
2.7962e-05
2.7977e-05
2.7974e-05
2.7965e-05
2.7969e-05
2.7973e-05
2.7972e-05
2.7973e-05
2.7973e-05
2.7989e-05
2.7962e-05
2.7966e-05
2.7969e-05
2.7961e-05
2.7974e-05
2.7961e-05
2.797e-05
2.7974e-05
2.7972e-05
2.7961e-05
2.7975e-05
2.7971e-05
2.7954e-05
2.7977e-05
2.796e-05
2.7964e-05
2.7962e-05
2.7957e-05
2.7956e-05
2.797e-05
2.7984e-05
2.7965e-05
2.796e-05
2.7951e-05
2.7976e-05
2.7973e-05
2.796e-05
2.7964e-05
2.7991e-05
2.7953e-05
2.797e-05
2.7968e-05
2.7971e-05
2.7963e-05
2.7975e-05
2.7968e-05
2.7964e-05
2.7975e-05
2.7978e-05
2.797e-05
2.795e-05
2.7957e-05
2.7963e-05
2.796e-05
2.7946e-05
2.7957e-05
2.7976e-05
2.7967e-05
2.7962e-05
2.7963e-05
2.7955e-05
2.7952e-05
2.7958e-05
2.7965e-05
2.7957e-05
2.7944e-05
2.7947e-05
2.7951e-05
2.7964e-05
2.7965e-05
2.7952e-05
2.7963e-05
2.7958e-05
2.7969e-05
2.7958e-05
2.7951e-05
2.796e-05
2.7956e-05
3.2585e-05
2.7964e-05
2.7946e-05
2.7961e-05
2.7963e-05
2.799e-05
2.855e-05
2.7953e-05
2.7969e-05
2.7956e-05
2.7964e-05
2.7965e-05
2.7954e-05
2.7948e-05
2.7946e-05
2.7964e-05
2.7964e-05
2.7949e-05
2.7966e-05
2.7954e-05
2.7947e-05
2.7962e-05
2.7949e-05
2.7958e-05
2.7971e-05
2.7953e-05
2.795e-05
2.7959e-05
2.796e-05
2.7944e-05
2.797e-05
2.7971e-05
2.7995e-05
2.796e-05
2.7955e-05
2.7964e-05
2.7956e-05
2.7963e-05
2.7984e-05
2.7973e-05
2.7962e-05
2.7968e-05
2.7953e-05
2.7953e-05
2.7977e-05
2.7971e-05
2.7965e-05
2.7972e-05
2.7993e-05
2.7957e-05
2.7962e-05
2.7964e-05
2.7968e-05
2.7966e-05
2.7981e-05
2.797e-05
2.7982e-05
2.7968e-05
2.798e-05
2.7965e-05
2.7963e-05
2.7969e-05
2.7973e-05
2.7974e-05
2.7975e-05
2.8012e-05
2.7976e-05
2.7969e-05
2.798e-05
2.7997e-05
2.7973e-05
2.7965e-05
2.796e-05
2.7963e-05
2.7974e-05
2.7972e-05
2.7987e-05
2.7965e-05
2.7968e-05
2.7977e-05
2.7969e-05
2.797e-05
2.797e-05
2.7974e-05
2.7966e-05
2.7968e-05
2.7964e-05
2.7956e-05
2.7964e-05
6.8182e-05
2.9415e-05
2.7979e-05
2.7987e-05
2.7992e-05
2.7973e-05
2.7961e-05
2.7963e-05
2.7986e-05
2.7976e-05
2.7957e-05
2.7965e-05
2.7964e-05
2.7964e-05
2.7974e-05
2.7974e-05
2.7963e-05
2.7982e-05
2.797e-05
2.7977e-05
2.7966e-05
2.7991e-05
2.7983e-05
2.7981e-05
2.7979e-05
2.797e-05
2.7978e-05
2.7967e-05
2.797e-05
2.7998e-05
2.7977e-05
2.7968e-05
2.7982e-05
2.7983e-05
2.7968e-05
2.7971e-05
