#time [s]
3.873e-06
3.758e-06
3.716e-06
3.716e-06
3.712e-06
3.7e-06
3.694e-06
3.684e-06
3.682e-06
3.688e-06
3.709e-06
3.698e-06
3.71e-06
3.689e-06
3.68e-06
3.702e-06
3.687e-06
3.692e-06
3.698e-06
3.711e-06
3.684e-06
3.7e-06
3.685e-06
3.711e-06
3.695e-06
3.712e-06
3.686e-06
3.702e-06
3.682e-06
3.709e-06
3.694e-06
3.715e-06
3.688e-06
3.703e-06
3.68e-06
3.706e-06
3.69e-06
3.715e-06
3.691e-06
3.684e-06
3.687e-06
3.683e-06
3.687e-06
3.691e-06
3.693e-06
3.686e-06
3.683e-06
3.681e-06
3.69e-06
3.692e-06
3.696e-06
3.692e-06
3.687e-06
3.679e-06
3.687e-06
3.688e-06
3.698e-06
3.692e-06
3.691e-06
3.684e-06
3.681e-06
3.69e-06
3.714e-06
3.696e-06
3.688e-06
3.689e-06
3.701e-06
3.68e-06
3.688e-06
3.692e-06
3.69e-06
3.707e-06
3.678e-06
3.679e-06
3.685e-06
3.689e-06
3.691e-06
3.687e-06
3.68e-06
3.678e-06
3.681e-06
3.689e-06
3.693e-06
3.689e-06
3.685e-06
3.702e-06
3.68e-06
3.685e-06
3.695e-06
3.692e-06
3.686e-06
3.681e-06
3.679e-06
3.683e-06
3.687e-06
3.693e-06
3.689e-06
3.682e-06
3.678e-06
3.679e-06
3.685e-06
3.691e-06
3.691e-06
3.686e-06
3.68e-06
3.677e-06
3.683e-06
3.689e-06
3.692e-06
3.693e-06
3.683e-06
3.677e-06
3.681e-06
3.685e-06
3.692e-06
3.691e-06
3.685e-06
3.679e-06
3.678e-06
3.684e-06
3.69e-06
3.692e-06
3.686e-06
3.682e-06
3.679e-06
3.682e-06
3.686e-06
3.692e-06
3.691e-06
3.684e-06
3.68e-06
3.68e-06
3.692e-06
3.693e-06
3.692e-06
3.689e-06
3.681e-06
3.681e-06
3.681e-06
3.69e-06
3.692e-06
3.693e-06
3.684e-06
3.682e-06
3.678e-06
3.689e-06
3.69e-06
3.692e-06
3.686e-06
3.684e-06
3.677e-06
3.685e-06
3.687e-06
3.695e-06
3.689e-06
3.687e-06
3.679e-06
3.682e-06
3.684e-06
3.712e-06
3.695e-06
3.687e-06
3.685e-06
3.68e-06
3.685e-06
3.692e-06
3.696e-06
3.693e-06
3.687e-06
3.682e-06
3.683e-06
3.689e-06
3.691e-06
3.694e-06
3.69e-06
3.684e-06
3.682e-06
3.686e-06
3.69e-06
3.696e-06
3.691e-06
3.686e-06
3.68e-06
3.684e-06
3.689e-06
3.695e-06
3.695e-06
3.689e-06
3.683e-06
3.681e-06
3.683e-06
3.692e-06
3.692e-06
3.692e-06
3.682e-06
3.677e-06
3.681e-06
3.69e-06
3.692e-06
3.694e-06
3.685e-06
3.683e-06
3.678e-06
3.688e-06
3.689e-06
3.696e-06
3.688e-06
3.685e-06
3.677e-06
3.685e-06
3.687e-06
3.692e-06
3.69e-06
3.688e-06
3.679e-06
3.681e-06
3.684e-06
3.693e-06
3.692e-06
3.69e-06
3.681e-06
3.681e-06
3.682e-06
3.69e-06
3.691e-06
3.693e-06
3.684e-06
3.679e-06
3.679e-06
3.688e-06
3.69e-06
3.695e-06
3.686e-06
3.685e-06
3.678e-06
3.704e-06
3.69e-06
3.696e-06
3.692e-06
3.687e-06
3.682e-06
3.683e-06
3.688e-06
3.693e-06
3.695e-06
3.69e-06
3.685e-06
3.681e-06
3.686e-06
3.693e-06
3.695e-06
3.692e-06
3.686e-06
3.681e-06
3.683e-06
3.689e-06
3.693e-06
3.694e-06
3.689e-06
3.683e-06
3.682e-06
3.683e-06
3.692e-06
3.697e-06
3.691e-06
3.686e-06
3.681e-06
3.684e-06
3.689e-06
3.695e-06
3.694e-06
3.687e-06
3.68e-06
3.681e-06
3.687e-06
3.693e-06
3.695e-06
3.691e-06
3.685e-06
3.681e-06
3.685e-06
3.689e-06
3.695e-06
3.693e-06
3.688e-06
3.683e-06
3.682e-06
3.688e-06
3.694e-06
3.696e-06
3.691e-06
3.685e-06
3.678e-06
3.684e-06
3.691e-06
3.695e-06
3.689e-06
3.688e-06
3.702e-06
3.684e-06
3.685e-06
3.692e-06
3.69e-06
3.69e-06
3.68e-06
3.7e-06
3.685e-06
3.688e-06
3.696e-06
3.692e-06
3.686e-06
3.682e-06
3.685e-06
3.689e-06
3.694e-06
3.696e-06
3.69e-06
3.684e-06
3.678e-06
3.686e-06
3.691e-06
3.696e-06
3.692e-06
3.685e-06
3.681e-06
3.684e-06
3.689e-06
3.694e-06
3.695e-06
3.689e-06
3.685e-06
3.683e-06
3.687e-06
3.692e-06
3.696e-06
3.69e-06
3.686e-06
3.681e-06
3.684e-06
3.69e-06
3.695e-06
3.694e-06
3.688e-06
3.682e-06
3.681e-06
3.686e-06
3.692e-06
3.696e-06
3.687e-06
3.685e-06
3.676e-06
3.681e-06
3.687e-06
3.694e-06
3.689e-06
3.688e-06
3.679e-06
3.682e-06
3.684e-06
3.693e-06
3.693e-06
3.69e-06
3.681e-06
3.681e-06
3.682e-06
3.689e-06
3.692e-06
3.688e-06
3.684e-06
3.682e-06
3.679e-06
3.706e-06
3.693e-06
3.694e-06
3.69e-06
3.685e-06
3.681e-06
3.685e-06
3.69e-06
3.696e-06
3.693e-06
3.685e-06
3.68e-06
3.682e-06
3.688e-06
3.696e-06
3.696e-06
3.689e-06
3.685e-06
3.682e-06
3.686e-06
3.692e-06
3.693e-06
3.692e-06
3.686e-06
3.682e-06
3.684e-06
3.688e-06
3.693e-06
3.694e-06
3.69e-06
3.683e-06
3.681e-06
3.688e-06
3.692e-06
3.695e-06
3.691e-06
3.685e-06
3.68e-06
3.684e-06
3.689e-06
3.694e-06
3.693e-06
3.687e-06
3.683e-06
3.682e-06
3.683e-06
3.692e-06
3.691e-06
3.69e-06
3.681e-06
3.681e-06
3.681e-06
3.69e-06
3.696e-06
3.692e-06
3.684e-06
3.683e-06
3.68e-06
3.687e-06
3.689e-06
3.696e-06
3.687e-06
3.684e-06
3.677e-06
3.686e-06
3.71e-06
3.695e-06
3.689e-06
3.684e-06
3.679e-06
3.683e-06
3.685e-06
3.712e-06
3.695e-06
3.689e-06
3.684e-06
3.68e-06
3.686e-06
3.692e-06
3.696e-06
3.691e-06
3.686e-06
3.682e-06
3.684e-06
3.688e-06
3.691e-06
3.694e-06
3.686e-06
3.684e-06
3.677e-06
3.686e-06
3.688e-06
3.695e-06
3.692e-06
3.687e-06
3.678e-06
3.684e-06
3.686e-06
3.695e-06
3.691e-06
3.689e-06
3.681e-06
3.682e-06
3.683e-06
3.692e-06
3.714e-06
3.692e-06
3.682e-06
3.678e-06
3.68e-06
3.69e-06
3.692e-06
3.693e-06
3.685e-06
3.683e-06
3.678e-06
3.686e-06
3.689e-06
3.696e-06
3.688e-06
3.685e-06
3.677e-06
3.684e-06
3.687e-06
3.692e-06
3.689e-06
3.688e-06
2.2556e-05
3.819e-06
3.726e-06
3.714e-06
3.708e-06
3.703e-06
3.701e-06
3.701e-06
3.712e-06
3.688e-06
3.689e-06
3.685e-06
3.692e-06
3.7e-06
3.696e-06
3.681e-06
3.68e-06
3.691e-06
3.695e-06
3.724e-06
3.696e-06
3.69e-06
3.678e-06
3.702e-06
3.693e-06
3.696e-06
3.711e-06
3.694e-06
3.689e-06
3.687e-06
3.692e-06
3.692e-06
3.7e-06
3.695e-06
3.689e-06
3.686e-06
3.689e-06
3.694e-06
3.699e-06
3.698e-06
3.693e-06
3.688e-06
3.688e-06
3.692e-06
3.696e-06
3.7e-06
3.697e-06
3.69e-06
3.685e-06
3.683e-06
3.694e-06
3.712e-06
3.696e-06
3.706e-06
3.686e-06
3.68e-06
3.693e-06
3.691e-06
3.701e-06
3.695e-06
3.689e-06
3.68e-06
3.709e-06
3.69e-06
3.702e-06
3.692e-06
3.693e-06
3.681e-06
3.687e-06
3.709e-06
3.699e-06
3.719e-06
3.687e-06
3.709e-06
3.679e-06
3.71e-06
3.689e-06
3.72e-06
3.691e-06
3.711e-06
3.68e-06
3.708e-06
3.687e-06
3.719e-06
3.693e-06
3.713e-06
3.682e-06
3.705e-06
3.685e-06
3.716e-06
3.694e-06
3.715e-06
3.684e-06
3.706e-06
3.682e-06
3.713e-06
3.692e-06
3.717e-06
3.687e-06
3.708e-06
3.68e-06
3.71e-06
3.69e-06
3.72e-06
3.688e-06
3.71e-06
3.686e-06
3.71e-06
3.695e-06
3.719e-06
3.698e-06
3.711e-06
3.686e-06
3.706e-06
3.692e-06
3.717e-06
3.7e-06
3.715e-06
3.683e-06
3.706e-06
3.683e-06
3.715e-06
3.694e-06
3.717e-06
3.686e-06
3.707e-06
3.681e-06
3.712e-06
3.691e-06
3.719e-06
1.1576e-05
3.799e-06
3.749e-06
3.734e-06
4.06e-06
3.925e-06
3.935e-06
3.76e-06
2.3697e-05
3.998e-06
4.051e-06
3.982e-06
3.968e-06
3.722e-06
3.694e-06
3.69e-06
3.697e-06
3.698e-06
3.694e-06
3.687e-06
3.688e-06
3.687e-06
3.694e-06
3.691e-06
3.696e-06
3.69e-06
3.681e-06
3.683e-06
3.688e-06
3.688e-06
3.692e-06
3.692e-06
3.687e-06
3.682e-06
3.681e-06
3.69e-06
3.693e-06
3.693e-06
3.688e-06
3.681e-06
3.678e-06
3.683e-06
3.689e-06
3.693e-06
3.687e-06
3.683e-06
3.678e-06
3.681e-06
3.686e-06
3.691e-06
3.69e-06
3.685e-06
3.68e-06
3.678e-06
3.684e-06
3.689e-06
3.692e-06
3.687e-06
3.682e-06
3.682e-06
3.682e-06
3.686e-06
3.694e-06
3.692e-06
3.685e-06
3.68e-06
3.679e-06
3.684e-06
3.694e-06
3.693e-06
3.686e-06
3.682e-06
3.678e-06
3.686e-06
3.687e-06
3.692e-06
3.69e-06
3.684e-06
3.679e-06
3.679e-06
3.685e-06
3.691e-06
3.692e-06
3.687e-06
3.681e-06
3.678e-06
3.682e-06
3.688e-06
3.695e-06
3.693e-06
3.685e-06
3.678e-06
3.68e-06
3.685e-06
3.692e-06
3.691e-06
3.69e-06
3.681e-06
3.679e-06
3.684e-06
3.688e-06
3.697e-06
3.689e-06
3.683e-06
3.679e-06
3.681e-06
3.687e-06
3.692e-06
3.696e-06
3.685e-06
3.679e-06
3.678e-06
3.684e-06
3.689e-06
3.692e-06
3.688e-06
3.683e-06
3.682e-06
3.681e-06
3.686e-06
3.692e-06
3.691e-06
3.685e-06
3.68e-06
3.681e-06
3.684e-06
3.689e-06
3.693e-06
3.688e-06
3.683e-06
3.679e-06
3.681e-06
3.687e-06
3.691e-06
3.69e-06
3.684e-06
3.679e-06
3.68e-06
3.685e-06
3.689e-06
3.692e-06
3.687e-06
3.682e-06
3.682e-06
3.683e-06
3.687e-06
3.692e-06
3.69e-06
3.685e-06
3.679e-06
3.684e-06
3.683e-06
3.691e-06
3.692e-06
3.685e-06
3.681e-06
3.677e-06
3.687e-06
3.688e-06
3.693e-06
3.689e-06
3.684e-06
3.679e-06
3.68e-06
3.689e-06
3.691e-06
3.692e-06
3.685e-06
3.68e-06
3.683e-06
3.683e-06
3.688e-06
3.693e-06
3.689e-06
3.682e-06
3.678e-06
3.68e-06
3.686e-06
3.69e-06
3.691e-06
3.685e-06
3.679e-06
3.679e-06
3.683e-06
3.688e-06
3.697e-06
3.687e-06
3.683e-06
3.678e-06
3.68e-06
3.686e-06
3.692e-06
3.69e-06
3.686e-06
3.68e-06
3.678e-06
3.684e-06
3.689e-06
3.692e-06
3.691e-06
3.683e-06
3.678e-06
3.682e-06
3.686e-06
3.692e-06
3.691e-06
3.684e-06
3.679e-06
3.678e-06
3.688e-06
3.689e-06
3.691e-06
3.687e-06
3.682e-06
3.679e-06
3.682e-06
3.687e-06
3.885e-06
3.69e-06
3.684e-06
3.679e-06
3.681e-06
3.686e-06
3.695e-06
3.691e-06
3.687e-06
3.681e-06
3.677e-06
3.683e-06
3.688e-06
3.692e-06
3.689e-06
3.684e-06
3.68e-06
3.681e-06
3.685e-06
3.691e-06
3.691e-06
3.686e-06
3.681e-06
3.678e-06
3.683e-06
3.688e-06
3.693e-06
3.689e-06
3.688e-06
3.682e-06
3.681e-06
3.686e-06
3.691e-06
3.691e-06
3.686e-06
3.68e-06
3.679e-06
3.683e-06
3.69e-06
3.693e-06
3.688e-06
3.684e-06
3.678e-06
3.681e-06
3.686e-06
3.69e-06
3.69e-06
3.685e-06
3.684e-06
3.679e-06
3.684e-06
3.689e-06
3.697e-06
3.687e-06
3.688e-06
3.678e-06
3.682e-06
3.686e-06
3.692e-06
3.692e-06
3.684e-06
3.679e-06
3.684e-06
3.686e-06
3.69e-06
3.692e-06
3.687e-06
3.681e-06
3.678e-06
3.682e-06
3.688e-06
3.692e-06
3.689e-06
3.685e-06
3.679e-06
3.68e-06
3.685e-06
3.691e-06
3.692e-06
3.686e-06
3.687e-06
3.678e-06
3.682e-06
3.688e-06
3.691e-06
3.689e-06
3.684e-06
3.678e-06
3.68e-06
3.685e-06
3.69e-06
3.691e-06
3.687e-06
3.681e-06
3.677e-06
3.683e-06
3.693e-06
3.692e-06
3.689e-06
3.683e-06
3.678e-06
3.681e-06
3.686e-06
3.694e-06
3.692e-06
3.686e-06
3.682e-06
3.678e-06
3.683e-06
3.688e-06
3.692e-06
3.688e-06
3.684e-06
3.677e-06
3.681e-06
3.686e-06
3.692e-06
3.692e-06
3.686e-06
3.68e-06
3.678e-06
3.684e-06
3.689e-06
3.693e-06
3.687e-06
3.682e-06
3.677e-06
3.681e-06
3.687e-06
3.693e-06
3.691e-06
3.684e-06
3.679e-06
3.678e-06
3.689e-06
3.69e-06
3.691e-06
3.687e-06
3.682e-06
3.678e-06
3.682e-06
3.688e-06
3.693e-06
3.688e-06
3.685e-06
3.679e-06
3.68e-06
3.685e-06
3.689e-06
3.691e-06
3.692e-06
3.683e-06
3.678e-06
3.683e-06
3.688e-06
