#time [s]
0.000107384
0.000104463
0.000104501
0.000104433
0.000104473
0.000104455
0.000104459
0.000104369
0.000104394
0.000104418
0.000104392
0.000104371
0.00010447
0.000104447
0.000104412
0.000104368
0.000104448
0.000104408
0.000104468
0.000104398
0.00010444
0.000104351
0.000104343
0.000104406
0.000104431
0.000104432
0.000104481
0.000104405
0.000104337
0.00010444
0.000104392
0.000104395
0.000104386
0.000104382
0.000104407
0.000104386
0.000104434
0.000104454
0.000104425
0.000104443
0.00010439
0.000104414
0.000104424
0.000104452
0.000116016
0.000104632
0.000104478
0.000104386
0.000104401
0.000104365
0.000104386
0.000104457
0.000104451
0.000104417
0.000104381
0.000104397
0.000104429
0.000104442
0.000104445
0.000104431
0.000104388
0.000104395
0.000104373
0.000104415
0.000104443
0.000104449
0.000104439
0.000104344
0.000104432
0.000104359
0.000104388
0.00010439
0.000104353
0.000104448
0.000104383
0.000104382
0.000104426
0.000104369
0.000104389
0.000104384
0.000104398
0.000104364
0.000104428
0.00010438
0.000104438
0.000104357
0.000104379
0.000104429
0.000104413
0.000104628
0.000104506
0.000104458
0.000104405
0.000104414
0.000104405
0.000104411
0.000104421
0.000104468
0.000104397
0.000104391
0.000104409
0.000104404
0.000104446
0.000104431
0.000104475
0.000104388
0.00010442
0.00010433
0.000104419
0.000104413
0.000104399
0.000104465
0.000104371
0.000104412
0.000104409
0.000104487
0.000104442
0.0001044
0.000104386
0.000104352
0.00010432
0.000104375
0.00011543
0.000108965
0.000104526
0.000104399
0.000104456
0.000104382
0.000104428
0.000104427
0.000104423
0.000143397
0.00010451
0.000110588
0.000104507
0.000104485
0.000104425
0.000104403
0.000104442
0.000104435
0.000104416
0.000104407
0.000104489
0.000104385
0.000104429
0.000104457
0.00010441
0.000104436
0.000104424
0.000104423
0.000104438
0.000104411
0.000104367
0.00010441
0.000104464
0.000104432
0.000104405
0.000104399
0.000104365
0.000104427
0.00010442
0.000104387
0.000104386
0.000104449
0.000104414
0.000104432
0.0001044
0.0001044
0.000104409
0.000104406
0.000104388
0.000104358
0.000104417
0.000104406
0.000104397
0.000113909
0.000104573
0.000104412
0.00010442
0.000104367
0.000104416
0.000104425
0.000104453
0.000104414
0.000104364
0.0001044
0.000104416
0.000104438
0.000104355
0.000104403
0.000104434
0.000104439
0.00010441
0.000104452
0.000104379
0.000104382
0.000104462
0.000104417
0.000104386
0.000104387
0.000104427
0.000104412
0.000104329
0.000104405
0.000104698
0.000104522
0.000104434
0.000104409
0.000104419
0.000104416
0.000104449
0.000104446
0.000104417
0.000104336
0.00010441
0.000104447
0.000104378
0.000104421
0.0001115
0.000104554
0.000104424
0.000104433
0.00010448
0.000104416
0.000104455
0.000104412
0.00010441
0.000104409
0.000104475
0.0001044
0.000104418
0.000104427
0.0001044
0.000104397
0.0001044
0.000104449
0.000104403
0.000104464
0.000104337
0.000104395
0.000104432
0.000104443
0.00010439
0.000104427
0.000104412
0.000104355
0.000104419
0.000104432
0.000104408
0.000104424
0.000104438
0.000104444
0.000104401
0.000104391
0.000104377
0.000104433
0.000104392
0.00010442
0.0001044
0.000104399
0.000110953
0.000132802
0.000134953
0.000104634
0.000104449
0.000119834
0.000104543
0.000104461
0.000104451
0.000104406
0.000130165
0.000164881
0.000164776
0.000164693
0.000164853
0.000164886
0.000164924
0.000164929
0.000164903
0.000164904
0.000164879
0.000164751
0.000104472
0.000104376
0.000104465
0.000104408
0.000104413
0.000104411
0.000104367
0.000104399
0.000104442
0.000104448
0.000104383
0.000104396
0.000104432
0.000104423
0.000104646
0.00010443
0.000104474
0.000104445
0.000104399
0.00010435
0.000104461
0.000104457
0.000104395
0.000104415
0.000104432
0.000104401
0.000104388
0.000104372
0.000104467
0.000104475
0.000104392
0.000104398
0.000104388
0.000104439
0.000104432
0.000104439
0.00010441
0.000104382
0.000104439
0.000104446
0.000104413
0.00010441
0.000104421
0.000104356
0.000104383
0.000104452
0.000104391
0.000106348
0.000104508
0.000104448
0.00010446
0.000104369
0.000104457
0.000104508
0.000104394
0.000104397
0.000104407
0.000104671
0.000104486
0.00010441
0.000104428
0.000104448
0.000104427
0.000104432
0.000104403
0.000104399
0.00010439
0.000104443
0.00010441
0.000104475
0.000104474
0.000104416
0.000104401
0.000104427
0.000104403
0.000104505
0.000104412
0.000104417
0.000104411
0.000104349
0.000104421
0.00010445
0.00010442
0.000104362
0.000104353
0.000104363
0.000104424
0.000104431
0.000104429
0.000104358
0.000104439
0.000104426
0.000104372
0.000104448
0.000104435
0.000104386
0.00010441
0.000104362
0.000104375
0.000111195
0.000104516
0.00010452
0.000104464
0.00010446
0.000104429
0.000104391
0.000166559
0.000107207
0.000104443
0.000104579
0.000104517
0.000104427
0.00010445
0.00010439
0.000104512
0.000104588
0.000104946
0.000104411
0.000104435
0.000104429
0.000104411
0.000104598
0.000104424
0.000104467
0.000104351
0.000143473
0.000104581
0.000104507
0.000105232
0.000104515
0.000104549
0.000104657
0.000104415
0.000105166
0.000104413
0.000104874
0.00010542
0.000104428
0.000104563
0.000104954
0.00010456
0.000104464
0.00011526
0.000104561
0.00010467
0.00010446
0.000117018
0.000104555
0.000104462
0.000104402
0.000104518
0.000104471
0.000104383
0.00010439
0.000104443
0.000104586
0.000104498
0.000104758
0.000104636
0.000104607
0.000108323
0.00010447
0.000104537
0.000104524
0.000104617
0.000104498
0.000104421
0.000104764
0.000104416
0.000104792
0.000104437
0.000104394
0.000104395
0.000104388
0.000104397
0.000104448
0.000104458
0.000104388
0.000104461
0.000104412
0.00011479
0.000104995
0.000104489
0.000104854
0.000105587
0.000104514
0.000104412
0.000104481
0.000104418
0.000104395
0.000104368
0.000104416
0.000104427
0.000104437
0.000104463
0.000104358
0.000104391
0.000104368
0.00010441
0.000104446
0.000104421
0.000104409
0.0001044
0.000104435
0.000104422
0.000104434
0.000104436
0.000104432
0.000104392
0.000104369
0.000104409
0.000104473
0.00010445
0.000104442
0.000104406
0.000104459
0.000104432
0.000104375
0.000104503
0.000104432
0.000104443
0.000104401
0.000104392
0.000104473
0.000104382
0.000104374
0.000104409
0.000104426
0.000104441
0.000104428
0.000104405
0.000104441
0.000104442
0.000104437
0.000104436
0.000104481
0.000104384
0.000104378
0.000104387
0.000104427
0.000104394
0.000104372
0.000104379
0.000104369
0.000104417
0.000104441
0.000104444
0.000104416
0.000104398
0.000104431
0.000104375
0.000104421
0.000104407
0.000104436
0.000104399
0.000104375
0.000111265
0.000104511
0.000104461
0.000104445
0.000104432
0.0001045
0.00010447
0.000104396
0.000104427
0.000104443
0.000104408
0.000104439
0.000104444
0.00010442
0.000104345
0.000104278
0.000104402
0.000104449
0.000104434
0.000104412
0.000105084
0.00010456
0.000104893
0.000104844
0.000104447
0.000104435
0.00010446
0.000104467
0.000104712
0.000108051
0.000107471
0.000106353
0.000104886
0.000104472
0.000113726
0.000104616
0.000104465
0.000104443
0.000104437
0.000104453
0.000104431
0.000104429
0.000104455
0.000104433
0.000104389
0.000104384
0.000104404
0.000104422
0.000104435
0.000104415
0.000104429
0.000104399
0.000104382
0.000104435
0.000104452
0.00010442
0.000117162
0.000104566
0.000104508
0.000104426
0.000104411
0.000104384
0.000104426
0.000104432
0.000104436
0.000104421
0.000106013
0.000104417
0.000104377
0.000104416
0.000111596
0.00010455
0.000104486
0.000104372
0.000104447
0.000104473
0.000104426
0.000104369
0.000104421
0.000104462
0.000104416
0.000104415
0.00010435
0.000104425
0.00010441
0.000104432
0.000104458
0.000104366
0.000104406
0.00010438
0.000104448
0.000104422
0.00010441
0.000104365
0.000104416
0.000104384
0.00010442
0.000104463
0.000104414
0.000104354
0.00010436
0.000104401
0.000104465
0.000104438
0.000104385
0.000114849
0.000104555
0.000104464
0.000104461
0.000104469
0.000104372
0.000104435
0.00010439
0.000104416
0.000104359
0.000104378
0.000104383
0.000104463
0.000104456
0.000104421
0.0001044
0.000104347
0.000104399
0.000104404
0.000104437
0.000104447
0.000104395
0.000104484
0.000104445
0.000104395
0.000104811
0.000104474
0.000104424
0.000104387
0.000104414
0.000104398
0.000104418
0.00010442
0.000104425
0.000104441
0.000110921
0.000104558
0.000104462
0.000104494
0.000104443
0.00010446
0.000104426
0.000104406
0.000104459
0.000104413
0.00010443
0.000104398
0.000104431
0.000104411
0.000104387
0.000104376
0.000104478
0.000104417
0.00010442
0.000104466
0.000104437
0.000104392
0.000104366
0.000104409
0.000104385
0.000104388
0.000104423
0.000104387
0.000104388
0.000104428
0.000104408
0.000104396
0.000104409
0.000104485
0.000110956
0.000104565
0.00010438
0.000104472
0.000104454
0.000104447
0.000104405
0.000104432
0.000104388
0.000104401
0.000104418
0.000104422
0.000174849
0.000104939
0.000104495
0.000104807
0.000104499
0.000104454
0.00010444
0.000104387
0.000104371
0.000104442
0.000104406
0.000104459
0.000104459
0.000104454
0.000104432
0.000104414
0.000116424
0.000131149
0.000104666
0.000104438
0.000104493
0.00010445
0.000104659
0.000104478
0.000104452
0.000104457
0.000104448
0.00010438
0.000104432
0.000104374
0.000104394
0.00010439
0.000104406
0.000104443
0.000104432
0.000104455
0.00010448
0.000104365
0.00010441
0.000104458
0.000104407
0.000104409
0.000104384
0.00010438
0.000104438
0.000104438
0.000104466
0.000104467
0.000104384
0.000104386
0.000104416
0.000104468
0.000104418
0.000104429
0.000104322
0.000114232
0.000104578
0.000104449
0.000104447
0.000104411
0.000104429
0.000104454
0.000104388
0.00010443
0.000104419
0.000104412
0.000104383
0.000104433
0.000104365
0.00010444
0.000104346
0.000104353
0.000104443
0.000104446
0.000104426
0.00010444
0.000104442
0.00010442
0.000104392
0.000104449
0.000104418
0.00010447
0.000166971
0.000105858
0.000104852
0.000104433
0.000104431
0.000104493
0.00010445
0.00011169
0.000104522
0.000104472
0.000104431
0.000104434
0.000104414
0.000104415
0.00010443
0.000104427
0.000104385
0.000104403
0.000104414
0.000104466
0.000104412
0.000104404
0.000104397
0.000104393
0.000104413
0.000104406
0.00010441
0.000104396
0.000104431
0.000104398
0.000104428
0.000104392
0.00010447
0.000104438
0.000104407
0.000104396
0.000104418
0.000104403
0.000104473
0.000104448
0.0001044
0.000104414
0.000104673
0.000104444
0.000104443
0.00010443
0.000104408
0.00010444
0.000104445
0.000104358
0.000104423
0.000104414
0.000104433
0.000104448
0.00010444
0.00010444
0.000104385
0.000104424
0.000104399
0.000104401
0.000104404
0.000104413
0.000104424
0.000162111
0.000104988
0.000104509
0.000104478
0.000104473
0.000104443
0.000104787
0.000104461
0.000115403
0.000104571
0.000104482
0.0001044
0.000104428
0.000110637
0.000104553
0.000104434
0.000104395
0.000104374
0.000104426
0.000104472
0.000104411
0.000104418
0.000104397
0.000104403
0.000104411
0.000104445
0.000104448
0.000104463
0.000104433
0.000104398
0.000104401
0.000104461
0.000104427
0.000104386
0.000104413
0.000104407
0.000104474
0.000104393
0.00010444
0.000104408
0.000104417
0.000104399
0.000104415
0.000104482
0.000104437
0.000104391
0.000104423
0.000104426
0.000113819
0.000104564
0.000104416
0.000104414
0.000104446
0.000104401
0.000104419
0.000104474
0.000104368
0.000104429
0.000104454
0.000104475
0.000104413
0.000104384
0.00010436
0.000104435
0.000104437
0.000104469
0.000104365
0.000104424
0.000104444
0.000104448
0.000104475
0.000104463
0.000104445
0.000104469
0.000104428
0.000104433
0.00010441
0.000104462
0.000104457
0.000104424
0.000104412
0.000104386
0.000104402
0.000110862
0.000104583
0.000104444
0.000104438
0.0001044
0.000104378
0.000104395
0.000104438
0.000104423
0.000104408
0.000104394
0.000104452
0.000104379
0.000104421
0.000104422
0.000104444
0.000104413
0.000104408
0.000104414
0.000105511
0.00010642
0.000104963
0.000104432
0.000104344
0.00010446
0.000104398
0.000104407
0.000104397
0.000104412
0.000104428
0.000104479
0.000104432
0.000104395
0.000104405
0.000104428
0.000104444
0.000111293
0.00010454
0.000104506
0.000104424
0.000104467
0.000104417
0.00010443
0.000104367
0.000104437
0.00010442
0.000104433
0.000104375
