#time [s]
1.004e-06
9.49e-07
9.3e-07
9.25e-07
9.08e-07
8.83e-07
8.79e-07
8.78e-07
8.81e-07
8.8e-07
8.97e-07
8.81e-07
8.8e-07
8.8e-07
8.8e-07
8.8e-07
8.97e-07
8.83e-07
8.75e-07
8.79e-07
8.78e-07
8.78e-07
8.8e-07
8.8e-07
8.81e-07
8.77e-07
8.79e-07
8.85e-07
8.84e-07
8.98e-07
8.8e-07
8.82e-07
8.81e-07
8.82e-07
8.79e-07
8.84e-07
8.82e-07
8.82e-07
8.79e-07
8.78e-07
8.77e-07
8.76e-07
8.79e-07
8.75e-07
8.76e-07
8.78e-07
8.75e-07
8.78e-07
8.77e-07
8.76e-07
8.79e-07
8.78e-07
8.77e-07
8.81e-07
8.99e-07
9.73e-07
8.82e-07
8.82e-07
8.84e-07
8.8e-07
8.82e-07
8.83e-07
8.81e-07
8.81e-07
8.83e-07
8.8e-07
8.79e-07
8.81e-07
8.78e-07
8.77e-07
8.8e-07
8.77e-07
8.77e-07
8.8e-07
8.81e-07
8.79e-07
8.79e-07
8.8e-07
8.81e-07
8.82e-07
8.85e-07
8.84e-07
8.82e-07
8.84e-07
8.83e-07
8.82e-07
8.82e-07
8.84e-07
8.83e-07
8.8e-07
8.8e-07
8.81e-07
8.82e-07
8.81e-07
8.78e-07
8.78e-07
8.78e-07
8.79e-07
8.78e-07
8.78e-07
8.78e-07
8.81e-07
9.71e-07
8.81e-07
8.79e-07
8.81e-07
9.71e-07
8.83e-07
8.84e-07
8.84e-07
8.83e-07
8.83e-07
8.82e-07
8.83e-07
8.83e-07
8.82e-07
8.81e-07
8.81e-07
8.8e-07
8.8e-07
8.77e-07
8.8e-07
8.79e-07
8.77e-07
8.8e-07
8.8e-07
8.81e-07
8.8e-07
8.78e-07
8.81e-07
8.81e-07
8.83e-07
8.83e-07
8.79e-07
8.82e-07
8.83e-07
8.81e-07
8.83e-07
8.82e-07
8.82e-07
8.82e-07
8.82e-07
8.81e-07
8.82e-07
8.8e-07
8.8e-07
8.8e-07
8.79e-07
8.79e-07
8.79e-07
8.8e-07
8.8e-07
8.78e-07
8.81e-07
8.81e-07
8.8e-07
8.82e-07
8.82e-07
8.83e-07
8.83e-07
8.8e-07
8.84e-07
8.83e-07
8.83e-07
8.83e-07
8.8e-07
8.81e-07
8.81e-07
8.77e-07
8.8e-07
8.81e-07
8.8e-07
8.8e-07
8.79e-07
8.79e-07
8.79e-07
8.8e-07
8.8e-07
8.81e-07
8.81e-07
8.82e-07
8.81e-07
8.82e-07
8.82e-07
8.8e-07
8.83e-07
8.84e-07
8.8e-07
8.82e-07
8.82e-07
8.82e-07
8.82e-07
8.79e-07
8.81e-07
8.81e-07
8.81e-07
8.8e-07
8.78e-07
8.8e-07
8.79e-07
8.76e-07
8.8e-07
8.81e-07
8.81e-07
8.8e-07
8.81e-07
8.81e-07
8.82e-07
8.82e-07
8.82e-07
8.83e-07
8.82e-07
8.83e-07
8.82e-07
8.81e-07
8.82e-07
8.8e-07
8.81e-07
8.81e-07
8.79e-07
8.81e-07
8.81e-07
8.81e-07
8.8e-07
8.77e-07
8.79e-07
8.8e-07
8.81e-07
8.8e-07
8.78e-07
8.8e-07
8.81e-07
8.78e-07
8.82e-07
8.83e-07
8.82e-07
8.82e-07
8.83e-07
8.84e-07
8.84e-07
8.83e-07
8.82e-07
8.82e-07
8.82e-07
8.82e-07
8.82e-07
8.81e-07
8.8e-07
8.77e-07
8.8e-07
8.8e-07
8.77e-07
8.81e-07
8.8e-07
8.8e-07
8.81e-07
8.78e-07
8.81e-07
8.82e-07
8.82e-07
8.83e-07
8.81e-07
8.83e-07
8.84e-07
8.8e-07
8.83e-07
8.82e-07
8.82e-07
8.81e-07
8.81e-07
8.82e-07
8.81e-07
8.8e-07
8.81e-07
8.8e-07
8.79e-07
8.79e-07
8.8e-07
8.8e-07
8.8e-07
8.77e-07
8.81e-07
8.81e-07
8.79e-07
8.82e-07
8.82e-07
8.83e-07
8.82e-07
8.81e-07
8.84e-07
8.82e-07
8.82e-07
8.82e-07
8.8e-07
8.82e-07
8.81e-07
8.77e-07
8.81e-07
8.8e-07
8.8e-07
8.8e-07
8.79e-07
8.79e-07
8.8e-07
8.81e-07
8.81e-07
8.79e-07
8.82e-07
8.81e-07
8.82e-07
8.82e-07
8.82e-07
8.8e-07
8.84e-07
8.83e-07
8.8e-07
8.83e-07
8.82e-07
8.83e-07
8.81e-07
8.79e-07
8.81e-07
8.8e-07
8.8e-07
8.81e-07
8.78e-07
8.79e-07
8.78e-07
8.76e-07
8.79e-07
8.81e-07
8.8e-07
8.8e-07
8.82e-07
8.83e-07
8.81e-07
8.82e-07
8.83e-07
8.82e-07
8.82e-07
8.82e-07
8.84e-07
8.83e-07
8.82e-07
8.79e-07
8.82e-07
8.81e-07
8.81e-07
8.81e-07
8.8e-07
8.8e-07
8.78e-07
8.76e-07
8.8e-07
8.8e-07
8.8e-07
8.8e-07
8.78e-07
8.81e-07
8.81e-07
8.79e-07
8.81e-07
8.82e-07
8.83e-07
8.83e-07
8.83e-07
8.84e-07
8.82e-07
8.83e-07
8.82e-07
8.82e-07
8.82e-07
8.81e-07
8.81e-07
8.81e-07
8.8e-07
8.77e-07
8.8e-07
8.79e-07
8.77e-07
8.79e-07
8.8e-07
8.8e-07
8.8e-07
8.78e-07
8.81e-07
8.81e-07
8.82e-07
8.82e-07
8.8e-07
8.83e-07
8.83e-07
8.8e-07
8.83e-07
8.82e-07
8.81e-07
8.81e-07
8.81e-07
8.81e-07
8.82e-07
8.81e-07
8.8e-07
8.81e-07
8.79e-07
8.79e-07
8.79e-07
8.79e-07
8.8e-07
8.78e-07
8.81e-07
8.8e-07
8.79e-07
8.82e-07
8.83e-07
8.82e-07
8.83e-07
8.8e-07
8.83e-07
8.82e-07
8.82e-07
8.82e-07
8.79e-07
8.83e-07
8.81e-07
8.78e-07
8.81e-07
8.79e-07
8.8e-07
8.8e-07
8.8e-07
8.79e-07
8.79e-07
8.8e-07
8.8e-07
8.81e-07
8.8e-07
8.82e-07
8.81e-07
8.81e-07
8.82e-07
8.8e-07
8.82e-07
8.82e-07
8.81e-07
8.83e-07
8.83e-07
8.82e-07
8.82e-07
8.78e-07
8.82e-07
8.81e-07
8.81e-07
8.81e-07
8.78e-07
8.8e-07
8.8e-07
8.77e-07
8.8e-07
8.8e-07
8.8e-07
8.82e-07
8.81e-07
8.82e-07
8.82e-07
8.82e-07
8.83e-07
8.83e-07
8.83e-07
8.83e-07
8.82e-07
8.83e-07
8.82e-07
8.79e-07
8.82e-07
8.82e-07
8.79e-07
8.81e-07
8.81e-07
8.8e-07
8.79e-07
8.78e-07
8.8e-07
8.8e-07
8.8e-07
8.8e-07
8.78e-07
8.81e-07
8.8e-07
8.78e-07
8.82e-07
8.83e-07
8.81e-07
8.82e-07
8.84e-07
8.83e-07
8.82e-07
8.83e-07
8.83e-07
8.82e-07
8.8e-07
8.81e-07
8.82e-07
8.8e-07
8.8e-07
8.78e-07
8.8e-07
8.79e-07
8.76e-07
8.8e-07
8.8e-07
8.8e-07
8.8e-07
8.79e-07
8.81e-07
8.81e-07
8.81e-07
8.83e-07
8.8e-07
8.83e-07
8.84e-07
8.8e-07
8.84e-07
8.82e-07
8.82e-07
8.81e-07
8.82e-07
8.82e-07
8.81e-07
8.81e-07
8.8e-07
8.8e-07
8.8e-07
8.79e-07
8.8e-07
8.81e-07
8.8e-07
8.78e-07
8.8e-07
8.81e-07
8.79e-07
8.82e-07
8.82e-07
8.83e-07
8.83e-07
8.8e-07
8.83e-07
8.82e-07
8.83e-07
8.83e-07
8.8e-07
8.82e-07
8.81e-07
8.79e-07
8.81e-07
8.8e-07
8.8e-07
8.78e-07
8.79e-07
8.79e-07
8.79e-07
8.79e-07
8.8e-07
8.81e-07
8.8e-07
8.82e-07
8.82e-07
8.8e-07
8.82e-07
8.8e-07
8.83e-07
8.82e-07
8.81e-07
8.83e-07
8.83e-07
8.83e-07
8.82e-07
8.8e-07
8.81e-07
8.8e-07
8.81e-07
8.8e-07
8.78e-07
8.79e-07
8.79e-07
8.76e-07
8.8e-07
8.8e-07
8.8e-07
8.81e-07
8.81e-07
8.82e-07
8.82e-07
8.82e-07
8.82e-07
8.83e-07
8.83e-07
8.83e-07
8.84e-07
8.82e-07
8.83e-07
8.81e-07
8.82e-07
8.81e-07
8.78e-07
8.8e-07
8.8e-07
8.81e-07
8.8e-07
8.76e-07
8.79e-07
8.79e-07
8.79e-07
8.81e-07
8.77e-07
8.8e-07
8.8e-07
8.78e-07
8.81e-07
8.82e-07
8.82e-07
8.83e-07
8.83e-07
8.83e-07
8.82e-07
8.84e-07
8.82e-07
8.82e-07
8.82e-07
8.82e-07
8.81e-07
8.81e-07
8.81e-07
8.77e-07
8.8e-07
8.79e-07
8.77e-07
8.8e-07
8.8e-07
8.81e-07
8.8e-07
8.78e-07
8.81e-07
8.81e-07
8.82e-07
8.82e-07
8.8e-07
8.82e-07
8.82e-07
8.81e-07
8.83e-07
8.82e-07
8.82e-07
8.81e-07
8.82e-07
8.81e-07
8.81e-07
8.8e-07
8.81e-07
8.8e-07
8.79e-07
8.8e-07
8.79e-07
8.79e-07
8.8e-07
8.78e-07
8.81e-07
8.81e-07
8.79e-07
8.82e-07
8.82e-07
8.82e-07
8.84e-07
8.8e-07
8.83e-07
8.83e-07
8.83e-07
8.83e-07
8.8e-07
8.83e-07
8.81e-07
8.78e-07
8.81e-07
8.81e-07
8.8e-07
8.8e-07
8.8e-07
8.79e-07
8.8e-07
8.8e-07
8.8e-07
8.81e-07
8.8e-07
8.81e-07
8.81e-07
8.81e-07
8.82e-07
8.8e-07
8.82e-07
8.83e-07
8.81e-07
8.83e-07
8.83e-07
8.83e-07
8.82e-07
8.78e-07
8.82e-07
8.8e-07
8.81e-07
8.81e-07
8.78e-07
8.8e-07
8.8e-07
8.76e-07
8.8e-07
8.81e-07
8.79e-07
8.8e-07
8.81e-07
8.81e-07
8.82e-07
8.83e-07
8.82e-07
8.83e-07
8.84e-07
8.83e-07
8.84e-07
8.83e-07
8.84e-07
8.78e-07
8.82e-07
8.82e-07
8.78e-07
8.81e-07
8.81e-07
8.8e-07
8.8e-07
8.77e-07
8.8e-07
8.8e-07
8.8e-07
8.8e-07
8.77e-07
8.81e-07
8.8e-07
8.78e-07
8.81e-07
8.82e-07
8.83e-07
8.83e-07
8.82e-07
8.84e-07
8.82e-07
8.82e-07
8.83e-07
8.82e-07
8.82e-07
8.82e-07
8.82e-07
8.8e-07
8.81e-07
8.77e-07
8.8e-07
8.79e-07
8.76e-07
8.79e-07
8.8e-07
8.8e-07
8.8e-07
8.79e-07
8.81e-07
8.82e-07
8.82e-07
8.82e-07
8.8e-07
8.83e-07
8.82e-07
8.8e-07
8.84e-07
8.83e-07
8.83e-07
8.82e-07
8.82e-07
8.8e-07
8.82e-07
8.81e-07
8.81e-07
8.81e-07
8.79e-07
8.8e-07
8.79e-07
8.79e-07
8.8e-07
8.78e-07
8.81e-07
8.8e-07
8.79e-07
8.81e-07
8.81e-07
8.82e-07
8.82e-07
8.8e-07
8.84e-07
8.82e-07
8.83e-07
8.83e-07
8.8e-07
8.8e-07
8.81e-07
8.78e-07
8.81e-07
8.81e-07
8.8e-07
8.8e-07
8.79e-07
8.79e-07
8.8e-07
8.79e-07
8.8e-07
8.8e-07
8.8e-07
8.81e-07
8.81e-07
8.83e-07
8.82e-07
8.79e-07
8.83e-07
8.83e-07
8.8e-07
8.84e-07
8.83e-07
8.82e-07
8.83e-07
8.8e-07
8.81e-07
8.81e-07
8.81e-07
8.8e-07
8.77e-07
8.8e-07
8.78e-07
8.76e-07
8.79e-07
8.8e-07
8.8e-07
8.8e-07
8.8e-07
8.82e-07
8.81e-07
8.81e-07
8.82e-07
8.82e-07
8.83e-07
8.83e-07
8.83e-07
8.81e-07
8.83e-07
8.79e-07
8.82e-07
8.81e-07
8.82e-07
8.8e-07
8.81e-07
8.8e-07
8.8e-07
8.78e-07
8.79e-07
8.8e-07
8.79e-07
8.79e-07
8.78e-07
8.81e-07
8.81e-07
8.78e-07
8.82e-07
8.82e-07
8.82e-07
8.83e-07
8.83e-07
8.84e-07
8.83e-07
8.82e-07
8.82e-07
8.84e-07
8.83e-07
8.82e-07
8.81e-07
8.81e-07
8.8e-07
8.78e-07
8.8e-07
8.8e-07
8.77e-07
8.8e-07
8.8e-07
8.81e-07
8.79e-07
8.78e-07
8.8e-07
8.8e-07
8.82e-07
8.83e-07
8.79e-07
8.84e-07
8.83e-07
8.8e-07
8.83e-07
8.83e-07
8.83e-07
8.82e-07
8.82e-07
8.84e-07
8.82e-07
8.81e-07
8.81e-07
8.81e-07
8.79e-07
8.8e-07
8.79e-07
8.8e-07
8.8e-07
8.77e-07
8.82e-07
8.8e-07
8.78e-07
8.82e-07
8.82e-07
8.82e-07
8.82e-07
8.8e-07
8.83e-07
8.84e-07
8.83e-07
8.82e-07
8.79e-07
8.82e-07
8.82e-07
8.79e-07
8.81e-07
8.81e-07
8.81e-07
8.8e-07
8.8e-07
8.8e-07
8.8e-07
8.8e-07
8.8e-07
8.8e-07
8.8e-07
8.82e-07
8.81e-07
8.81e-07
8.82e-07
8.8e-07
8.82e-07
8.82e-07
8.81e-07
8.83e-07
8.84e-07
8.83e-07
8.82e-07
8.79e-07
8.83e-07
8.81e-07
8.81e-07
8.8e-07
8.77e-07
8.81e-07
8.8e-07
8.77e-07
8.79e-07
8.8e-07
8.81e-07
8.81e-07
8.81e-07
8.82e-07
8.81e-07
8.82e-07
8.83e-07
8.83e-07
8.82e-07
8.83e-07
8.83e-07
8.83e-07
8.82e-07
8.8e-07
8.83e-07
8.81e-07
8.79e-07
8.81e-07
8.82e-07
8.82e-07
8.8e-07
8.77e-07
8.8e-07
8.79e-07
8.8e-07
8.8e-07
8.77e-07
8.8e-07
8.8e-07
