#time [s]
1.073e-06
1.043e-06
9.99e-07
1.001e-06
9.77e-07
9.51e-07
9.58e-07
9.49e-07
9.48e-07
9.46e-07
9.49e-07
9.43e-07
9.5e-07
9.45e-07
9.49e-07
9.46e-07
9.48e-07
9.51e-07
9.48e-07
9.5e-07
9.52e-07
9.5e-07
9.53e-07
9.48e-07
9.51e-07
9.49e-07
9.53e-07
9.51e-07
9.49e-07
9.46e-07
9.5e-07
9.5e-07
9.45e-07
9.45e-07
9.5e-07
9.5e-07
9.46e-07
9.48e-07
9.47e-07
9.43e-07
9.49e-07
9.46e-07
9.47e-07
9.43e-07
9.51e-07
9.48e-07
9.46e-07
9.5e-07
9.49e-07
9.46e-07
9.48e-07
9.52e-07
9.5e-07
9.53e-07
9.52e-07
9.47e-07
9.46e-07
9.51e-07
9.49e-07
9.48e-07
9.5e-07
9.44e-07
9.46e-07
9.43e-07
9.46e-07
9.43e-07
9.45e-07
9.46e-07
9.46e-07
9.46e-07
9.5e-07
9.52e-07
9.52e-07
9.49e-07
9.49e-07
9.5e-07
9.51e-07
9.53e-07
9.52e-07
9.5e-07
9.45e-07
9.49e-07
9.48e-07
9.68e-07
9.52e-07
9.42e-07
9.48e-07
9.42e-07
9.45e-07
9.45e-07
9.49e-07
9.47e-07
9.64e-07
9.45e-07
9.46e-07
9.49e-07
9.47e-07
9.47e-07
9.48e-07
9.5e-07
9.46e-07
9.49e-07
9.44e-07
9.53e-07
9.46e-07
9.5e-07
9.46e-07
9.53e-07
9.47e-07
9.51e-07
9.47e-07
9.47e-07
9.45e-07
9.5e-07
9.44e-07
9.46e-07
9.42e-07
9.46e-07
9.41e-07
9.49e-07
9.43e-07
9.47e-07
9.45e-07
9.51e-07
9.46e-07
9.52e-07
9.48e-07
9.49e-07
9.73e-07
9.48e-07
9.49e-07
9.49e-07
9.47e-07
9.48e-07
9.47e-07
9.51e-07
9.46e-07
9.47e-07
9.45e-07
9.51e-07
9.45e-07
9.46e-07
9.45e-07
9.46e-07
9.44e-07
9.46e-07
9.44e-07
9.48e-07
9.46e-07
9.48e-07
9.47e-07
9.51e-07
9.46e-07
9.47e-07
9.48e-07
9.53e-07
9.48e-07
9.5e-07
9.48e-07
9.49e-07
9.48e-07
9.48e-07
9.47e-07
9.48e-07
9.67e-07
9.46e-07
9.46e-07
9.43e-07
9.46e-07
9.44e-07
9.45e-07
9.46e-07
9.46e-07
9.48e-07
9.45e-07
9.43e-07
9.48e-07
9.45e-07
9.47e-07
9.44e-07
9.49e-07
9.45e-07
9.49e-07
9.47e-07
9.49e-07
9.49e-07
9.49e-07
9.48e-07
9.48e-07
9.49e-07
9.46e-07
9.48e-07
9.47e-07
9.42e-07
9.46e-07
9.44e-07
9.45e-07
9.45e-07
9.45e-07
9.43e-07
9.47e-07
9.45e-07
9.69e-07
9.47e-07
9.48e-07
9.5e-07
9.47e-07
9.49e-07
9.5e-07
9.45e-07
9.48e-07
9.51e-07
9.49e-07
9.48e-07
9.48e-07
9.45e-07
9.47e-07
9.49e-07
9.47e-07
9.46e-07
9.46e-07
9.49e-07
9.46e-07
9.47e-07
9.47e-07
9.45e-07
9.46e-07
9.49e-07
9.48e-07
9.47e-07
9.5e-07
9.46e-07
9.49e-07
9.5e-07
9.48e-07
9.45e-07
9.51e-07
9.52e-07
9.67e-07
9.48e-07
9.45e-07
9.48e-07
9.48e-07
9.5e-07
9.46e-07
9.46e-07
9.48e-07
9.46e-07
9.45e-07
9.48e-07
9.47e-07
9.42e-07
9.46e-07
9.49e-07
9.46e-07
9.44e-07
9.44e-07
9.48e-07
9.48e-07
9.53e-07
9.48e-07
9.49e-07
9.5e-07
9.48e-07
9.49e-07
9.51e-07
9.5e-07
9.46e-07
9.48e-07
9.49e-07
9.46e-07
9.47e-07
9.46e-07
9.45e-07
9.67e-07
9.48e-07
9.45e-07
9.45e-07
9.46e-07
9.49e-07
9.47e-07
9.5e-07
9.48e-07
9.46e-07
9.48e-07
9.51e-07
9.49e-07
9.5e-07
9.49e-07
9.48e-07
9.49e-07
9.52e-07
9.49e-07
9.47e-07
9.48e-07
9.5e-07
9.48e-07
9.49e-07
9.47e-07
9.47e-07
9.46e-07
9.48e-07
9.46e-07
9.42e-07
9.47e-07
9.43e-07
9.47e-07
9.5e-07
9.48e-07
9.46e-07
9.69e-07
9.51e-07
9.49e-07
9.5e-07
9.49e-07
9.46e-07
9.5e-07
9.47e-07
9.49e-07
9.48e-07
9.48e-07
9.44e-07
9.47e-07
9.47e-07
9.47e-07
9.47e-07
9.46e-07
9.45e-07
9.45e-07
9.46e-07
9.46e-07
9.43e-07
9.47e-07
9.45e-07
9.47e-07
9.46e-07
9.49e-07
9.48e-07
9.49e-07
9.48e-07
9.5e-07
9.5e-07
9.5e-07
9.51e-07
9.49e-07
9.44e-07
9.69e-07
9.48e-07
9.48e-07
9.49e-07
9.47e-07
9.46e-07
9.47e-07
9.45e-07
9.45e-07
9.48e-07
9.45e-07
9.42e-07
9.48e-07
9.49e-07
9.47e-07
9.48e-07
9.47e-07
9.47e-07
9.48e-07
9.51e-07
9.49e-07
9.48e-07
9.49e-07
9.45e-07
9.5e-07
9.51e-07
9.47e-07
9.47e-07
9.43e-07
9.5e-07
9.46e-07
9.47e-07
9.47e-07
9.46e-07
9.47e-07
9.47e-07
9.65e-07
9.45e-07
9.48e-07
9.46e-07
9.48e-07
9.5e-07
9.48e-07
9.44e-07
9.49e-07
9.51e-07
9.48e-07
9.48e-07
9.46e-07
9.49e-07
9.5e-07
9.52e-07
9.47e-07
9.48e-07
9.5e-07
9.46e-07
9.47e-07
9.49e-07
9.47e-07
9.47e-07
9.46e-07
9.48e-07
9.44e-07
9.42e-07
9.42e-07
9.47e-07
9.46e-07
9.49e-07
9.46e-07
9.47e-07
9.49e-07
9.48e-07
9.48e-07
9.51e-07
9.71e-07
9.48e-07
9.5e-07
9.51e-07
9.48e-07
9.49e-07
9.49e-07
9.47e-07
9.48e-07
9.5e-07
9.46e-07
9.45e-07
9.45e-07
9.48e-07
9.45e-07
9.47e-07
9.46e-07
9.47e-07
9.47e-07
9.49e-07
9.48e-07
9.48e-07
9.47e-07
9.48e-07
9.49e-07
9.51e-07
9.49e-07
9.49e-07
9.5e-07
9.52e-07
9.48e-07
9.5e-07
9.49e-07
9.46e-07
9.48e-07
9.5e-07
9.66e-07
9.42e-07
9.46e-07
9.43e-07
9.46e-07
9.45e-07
9.45e-07
9.47e-07
9.46e-07
9.49e-07
9.46e-07
9.43e-07
9.48e-07
9.43e-07
9.46e-07
9.47e-07
9.49e-07
9.45e-07
9.49e-07
9.47e-07
9.49e-07
9.48e-07
9.48e-07
9.49e-07
9.48e-07
9.5e-07
9.44e-07
9.47e-07
9.46e-07
9.43e-07
9.47e-07
9.44e-07
9.45e-07
9.46e-07
9.47e-07
9.44e-07
9.47e-07
9.46e-07
9.68e-07
9.47e-07
9.49e-07
9.51e-07
9.49e-07
9.49e-07
9.5e-07
9.49e-07
9.5e-07
9.51e-07
9.48e-07
9.48e-07
9.49e-07
9.47e-07
9.48e-07
9.47e-07
9.48e-07
9.47e-07
9.46e-07
9.49e-07
9.46e-07
9.46e-07
9.47e-07
9.46e-07
9.49e-07
9.47e-07
9.47e-07
9.47e-07
9.48e-07
9.46e-07
9.49e-07
9.48e-07
9.5e-07
9.46e-07
9.51e-07
9.5e-07
9.68e-07
9.49e-07
9.44e-07
9.47e-07
9.46e-07
9.48e-07
9.47e-07
9.46e-07
9.46e-07
9.45e-07
9.45e-07
9.47e-07
9.47e-07
9.42e-07
9.48e-07
9.5e-07
9.46e-07
9.48e-07
9.44e-07
9.47e-07
9.49e-07
9.52e-07
9.48e-07
9.49e-07
9.51e-07
9.48e-07
9.48e-07
9.51e-07
9.48e-07
9.48e-07
9.48e-07
9.5e-07
9.45e-07
9.43e-07
9.42e-07
9.45e-07
9.67e-07
9.44e-07
9.46e-07
9.47e-07
9.46e-07
9.49e-07
9.48e-07
9.5e-07
9.48e-07
9.48e-07
9.5e-07
9.51e-07
9.49e-07
9.49e-07
9.5e-07
9.49e-07
9.48e-07
9.51e-07
9.46e-07
9.47e-07
9.48e-07
9.5e-07
9.46e-07
9.48e-07
9.48e-07
9.42e-07
9.48e-07
9.48e-07
9.47e-07
9.47e-07
9.46e-07
9.46e-07
9.47e-07
9.49e-07
9.47e-07
9.47e-07
9.69e-07
9.47e-07
9.49e-07
9.49e-07
9.5e-07
9.46e-07
9.47e-07
9.47e-07
9.49e-07
9.45e-07
9.5e-07
9.46e-07
9.47e-07
9.46e-07
9.47e-07
9.46e-07
9.46e-07
9.48e-07
9.46e-07
9.47e-07
9.46e-07
9.43e-07
9.46e-07
9.45e-07
9.48e-07
9.49e-07
9.48e-07
9.47e-07
9.49e-07
9.49e-07
9.49e-07
9.51e-07
9.48e-07
9.51e-07
9.47e-07
9.45e-07
9.48e-07
9.42e-07
9.69e-07
9.49e-07
9.47e-07
9.45e-07
9.45e-07
9.45e-07
9.46e-07
9.48e-07
9.46e-07
9.43e-07
9.49e-07
9.49e-07
9.47e-07
9.49e-07
9.48e-07
9.45e-07
9.48e-07
9.5e-07
9.49e-07
9.51e-07
9.47e-07
9.46e-07
9.49e-07
9.5e-07
9.48e-07
9.47e-07
9.44e-07
9.49e-07
9.46e-07
9.46e-07
9.46e-07
9.45e-07
9.47e-07
9.48e-07
9.45e-07
9.46e-07
9.67e-07
9.47e-07
9.46e-07
9.5e-07
9.49e-07
9.43e-07
9.51e-07
9.51e-07
9.48e-07
9.5e-07
9.46e-07
9.48e-07
9.49e-07
9.51e-07
9.46e-07
9.48e-07
9.49e-07
9.46e-07
9.47e-07
9.48e-07
9.46e-07
9.46e-07
9.46e-07
9.48e-07
9.46e-07
9.47e-07
9.42e-07
9.46e-07
9.46e-07
9.5e-07
9.48e-07
9.48e-07
9.5e-07
9.49e-07
9.48e-07
9.52e-07
9.7e-07
9.46e-07
9.49e-07
9.51e-07
9.49e-07
9.43e-07
9.48e-07
9.46e-07
9.47e-07
9.49e-07
9.46e-07
9.47e-07
9.46e-07
9.44e-07
9.45e-07
9.48e-07
9.46e-07
9.43e-07
9.48e-07
9.5e-07
9.49e-07
9.49e-07
9.48e-07
9.48e-07
9.49e-07
9.5e-07
9.5e-07
9.48e-07
9.5e-07
9.51e-07
9.48e-07
9.51e-07
9.47e-07
9.46e-07
9.47e-07
9.49e-07
9.65e-07
9.42e-07
9.46e-07
9.42e-07
9.45e-07
9.45e-07
9.46e-07
9.48e-07
9.47e-07
9.49e-07
9.46e-07
9.44e-07
9.48e-07
9.44e-07
9.47e-07
9.47e-07
9.49e-07
9.46e-07
9.46e-07
9.49e-07
9.49e-07
9.47e-07
9.48e-07
9.48e-07
9.47e-07
9.5e-07
9.46e-07
9.47e-07
9.46e-07
9.42e-07
9.46e-07
9.44e-07
9.46e-07
9.43e-07
9.48e-07
9.44e-07
9.48e-07
9.48e-07
9.69e-07
9.47e-07
9.5e-07
9.5e-07
9.51e-07
9.5e-07
9.5e-07
9.49e-07
9.5e-07
9.51e-07
9.45e-07
9.47e-07
9.49e-07
9.47e-07
9.46e-07
9.5e-07
9.48e-07
9.44e-07
9.47e-07
9.47e-07
9.45e-07
9.47e-07
9.47e-07
9.47e-07
9.47e-07
9.5e-07
9.48e-07
9.48e-07
9.47e-07
9.46e-07
9.49e-07
9.49e-07
9.49e-07
9.45e-07
9.51e-07
9.51e-07
9.67e-07
9.48e-07
9.43e-07
9.46e-07
9.45e-07
9.5e-07
9.46e-07
9.45e-07
9.46e-07
9.45e-07
9.46e-07
9.47e-07
9.47e-07
9.43e-07
9.48e-07
9.5e-07
9.46e-07
9.49e-07
9.44e-07
9.48e-07
9.49e-07
9.51e-07
9.48e-07
9.49e-07
9.5e-07
9.47e-07
9.49e-07
9.5e-07
9.47e-07
9.47e-07
9.47e-07
9.49e-07
9.45e-07
9.42e-07
9.49e-07
9.45e-07
9.68e-07
9.48e-07
9.46e-07
9.46e-07
9.46e-07
9.49e-07
9.47e-07
9.5e-07
9.48e-07
9.47e-07
9.49e-07
9.52e-07
9.5e-07
9.45e-07
9.51e-07
9.46e-07
9.49e-07
9.51e-07
9.47e-07
9.46e-07
9.47e-07
9.49e-07
9.46e-07
9.49e-07
9.45e-07
9.42e-07
9.47e-07
9.49e-07
9.46e-07
9.47e-07
9.48e-07
9.46e-07
9.47e-07
9.49e-07
9.48e-07
9.48e-07
9.68e-07
9.47e-07
9.5e-07
9.49e-07
9.49e-07
9.45e-07
9.46e-07
9.46e-07
9.48e-07
9.44e-07
9.49e-07
9.46e-07
9.46e-07
9.47e-07
9.46e-07
9.46e-07
9.46e-07
9.48e-07
9.46e-07
9.47e-07
9.47e-07
9.43e-07
9.46e-07
9.45e-07
9.47e-07
9.47e-07
9.48e-07
9.46e-07
9.5e-07
9.49e-07
9.5e-07
9.49e-07
9.49e-07
9.51e-07
9.47e-07
9.45e-07
9.47e-07
9.42e-07
9.68e-07
9.49e-07
9.46e-07
9.45e-07
9.46e-07
9.43e-07
9.46e-07
9.49e-07
9.46e-07
9.43e-07
9.49e-07
9.5e-07
9.47e-07
9.49e-07
9.49e-07
9.45e-07
9.49e-07
9.51e-07
9.5e-07
9.48e-07
9.48e-07
9.45e-07
9.49e-07
9.49e-07
9.49e-07
9.46e-07
9.44e-07
9.49e-07
9.45e-07
9.45e-07
9.45e-07
9.45e-07
9.47e-07
9.49e-07
9.46e-07
9.46e-07
9.68e-07
9.47e-07
9.48e-07
9.49e-07
9.49e-07
9.44e-07
9.52e-07
9.52e-07
9.48e-07
9.5e-07
9.46e-07
9.48e-07
9.49e-07
9.51e-07
9.46e-07
9.47e-07
9.48e-07
9.46e-07
9.47e-07
9.49e-07
9.46e-07
9.45e-07
9.46e-07
9.48e-07
9.45e-07
9.42e-07
9.44e-07
9.47e-07
9.47e-07
9.51e-07
9.47e-07
9.48e-07
