#time [s]
0.003771935
0.002670976
0.002706721
0.00263743
0.002798137
0.002650058
0.002805984
0.002610806
0.002737751
0.002654337
0.002701694
0.002709086
0.002712198
0.002619269
0.002629114
0.002894858
0.00258526
0.002611998
0.00268141
0.002644366
0.002661472
0.002626454
0.002629381
0.00268266
0.002883102
0.002647566
0.002663814
0.002706122
0.002625261
0.002656431
0.002631147
0.002683971
0.002653648
0.003060588
0.002647974
0.002675032
0.002665218
0.002697992
0.002821705
0.002631103
0.002655922
0.002651388
0.002912666
0.002619218
0.002663649
0.002691804
0.002714413
0.002687343
0.002675502
0.002661952
0.002798867
0.002798432
0.002725232
0.00271856
0.002629942
0.002667605
0.003383261
0.002652548
0.002614098
0.002679425
0.002839703
0.002651169
0.002761026
0.00257064
0.002628285
0.0026937
0.002909118
0.002601541
0.002647728
0.002611764
0.002555777
0.002682071
0.002997077
0.002635875
0.002676999
0.002645443
0.002676411
0.003116467
0.002657523
0.002593741
0.00262076
0.002626524
0.002633225
0.002677952
0.002613001
0.002617833
0.002602441
0.00421108
0.004603563
0.004085763
0.002779076
0.00256946
0.002693231
0.002789945
0.002665848
0.002635261
0.002632488
0.002614707
0.002680442
0.002635531
0.002826308
0.002586959
0.00264393
0.002653666
0.002607332
0.002715941
0.002727241
0.00261205
0.002677672
0.002649928
0.002779424
0.002675745
0.00258491
0.002646677
0.002609539
0.002834037
0.002600232
0.002654451
0.00265843
0.002674937
0.002841322
0.00263558
0.002615698
0.002586188
0.002910761
0.002626238
0.002652443
0.002637212
0.002600382
0.003056428
0.0030144
0.003044463
0.003138282
0.003064966
0.003116206
0.003046516
0.003066429
0.00341909
0.003426902
0.003442004
0.003525325
0.003393587
0.003339541
0.003493308
0.003406479
0.003061973
0.00260222
0.002744152
0.002580826
0.002595525
0.002702373
0.002817247
0.002637627
0.00262536
0.002639086
0.002630859
0.002805213
0.002627084
0.002677919
0.00267538
0.002742816
0.003031471
0.002636027
0.002629397
0.002578001
0.002837895
0.002608776
0.00269097
0.002644314
0.002651505
0.002665717
0.002601984
0.002670172
0.002645571
0.002831989
0.002618493
0.002661338
0.002594013
0.002647121
0.003235492
0.002635355
0.002660448
0.002626374
0.002727231
0.002618346
0.002654916
0.002565155
0.002645594
0.002914659
0.002607111
0.002692224
0.002636074
0.002621804
0.002619659
0.002628336
0.00267128
0.002682811
0.002866712
0.002601284
0.002628032
0.002809944
0.002629655
0.00269008
0.002620274
0.00264403
0.00266169
0.002897238
0.002727765
0.002633111
0.00265488
0.002712686
0.002695747
0.002593247
0.002656211
0.002642105
0.002768177
0.002608631
0.002687426
0.002638388
0.002763614
0.002647765
0.002586901
0.002640625
0.002652249
0.002748027
0.002633438
0.002673144
0.002603087
0.002619513
0.002750686
0.002609639
0.002671959
0.002654408
0.002654171
0.002667474
0.002642877
0.002644598
0.002649289
0.002790698
0.002643784
0.00268242
0.0026674
0.002833389
0.002702304
0.002577405
0.002654505
0.00261997
0.002791862
0.002756012
0.002663493
0.002648722
0.002661722
0.002713045
0.002654754
0.002585398
0.002677967
0.002774193
0.002569284
0.002642547
0.002639335
0.002654146
0.002657883
0.00267763
0.002637999
0.002609344
0.002854542
0.002614479
0.002634602
0.002676787
0.0026563
0.002616104
0.002631777
0.002709726
0.002688317
0.002832797
0.002652728
0.002574773
0.002644448
0.002671742
0.00276062
0.002639009
0.002666019
0.002646341
0.002645345
0.002762041
0.002623798
0.002667331
0.002639747
0.002850517
0.002616735
0.002643712
0.002590578
0.002647267
0.002791202
0.00259037
0.002683143
0.002677469
0.00265859
0.00263988
0.002572059
0.002687179
0.00268557
0.002857304
0.002644288
0.002641076
0.002583913
0.002677616
0.002862194
0.00262587
0.002657357
0.002649756
0.002616679
0.002630522
0.002632592
0.00263855
0.002604367
0.002790241
0.002612817
0.002648847
0.002645192
0.002790421
0.002655501
0.002582759
0.002666145
0.002653581
0.002782658
0.002618669
0.002690881
0.002629357
0.002617779
0.002748254
0.002639436
0.002685659
0.002628928
0.002803037
0.002643992
0.002649888
0.002656434
0.002662846
0.00284188
0.002668091
0.002599286
0.00262329
0.002889652
0.002625811
0.00264301
0.002596787
0.002598907
0.002755489
0.002715498
0.002676168
0.002643077
0.002599437
0.002642433
0.002625141
0.002652339
0.002668644
0.00284216
0.002699616
0.002665359
0.002618128
0.00264409
0.002763268
0.002620231
0.002642928
0.002661445
0.00265764
0.002595366
0.002665979
0.002677919
0.002603701
0.002889799
0.002631481
0.002671482
0.00273482
0.002875175
0.002617792
0.002620558
0.002639691
0.002652851
0.002751173
0.002645684
0.002636267
0.00259062
0.002638797
0.002809468
0.002669326
0.002655836
0.002625999
0.002630627
0.002619948
0.002572388
0.002706172
0.002689907
0.002694606
0.002595975
0.002698906
0.002617141
0.002648034
0.002643332
0.002617237
0.002655351
0.002650075
0.002735319
0.0032313
0.003505479
0.003434095
0.003102253
0.003127822
0.003131765
0.003384884
0.002829442
0.003523847
0.003412867
0.003550284
0.003471043
0.003504916
0.003547736
0.003518631
0.003612156
0.003567165
0.003006887
0.002668369
0.002624065
0.002612878
0.002782299
0.002587064
0.002636958
0.002654958
0.002655229
0.002686577
0.00257749
0.002632848
0.0026434
0.002848351
0.002628524
0.002658271
0.002639818
0.002568394
0.002777631
0.002569453
0.002700484
0.00263879
0.002756991
0.002700522
0.002586873
0.002663084
0.002628953
0.002824568
0.00258635
0.002664331
0.002645591
0.002639345
0.00265083
0.00262771
0.0026341
0.002609991
0.002845842
0.002569929
0.002697881
0.002663365
0.002654811
0.002612679
0.002643693
0.00256775
0.002648973
0.002790991
0.002654979
0.002620191
0.002617364
0.002632844
0.002645541
0.002684833
0.002572286
0.002648073
0.002814951
0.002619562
0.002689174
0.002620927
0.002647512
0.002901673
0.002596174
0.002682042
0.002643231
0.002599739
0.002693072
0.002630868
0.002649584
0.002660273
0.002746537
0.002638663
0.002645874
0.002587484
0.002618041
0.002750694
0.002568745
0.002652962
0.002660052
0.002671837
0.002653183
0.002698133
0.002592135
0.00267692
0.002790789
0.0027477
0.002627292
0.002595143
0.002596906
0.002709958
0.002589505
0.002661439
0.00264512
0.002606622
0.002644146
0.002570202
0.00264821
0.0026455
0.002792382
0.002638953
0.002574419
0.002607883
0.002596224
0.002838743
0.002588039
0.002654502
0.002637243
0.002653845
0.002611807
0.002594935
0.002630063
0.002684647
0.002769422
0.002589104
0.002651936
0.002590057
0.002597185
0.002820136
0.002595219
0.002680955
0.002782861
0.002634005
0.002665447
0.002646213
0.002603987
0.002667661
0.002864256
0.002595841
0.002656447
0.002677689
0.002616127
0.002648767
0.002571781
0.002646817
0.002679518
0.002760052
0.002616934
0.00258729
0.002604832
0.002651928
0.002777896
0.002600207
0.002656668
0.002636073
0.002649869
0.002903726
0.00258497
0.002648408
0.002598685
0.00308029
0.002660027
0.002619735
0.002611485
0.002743232
0.002590814
0.00264298
0.002637061
0.002598662
0.003068521
0.002606794
0.00262664
0.002675607
0.002777053
0.002704774
0.002583109
0.002596286
0.002675962
0.002680569
0.002587725
0.002650229
0.002594865
0.002628752
0.002828773
0.002574776
0.00266915
0.002665563
0.002791305
0.002635979
0.002634303
0.002631068
0.002589911
0.002995074
0.002592734
0.002628896
0.002744808
0.002624103
0.002674862
0.002621781
0.002632369
0.002658526
0.002772878
0.002624691
0.00264513
0.002590023
0.002623471
0.002841647
0.002639691
0.002657543
0.002639285
0.002684501
0.00263989
0.002628357
0.002661808
0.002634087
0.002814293
0.002572577
0.002637747
0.002676337
0.002677429
0.002680589
0.002626548
0.002596169
0.00264748
0.002910026
0.002596825
0.002695254
0.002587708
0.002653818
0.002647574
0.002599389
0.002645421
0.00265313
0.002837298
0.002635914
0.002572576
0.002673214
0.002646325
0.002742643
0.002601853
0.00260148
0.002634097
0.002697372
0.002638348
0.002679344
0.002649495
0.00264536
0.002803853
0.002610818
0.00269341
0.002730879
0.002798382
0.00261856
0.002624508
0.002775012
0.002628466
0.002870508
0.002596534
0.002663693
0.002649821
0.002843714
0.002633983
0.002711549
0.002573316
0.002636548
0.002819967
0.002627524
0.002707097
0.002642528
0.002592156
0.002726891
0.002653382
0.0026105
0.002636694
0.002820503
0.003455503
0.00344912
0.003474556
0.003385778
0.003083596
0.00291737
0.002866601
0.003172896
0.003159086
0.003361342
0.0034312
0.00315296
0.002971801
0.003175367
0.003493072
0.003460419
0.002613814
0.002652625
0.002899072
0.002634576
0.002648751
0.002645647
0.002653051
0.002831337
0.002577324
0.002646705
0.002615769
0.002854853
0.002651499
0.002639755
0.002635321
0.002598988
0.002857231
0.002592133
0.002668229
0.002640147
0.002638788
0.002604171
0.002567054
0.00260724
0.002664688
0.002759053
0.002624516
0.002586719
0.002589847
0.002608412
0.003228173
0.002571298
0.002611042
0.002657771
0.002644733
0.002650594
0.002642337
0.002614086
0.002600483
0.00284132
0.002586402
0.002650865
0.002642135
0.002626617
0.002665716
0.002624516
0.002696318
0.002647007
0.002766125
0.002641028
0.002635516
0.002592156
0.002643598
0.002707608
0.002611075
0.002599616
0.002701183
0.002603542
0.002696096
0.00267285
0.00258207
0.002647035
0.002826466
0.002626275
0.002669843
0.002684233
0.002702201
0.002659063
0.002593446
0.002707052
0.002609524
0.00283373
0.002646357
0.002685839
0.00260224
0.002561197
0.002767467
0.002674648
0.002621056
0.002630446
0.002645535
0.002596377
0.002674228
0.002639759
0.00262002
0.00287275
0.002622511
0.002676967
0.002662301
0.002770823
0.002652022
0.002576525
0.002602823
0.002653003
0.002802478
0.002739847
0.002663457
0.0026351
0.002629757
0.002657055
0.002615227
0.00260759
0.002652882
0.002836967
0.002606049
0.002634283
0.002681231
0.002641554
0.002816271
0.002578224
0.002635793
0.002655236
0.002793154
0.002608528
0.002667074
0.002594226
0.002579937
0.002727333
0.00260233
0.002654755
0.002637184
0.002768642
0.002621971
0.002574272
0.002600538
0.002606291
0.002862444
0.002638426
0.002665027
0.002656358
0.002664748
0.002685279
0.002641768
0.002619219
0.002615923
0.00287256
0.002590843
0.002657031
0.002636055
0.002628639
0.002627199
0.002629704
0.002702013
0.002654762
0.002782796
0.002651302
0.002600844
0.002611232
0.002650212
0.002808742
0.002615974
0.00265711
0.00263484
0.0025966
0.002688794
0.002589494
0.002629691
0.002668129
0.002788908
0.002584345
0.002742277
0.002615909
0.002610722
0.003189012
0.002588208
0.002626617
0.002654716
0.002737885
0.002667402
0.002575701
0.002615835
0.002669171
0.002717504
0.002583357
0.002674115
0.002636782
0.002635795
0.002790004
0.002572837
0.002601292
0.002597297
0.002844095
0.002599061
0.002674356
0.002673893
0.002586149
0.002665341
0.002593922
0.002641001
0.002659306
0.002770539
0.0026921
0.002646024
0.002635135
0.002648786
0.002808011
0.00262449
0.002619791
0.002648402
0.002800046
0.002642169
0.002663118
0.002590322
0.002608562
0.002701614
0.002582091
0.002646174
0.002653943
0.002586172
0.002662985
0.002581544
0.002664091
0.002658115
0.002756206
0.002664755
0.002630576
0.002661906
0.002649743
0.002870626
0.002571716
0.002612153
0.002670302
0.002676213
0.002597628
0.002646352
0.002721796
0.002591231
0.002856317
0.002651511
0.002624921
0.002665273
0.002586693
0.002645437
0.002604963
0.002681352
0.002639174
0.002791819
0.002630844
0.002652934
0.002663969
0.002665007
0.002818914
0.002624516
0.00256975
0.002630715
0.002647551
0.002828587
0.002628987
0.002617415
0.002577267
0.002634404
0.003069094
0.002729666
0.002614567
0.00269583
0.002619201
0.002622732
0.0025682
0.00267502
0.002683214
0.002792678
0.003435693
0.003422296
0.003406352
0.003439241
0.003437925
0.003417898
0.003501845
0.003457786
0.003470068
0.003461071
0.003403201
0.00341066
0.003392195
0.003473322
0.003436426
0.003405312
0.003319638
0.002918246
0.003114717
0.002628951
0.002631564
0.002644285
0.00262106
0.002757644
0.002674925
0.002765106
0.002675578
0.002644504
0.002642197
0.002600917
0.003062241
0.002603953
0.002608278
0.002659207
0.002658531
0.002585592
0.002670857
0.002645647
0.00260463
0.002632286
