#time [s]
4.607e-06
4.517e-06
4.464e-06
4.452e-06
4.461e-06
4.436e-06
4.443e-06
4.44e-06
4.427e-06
4.423e-06
4.427e-06
4.455e-06
4.444e-06
4.431e-06
4.422e-06
4.425e-06
4.458e-06
4.446e-06
4.438e-06
4.429e-06
4.424e-06
4.439e-06
4.44e-06
4.435e-06
4.432e-06
4.425e-06
4.453e-06
4.44e-06
4.438e-06
4.435e-06
4.422e-06
4.424e-06
4.457e-06
4.456e-06
4.435e-06
4.655e-06
4.472e-06
4.459e-06
4.459e-06
4.447e-06
4.437e-06
4.429e-06
4.425e-06
4.426e-06
4.439e-06
4.436e-06
4.427e-06
4.417e-06
4.428e-06
4.433e-06
4.44e-06
4.432e-06
4.424e-06
4.424e-06
4.432e-06
4.439e-06
4.435e-06
4.427e-06
4.425e-06
4.425e-06
4.44e-06
4.435e-06
4.432e-06
4.421e-06
4.427e-06
4.433e-06
4.439e-06
4.433e-06
4.426e-06
4.421e-06
4.431e-06
4.437e-06
4.435e-06
4.427e-06
4.422e-06
4.427e-06
4.434e-06
4.438e-06
4.431e-06
4.425e-06
4.426e-06
4.427e-06
4.442e-06
4.435e-06
4.445e-06
4.425e-06
4.427e-06
4.438e-06
4.435e-06
4.427e-06
4.422e-06
4.426e-06
4.433e-06
4.443e-06
4.43e-06
4.419e-06
4.424e-06
4.433e-06
4.431e-06
4.431e-06
4.428e-06
4.425e-06
4.428e-06
4.44e-06
4.439e-06
4.434e-06
4.423e-06
4.422e-06
4.431e-06
4.438e-06
4.436e-06
4.424e-06
4.426e-06
4.429e-06
4.43e-06
4.439e-06
4.429e-06
4.422e-06
4.427e-06
4.436e-06
4.44e-06
4.432e-06
4.427e-06
4.425e-06
4.431e-06
4.439e-06
4.435e-06
4.421e-06
4.422e-06
4.431e-06
4.438e-06
4.432e-06
4.431e-06
4.417e-06
4.426e-06
4.427e-06
4.44e-06
4.437e-06
4.428e-06
4.417e-06
4.431e-06
4.433e-06
4.438e-06
4.429e-06
4.423e-06
4.427e-06
4.439e-06
4.439e-06
4.43e-06
4.424e-06
4.428e-06
4.426e-06
4.44e-06
4.437e-06
4.427e-06
4.417e-06
4.427e-06
4.432e-06
4.439e-06
4.424e-06
4.421e-06
4.429e-06
4.435e-06
4.433e-06
4.433e-06
4.427e-06
4.423e-06
4.423e-06
4.44e-06
4.435e-06
4.429e-06
4.422e-06
4.428e-06
4.437e-06
4.439e-06
4.432e-06
4.428e-06
4.425e-06
4.432e-06
4.439e-06
4.435e-06
4.427e-06
4.426e-06
4.429e-06
4.435e-06
4.437e-06
4.433e-06
4.423e-06
4.424e-06
4.435e-06
4.442e-06
4.431e-06
4.425e-06
4.426e-06
4.432e-06
4.432e-06
4.433e-06
4.421e-06
4.423e-06
4.422e-06
4.436e-06
4.441e-06
4.433e-06
4.417e-06
4.422e-06
4.427e-06
4.441e-06
4.429e-06
4.427e-06
4.425e-06
4.43e-06
4.432e-06
4.434e-06
4.424e-06
4.424e-06
4.427e-06
4.433e-06
4.44e-06
4.437e-06
4.426e-06
4.422e-06
4.432e-06
4.442e-06
4.43e-06
4.429e-06
4.425e-06
4.429e-06
4.429e-06
4.437e-06
4.425e-06
4.425e-06
4.426e-06
4.432e-06
4.439e-06
4.437e-06
4.427e-06
4.419e-06
4.431e-06
4.44e-06
4.438e-06
4.429e-06
4.425e-06
4.428e-06
4.429e-06
4.437e-06
4.428e-06
4.427e-06
4.423e-06
4.429e-06
4.438e-06
4.438e-06
4.431e-06
4.425e-06
4.429e-06
4.436e-06
4.438e-06
4.433e-06
4.423e-06
4.426e-06
4.433e-06
4.439e-06
4.435e-06
4.425e-06
4.425e-06
4.435e-06
4.436e-06
4.443e-06
4.43e-06
4.42e-06
4.429e-06
4.433e-06
4.439e-06
4.435e-06
4.423e-06
4.427e-06
4.428e-06
4.438e-06
4.438e-06
4.426e-06
4.422e-06
4.43e-06
4.433e-06
4.441e-06
4.429e-06
4.422e-06
4.427e-06
4.431e-06
4.44e-06
4.435e-06
4.425e-06
4.425e-06
4.427e-06
4.435e-06
4.439e-06
4.429e-06
4.422e-06
4.428e-06
4.432e-06
4.442e-06
4.43e-06
4.422e-06
4.425e-06
4.43e-06
4.439e-06
4.438e-06
4.426e-06
4.425e-06
4.426e-06
4.434e-06
4.441e-06
4.43e-06
4.424e-06
4.427e-06
4.431e-06
4.443e-06
4.432e-06
4.424e-06
4.425e-06
4.429e-06
4.439e-06
4.443e-06
4.429e-06
4.429e-06
4.425e-06
4.433e-06
4.443e-06
4.431e-06
4.425e-06
4.426e-06
4.429e-06
4.442e-06
4.433e-06
4.427e-06
4.424e-06
4.427e-06
4.431e-06
4.434e-06
4.428e-06
4.421e-06
4.422e-06
4.431e-06
4.442e-06
4.433e-06
4.423e-06
4.425e-06
4.429e-06
4.441e-06
4.434e-06
4.429e-06
4.424e-06
4.427e-06
4.433e-06
4.443e-06
4.434e-06
4.431e-06
4.426e-06
4.432e-06
4.442e-06
4.437e-06
4.427e-06
4.424e-06
4.427e-06
4.438e-06
4.437e-06
4.429e-06
4.426e-06
4.425e-06
4.435e-06
4.445e-06
4.433e-06
4.432e-06
4.422e-06
4.432e-06
4.439e-06
4.436e-06
4.429e-06
4.424e-06
4.429e-06
4.437e-06
4.437e-06
4.431e-06
4.427e-06
4.421e-06
4.434e-06
4.445e-06
4.437e-06
4.444e-06
4.423e-06
4.427e-06
4.437e-06
4.437e-06
4.433e-06
4.429e-06
4.427e-06
4.438e-06
4.439e-06
4.435e-06
4.429e-06
4.422e-06
4.429e-06
4.443e-06
4.44e-06
4.434e-06
4.425e-06
4.426e-06
4.437e-06
4.438e-06
4.432e-06
4.43e-06
4.427e-06
4.437e-06
4.442e-06
4.434e-06
4.429e-06
4.421e-06
4.429e-06
4.442e-06
4.442e-06
4.436e-06
4.424e-06
4.425e-06
4.435e-06
4.439e-06
4.429e-06
4.43e-06
4.42e-06
4.434e-06
4.435e-06
4.438e-06
4.43e-06
4.423e-06
4.424e-06
4.438e-06
4.441e-06
4.434e-06
4.422e-06
4.423e-06
4.434e-06
4.437e-06
4.436e-06
4.43e-06
4.424e-06
4.434e-06
4.436e-06
4.439e-06
4.43e-06
4.421e-06
4.424e-06
4.436e-06
4.437e-06
4.436e-06
4.423e-06
4.425e-06
4.427e-06
4.436e-06
4.436e-06
4.431e-06
4.422e-06
4.433e-06
4.434e-06
4.441e-06
4.432e-06
4.422e-06
4.425e-06
4.433e-06
4.439e-06
4.44e-06
4.427e-06
4.425e-06
4.428e-06
4.434e-06
4.436e-06
4.433e-06
4.421e-06
4.429e-06
4.431e-06
4.442e-06
4.432e-06
4.424e-06
4.423e-06
4.432e-06
4.438e-06
4.442e-06
4.428e-06
4.424e-06
4.427e-06
4.433e-06
4.44e-06
4.434e-06
4.422e-06
4.429e-06
4.431e-06
4.441e-06
4.436e-06
4.426e-06
4.421e-06
4.43e-06
4.436e-06
4.443e-06
4.431e-06
4.424e-06
4.426e-06
4.433e-06
4.437e-06
4.436e-06
4.423e-06
4.425e-06
4.428e-06
4.441e-06
4.433e-06
4.426e-06
4.423e-06
4.43e-06
4.435e-06
4.443e-06
4.43e-06
4.426e-06
4.425e-06
4.43e-06
4.441e-06
4.436e-06
4.426e-06
4.427e-06
4.429e-06
4.438e-06
4.438e-06
4.429e-06
4.419e-06
4.428e-06
4.432e-06
4.442e-06
4.431e-06
4.428e-06
4.42e-06
4.429e-06
4.438e-06
4.438e-06
4.429e-06
4.427e-06
4.428e-06
4.438e-06
4.439e-06
4.43e-06
4.421e-06
4.427e-06
4.43e-06
4.442e-06
4.432e-06
4.43e-06
4.42e-06
4.427e-06
4.436e-06
4.441e-06
4.428e-06
4.426e-06
4.425e-06
4.435e-06
4.437e-06
4.432e-06
4.425e-06
4.425e-06
4.43e-06
4.442e-06
4.437e-06
4.431e-06
4.421e-06
4.426e-06
4.431e-06
4.442e-06
4.43e-06
4.427e-06
4.422e-06
4.434e-06
4.436e-06
4.433e-06
4.426e-06
4.424e-06
4.429e-06
4.443e-06
4.437e-06
4.433e-06
4.423e-06
4.424e-06
4.432e-06
4.442e-06
4.43e-06
4.429e-06
4.421e-06
4.433e-06
4.435e-06
4.434e-06
4.429e-06
4.425e-06
4.427e-06
4.439e-06
4.438e-06
4.434e-06
4.424e-06
4.427e-06
4.434e-06
4.438e-06
4.437e-06
4.43e-06
4.421e-06
4.432e-06
4.435e-06
4.44e-06
4.433e-06
4.423e-06
4.429e-06
4.437e-06
4.439e-06
4.437e-06
4.425e-06
4.426e-06
4.433e-06
4.438e-06
4.438e-06
4.431e-06
4.421e-06
4.431e-06
4.434e-06
4.442e-06
4.436e-06
4.423e-06
4.422e-06
4.436e-06
4.437e-06
4.433e-06
4.424e-06
4.426e-06
4.434e-06
4.441e-06
4.442e-06
4.434e-06
4.424e-06
4.428e-06
4.435e-06
4.444e-06
4.437e-06
4.428e-06
4.427e-06
4.434e-06
4.44e-06
4.439e-06
4.43e-06
4.425e-06
4.433e-06
4.439e-06
4.443e-06
4.434e-06
4.421e-06
4.422e-06
4.43e-06
4.443e-06
4.438e-06
4.429e-06
4.428e-06
4.433e-06
4.438e-06
4.439e-06
4.432e-06
4.426e-06
4.431e-06
4.438e-06
4.445e-06
4.436e-06
4.423e-06
4.422e-06
4.429e-06
4.442e-06
4.44e-06
4.432e-06
4.428e-06
4.432e-06
4.438e-06
4.441e-06
4.432e-06
4.427e-06
4.429e-06
4.436e-06
4.445e-06
4.436e-06
4.424e-06
4.421e-06
4.428e-06
4.441e-06
4.441e-06
4.433e-06
4.427e-06
4.43e-06
4.435e-06
4.442e-06
4.434e-06
4.428e-06
4.428e-06
4.434e-06
4.444e-06
4.439e-06
4.425e-06
4.421e-06
4.426e-06
4.439e-06
4.444e-06
4.435e-06
4.428e-06
4.429e-06
4.435e-06
4.441e-06
4.436e-06
4.43e-06
4.428e-06
4.433e-06
4.442e-06
4.44e-06
4.428e-06
4.42e-06
4.426e-06
4.438e-06
4.444e-06
4.436e-06
4.429e-06
4.428e-06
4.434e-06
4.441e-06
4.437e-06
4.432e-06
4.426e-06
4.431e-06
4.441e-06
4.442e-06
4.428e-06
4.421e-06
4.423e-06
4.436e-06
4.444e-06
4.437e-06
4.43e-06
4.425e-06
4.431e-06
4.44e-06
4.438e-06
4.432e-06
4.427e-06
4.43e-06
4.438e-06
4.443e-06
4.43e-06
4.423e-06
4.421e-06
4.435e-06
4.443e-06
4.439e-06
4.432e-06
4.426e-06
4.43e-06
4.437e-06
4.44e-06
4.435e-06
4.428e-06
4.429e-06
4.438e-06
4.442e-06
4.432e-06
4.424e-06
4.42e-06
4.433e-06
4.442e-06
4.44e-06
4.434e-06
4.426e-06
4.429e-06
4.437e-06
4.441e-06
4.436e-06
4.429e-06
4.427e-06
4.436e-06
4.443e-06
4.433e-06
4.426e-06
4.421e-06
4.432e-06
4.441e-06
4.44e-06
4.434e-06
4.425e-06
4.427e-06
4.434e-06
4.441e-06
4.436e-06
4.43e-06
4.425e-06
4.434e-06
4.442e-06
4.433e-06
4.427e-06
4.42e-06
4.431e-06
4.439e-06
4.441e-06
4.437e-06
4.664e-06
4.504e-06
4.476e-06
4.47e-06
4.437e-06
4.444e-06
4.429e-06
4.443e-06
4.451e-06
4.422e-06
4.422e-06
4.447e-06
4.444e-06
4.442e-06
4.424e-06
4.429e-06
4.426e-06
4.443e-06
4.444e-06
4.437e-06
4.429e-06
4.432e-06
4.439e-06
4.447e-06
4.434e-06
4.432e-06
4.422e-06
4.436e-06
4.437e-06
4.443e-06
4.429e-06
4.428e-06
4.434e-06
4.45e-06
4.435e-06
4.429e-06
4.421e-06
4.425e-06
4.429e-06
4.446e-06
4.435e-06
4.434e-06
4.423e-06
4.436e-06
4.456e-06
4.444e-06
4.436e-06
4.422e-06
4.443e-06
4.431e-06
4.459e-06
4.429e-06
4.421e-06
4.419e-06
4.426e-06
4.434e-06
4.433e-06
4.434e-06
4.417e-06
4.435e-06
4.43e-06
4.437e-06
4.429e-06
4.422e-06
4.422e-06
4.439e-06
4.435e-06
4.441e-06
4.423e-06
4.421e-06
4.426e-06
4.435e-06
4.434e-06
4.447e-06
4.421e-06
4.422e-06
4.429e-06
4.435e-06
4.428e-06
4.421e-06
4.419e-06
4.427e-06
4.455e-06
4.434e-06
4.424e-06
4.419e-06
4.428e-06
4.435e-06
4.437e-06
4.426e-06
4.42e-06
4.424e-06
4.45e-06
4.447e-06
4.432e-06
4.424e-06
4.419e-06
4.448e-06
4.445e-06
4.453e-06
4.436e-06
4.42e-06
4.613e-06
4.429e-06
4.436e-06
4.43e-06
4.42e-06
4.419e-06
4.431e-06
4.438e-06
4.434e-06
4.518e-06
4.424e-06
4.425e-06
4.439e-06
4.435e-06
4.429e-06
4.421e-06
4.421e-06
4.427e-06
4.438e-06
4.428e-06
4.425e-06
4.418e-06
4.427e-06
4.448e-06
4.438e-06
4.427e-06
4.419e-06
4.426e-06
4.433e-06
4.437e-06
4.451e-06
4.422e-06
4.422e-06
4.429e-06
4.439e-06
4.432e-06
4.429e-06
4.436e-06
4.428e-06
4.433e-06
4.434e-06
4.428e-06
4.421e-06
4.423e-06
4.431e-06
4.438e-06
4.436e-06
4.423e-06
4.425e-06
4.428e-06
4.441e-06
4.433e-06
4.424e-06
4.42e-06
4.422e-06
4.431e-06
4.439e-06
4.427e-06
4.423e-06
4.421e-06
4.425e-06
4.436e-06
4.435e-06
4.428e-06
4.423e-06
4.429e-06
4.432e-06
4.432e-06
4.427e-06
4.423e-06
4.422e-06
4.433e-06
4.436e-06
4.43e-06
4.419e-06
4.421e-06
4.427e-06
4.434e-06
4.432e-06
4.423e-06
4.416e-06
4.421e-06
4.429e-06
4.436e-06
4.435e-06
4.418e-06
4.428e-06
4.425e-06
4.443e-06
4.427e-06
4.43e-06
4.419e-06
4.427e-06
4.43e-06
4.43e-06
4.428e-06
