#time [s]
1.268e-05
1.2576e-05
1.259e-05
1.2551e-05
1.2561e-05
1.2519e-05
1.2558e-05
1.2507e-05
1.2539e-05
1.2523e-05
1.255e-05
1.2515e-05
1.2555e-05
1.2527e-05
1.2524e-05
1.2522e-05
1.2549e-05
1.2518e-05
1.254e-05
1.2534e-05
1.253e-05
1.2529e-05
1.2542e-05
1.2527e-05
1.2516e-05
1.2526e-05
1.2527e-05
1.2547e-05
1.2516e-05
1.2545e-05
1.253e-05
1.2561e-05
1.2516e-05
1.2545e-05
1.253e-05
1.2562e-05
1.2517e-05
1.2551e-05
1.2523e-05
1.2557e-05
1.2524e-05
1.2527e-05
1.2501e-05
1.2556e-05
1.2525e-05
1.2541e-05
1.2522e-05
1.2558e-05
1.2527e-05
1.2542e-05
1.2544e-05
1.2543e-05
1.2543e-05
1.2529e-05
1.2543e-05
1.2524e-05
1.2541e-05
1.2523e-05
1.2535e-05
1.2519e-05
1.2553e-05
1.2493e-05
1.2549e-05
1.2538e-05
1.255e-05
1.2526e-05
1.2555e-05
1.2518e-05
1.2544e-05
1.2534e-05
1.2565e-05
1.2497e-05
1.2544e-05
1.253e-05
1.2569e-05
1.2519e-05
1.2525e-05
1.254e-05
1.256e-05
1.2526e-05
1.2545e-05
1.2541e-05
1.2549e-05
1.2534e-05
1.2566e-05
1.2524e-05
1.2536e-05
1.2536e-05
1.2531e-05
1.2527e-05
1.2541e-05
1.255e-05
1.2503e-05
1.2543e-05
1.2511e-05
1.2566e-05
1.2489e-05
1.2542e-05
1.2521e-05
1.2562e-05
1.2506e-05
1.2543e-05
1.251e-05
1.2534e-05
1.252e-05
1.2541e-05
1.25e-05
1.2546e-05
1.2526e-05
1.2547e-05
1.2529e-05
1.2537e-05
1.2542e-05
1.2553e-05
1.2517e-05
1.2515e-05
1.2541e-05
1.2518e-05
1.2528e-05
1.9222e-05
1.2651e-05
1.257e-05
1.2565e-05
1.2527e-05
1.2571e-05
1.2547e-05
1.2537e-05
1.2553e-05
1.2527e-05
1.2549e-05
1.2528e-05
1.2567e-05
1.2535e-05
1.2551e-05
1.2529e-05
1.2554e-05
1.2534e-05
1.2569e-05
1.2547e-05
1.2554e-05
1.253e-05
1.2547e-05
1.2512e-05
1.2569e-05
1.2512e-05
1.257e-05
1.2527e-05
1.2544e-05
1.2512e-05
1.2552e-05
1.2526e-05
1.2547e-05
1.2518e-05
1.2538e-05
1.2533e-05
1.2538e-05
1.2526e-05
1.254e-05
1.252e-05
1.2547e-05
1.2534e-05
1.2527e-05
1.2535e-05
1.2523e-05
1.2562e-05
1.2524e-05
1.255e-05
1.2524e-05
1.2564e-05
1.2532e-05
1.2558e-05
1.2533e-05
1.2568e-05
1.2523e-05
1.256e-05
1.2519e-05
1.2552e-05
1.2526e-05
1.2546e-05
1.2504e-05
1.2522e-05
1.2524e-05
1.2541e-05
1.2537e-05
1.2539e-05
1.2519e-05
1.2506e-05
1.2544e-05
1.2528e-05
1.2534e-05
1.2528e-05
1.2553e-05
1.2514e-05
1.2564e-05
1.2513e-05
1.2555e-05
1.2531e-05
1.2556e-05
1.2521e-05
1.254e-05
1.2538e-05
1.2536e-05
1.2516e-05
1.2558e-05
1.2512e-05
1.2553e-05
1.2533e-05
1.255e-05
1.2516e-05
1.2544e-05
1.251e-05
1.2549e-05
1.2526e-05
1.2544e-05
1.2529e-05
1.2524e-05
1.2539e-05
1.2538e-05
1.2539e-05
1.2551e-05
1.2561e-05
1.2525e-05
1.2535e-05
1.2519e-05
1.2538e-05
1.2511e-05
1.255e-05
1.2525e-05
1.2562e-05
1.2506e-05
1.2528e-05
1.2518e-05
1.2551e-05
1.2522e-05
1.2556e-05
1.2501e-05
1.2534e-05
1.2535e-05
1.2534e-05
1.2542e-05
1.2536e-05
1.2538e-05
1.2508e-05
1.2524e-05
1.2517e-05
1.2533e-05
1.2535e-05
1.2546e-05
1.2532e-05
1.2543e-05
1.254e-05
1.2551e-05
1.2497e-05
1.2528e-05
1.2515e-05
1.2555e-05
1.2506e-05
1.2539e-05
1.2521e-05
1.2555e-05
1.2514e-05
1.2559e-05
1.2518e-05
1.2552e-05
1.2527e-05
1.2537e-05
1.2524e-05
1.254e-05
1.2537e-05
1.2556e-05
1.253e-05
1.2532e-05
1.2533e-05
1.2547e-05
1.2552e-05
1.2506e-05
1.2528e-05
1.2518e-05
1.254e-05
1.2543e-05
1.2542e-05
1.251e-05
1.2533e-05
1.2524e-05
1.2536e-05
1.25e-05
1.2561e-05
1.2521e-05
1.2582e-05
1.2514e-05
1.2547e-05
1.2504e-05
1.2549e-05
1.2532e-05
1.2545e-05
1.2532e-05
1.2539e-05
1.2545e-05
1.2534e-05
1.2515e-05
1.2523e-05
1.2524e-05
1.2528e-05
1.2545e-05
1.2543e-05
1.2536e-05
1.2514e-05
1.255e-05
1.2518e-05
1.2534e-05
1.2512e-05
1.2569e-05
1.2517e-05
1.2544e-05
1.2523e-05
1.2545e-05
1.2506e-05
1.2553e-05
1.2531e-05
1.2563e-05
1.2521e-05
1.2546e-05
1.2514e-05
1.2554e-05
1.2521e-05
1.2564e-05
1.2535e-05
1.2517e-05
1.2518e-05
1.253e-05
1.2511e-05
1.2538e-05
1.253e-05
1.254e-05
1.2553e-05
1.2515e-05
1.2531e-05
1.2517e-05
1.2556e-05
1.2509e-05
1.2565e-05
1.2529e-05
1.2553e-05
1.2508e-05
1.2567e-05
1.2513e-05
1.2548e-05
1.2529e-05
1.2547e-05
1.2528e-05
1.2547e-05
1.2519e-05
1.2546e-05
1.251e-05
1.2555e-05
1.2542e-05
1.254e-05
1.2528e-05
1.255e-05
1.2615e-05
1.2523e-05
1.2534e-05
1.2532e-05
1.253e-05
1.252e-05
1.2549e-05
1.2526e-05
1.2555e-05
1.253e-05
1.253e-05
1.251e-05
1.2549e-05
1.2513e-05
1.2553e-05
1.2531e-05
1.257e-05
1.2491e-05
1.2547e-05
1.2503e-05
1.2548e-05
1.9783e-05
1.2663e-05
1.2586e-05
1.2533e-05
1.254e-05
1.2512e-05
1.2574e-05
1.2524e-05
1.2555e-05
1.2517e-05
1.2554e-05
1.2509e-05
1.2553e-05
1.2527e-05
1.2564e-05
1.2539e-05
1.2551e-05
1.2519e-05
1.255e-05
1.2529e-05
1.2554e-05
1.2531e-05
1.2531e-05
1.253e-05
1.2544e-05
1.2527e-05
1.2532e-05
1.2519e-05
1.2527e-05
1.2539e-05
1.2537e-05
1.254e-05
1.252e-05
1.2547e-05
1.252e-05
1.2543e-05
1.2512e-05
1.2521e-05
1.2511e-05
1.2543e-05
1.2513e-05
1.2557e-05
1.2518e-05
1.2531e-05
1.2522e-05
1.2547e-05
1.2514e-05
1.257e-05
1.2514e-05
1.2528e-05
1.2538e-05
1.2519e-05
1.2531e-05
1.2527e-05
1.2534e-05
1.2518e-05
1.2534e-05
1.2512e-05
1.2543e-05
1.2514e-05
1.255e-05
1.2532e-05
1.2538e-05
1.2503e-05
1.2559e-05
1.2522e-05
1.2556e-05
1.2536e-05
1.2563e-05
1.2547e-05
1.2542e-05
1.2518e-05
1.2553e-05
1.2516e-05
1.2541e-05
1.255e-05
1.254e-05
1.2523e-05
1.2536e-05
1.252e-05
1.2524e-05
1.2534e-05
1.2512e-05
1.2538e-05
1.2498e-05
1.2524e-05
1.2526e-05
1.2537e-05
1.2528e-05
2.0412e-05
1.3207e-05
3.2869e-05
1.3234e-05
2.155e-05
2.9995e-05
1.2658e-05
1.2553e-05
1.2578e-05
1.2625e-05
1.2542e-05
1.2615e-05
1.2544e-05
1.2517e-05
1.2549e-05
1.2517e-05
1.2535e-05
1.2565e-05
1.2533e-05
1.2533e-05
1.2516e-05
1.252e-05
1.2521e-05
1.2537e-05
1.2541e-05
1.2559e-05
1.2517e-05
1.2558e-05
1.2498e-05
1.2556e-05
1.2517e-05
1.2544e-05
1.2519e-05
1.2544e-05
1.2512e-05
2.0126e-05
1.2632e-05
1.2587e-05
1.2573e-05
1.2572e-05
1.2563e-05
1.2541e-05
1.2576e-05
1.2547e-05
1.2591e-05
1.2553e-05
1.2571e-05
1.2528e-05
1.2561e-05
1.2514e-05
1.2548e-05
1.254e-05
1.2567e-05
1.2521e-05
1.2538e-05
1.2517e-05
1.254e-05
1.2513e-05
1.2569e-05
1.2545e-05
1.254e-05
1.2536e-05
1.2545e-05
1.2524e-05
1.2561e-05
1.2541e-05
1.2516e-05
1.2526e-05
1.2542e-05
1.2537e-05
1.2533e-05
1.2559e-05
1.2523e-05
1.2569e-05
1.2514e-05
1.2543e-05
1.2519e-05
1.2558e-05
1.252e-05
1.2558e-05
1.2522e-05
1.2558e-05
1.2509e-05
1.2553e-05
1.2515e-05
1.2543e-05
1.2528e-05
1.2559e-05
1.2531e-05
1.2523e-05
1.2521e-05
1.2525e-05
1.2524e-05
1.2531e-05
1.2555e-05
1.2536e-05
1.2544e-05
1.252e-05
1.2547e-05
1.2521e-05
1.2551e-05
1.2521e-05
1.2564e-05
1.2723e-05
1.2597e-05
1.259e-05
1.2573e-05
1.2544e-05
1.2546e-05
1.2557e-05
1.2547e-05
1.2563e-05
1.2506e-05
1.2556e-05
1.251e-05
1.2553e-05
1.251e-05
1.2569e-05
1.2498e-05
1.258e-05
1.252e-05
1.2543e-05
1.251e-05
1.2539e-05
1.2523e-05
1.2549e-05
1.2523e-05
1.2531e-05
1.2511e-05
1.2548e-05
1.2524e-05
1.2546e-05
1.2526e-05
1.2531e-05
1.2522e-05
1.2524e-05
1.2576e-05
1.2524e-05
1.254e-05
1.2566e-05
1.2529e-05
1.252e-05
1.2526e-05
1.2524e-05
1.2536e-05
1.2505e-05
1.2548e-05
1.2513e-05
1.2544e-05
1.2497e-05
1.2549e-05
1.2507e-05
1.2544e-05
1.2509e-05
1.2539e-05
1.2516e-05
1.254e-05
1.2521e-05
1.2539e-05
1.2522e-05
1.2539e-05
1.2529e-05
1.2501e-05
1.8697e-05
1.2627e-05
1.2617e-05
1.2566e-05
1.2586e-05
1.2523e-05
1.2564e-05
1.252e-05
1.2547e-05
1.2531e-05
1.2555e-05
1.2519e-05
1.2535e-05
1.2542e-05
1.2543e-05
1.2546e-05
1.2543e-05
1.2542e-05
1.254e-05
1.2544e-05
1.2529e-05
1.2553e-05
1.2501e-05
1.2525e-05
1.2542e-05
1.255e-05
1.2488e-05
1.2573e-05
1.2525e-05
1.2558e-05
1.2505e-05
1.2558e-05
1.2511e-05
1.2561e-05
1.2525e-05
1.2548e-05
1.2509e-05
1.2556e-05
1.2527e-05
1.2531e-05
1.2501e-05
1.2521e-05
1.2552e-05
1.2542e-05
1.2539e-05
1.2518e-05
1.2537e-05
1.2539e-05
1.2545e-05
1.2526e-05
1.2572e-05
1.2533e-05
1.2561e-05
1.2536e-05
1.2543e-05
1.251e-05
1.2544e-05
1.2501e-05
1.2555e-05
1.2507e-05
1.2533e-05
1.2505e-05
1.2538e-05
1.2525e-05
1.2556e-05
1.2513e-05
1.2552e-05
1.251e-05
1.2544e-05
1.2521e-05
1.2553e-05
1.2542e-05
1.2543e-05
1.2526e-05
1.2554e-05
1.254e-05
1.2534e-05
1.2539e-05
1.2526e-05
1.2537e-05
1.253e-05
1.2545e-05
1.2525e-05
1.2527e-05
1.2538e-05
1.2591e-05
1.2508e-05
1.2527e-05
1.2548e-05
1.2572e-05
1.2527e-05
1.2537e-05
1.2526e-05
1.2552e-05
1.2525e-05
1.2568e-05
1.2496e-05
1.2532e-05
1.2518e-05
1.2521e-05
1.2536e-05
1.2551e-05
1.2512e-05
1.2537e-05
1.2526e-05
1.256e-05
1.2536e-05
1.2544e-05
1.2536e-05
1.253e-05
1.2529e-05
1.2533e-05
1.2535e-05
1.2516e-05
1.2546e-05
1.2532e-05
1.2538e-05
1.2517e-05
1.2556e-05
1.2521e-05
1.253e-05
1.2509e-05
1.255e-05
1.253e-05
1.2554e-05
1.2518e-05
1.2544e-05
1.2512e-05
1.252e-05
1.2517e-05
1.2536e-05
1.2525e-05
1.2556e-05
1.2516e-05
1.253e-05
1.2538e-05
1.2529e-05
1.2535e-05
1.2539e-05
1.2533e-05
1.2515e-05
1.2557e-05
1.2516e-05
1.2567e-05
1.2505e-05
1.2557e-05
1.2525e-05
1.2544e-05
1.2533e-05
1.256e-05
1.2516e-05
1.2558e-05
1.2517e-05
1.2546e-05
1.2492e-05
1.2551e-05
1.2516e-05
1.2552e-05
1.2525e-05
1.2554e-05
1.2522e-05
1.2548e-05
1.2519e-05
1.2553e-05
1.2535e-05
1.2544e-05
1.2538e-05
1.2522e-05
1.2531e-05
1.2538e-05
1.253e-05
1.2539e-05
1.2549e-05
1.2543e-05
1.2519e-05
1.2513e-05
1.2552e-05
1.2499e-05
1.2546e-05
1.2522e-05
1.2551e-05
1.2519e-05
1.2535e-05
1.2516e-05
1.2568e-05
1.2501e-05
1.2545e-05
1.2526e-05
1.2547e-05
1.252e-05
1.2543e-05
1.2532e-05
1.2546e-05
1.253e-05
1.2538e-05
1.254e-05
1.2545e-05
1.2542e-05
1.2516e-05
1.2533e-05
1.2529e-05
1.2538e-05
1.2522e-05
1.255e-05
1.2517e-05
1.2548e-05
1.2509e-05
1.255e-05
1.2533e-05
1.2554e-05
1.2525e-05
1.2536e-05
1.2513e-05
1.2535e-05
1.2527e-05
1.2541e-05
1.2512e-05
1.2565e-05
1.2526e-05
1.2543e-05
1.2529e-05
1.2542e-05
1.252e-05
1.2559e-05
1.2511e-05
1.2541e-05
1.2527e-05
1.2533e-05
1.2533e-05
1.2536e-05
1.2553e-05
1.2525e-05
1.2551e-05
1.2499e-05
1.2553e-05
1.2499e-05
1.254e-05
1.2515e-05
1.2547e-05
1.2502e-05
1.2527e-05
1.2521e-05
1.2548e-05
1.2508e-05
1.2547e-05
1.2516e-05
1.2542e-05
1.2505e-05
1.2535e-05
1.2523e-05
1.2549e-05
1.2504e-05
1.2536e-05
1.257e-05
1.2514e-05
2.0278e-05
1.2644e-05
1.2616e-05
1.2577e-05
1.2585e-05
1.2528e-05
1.2557e-05
1.2509e-05
1.2561e-05
1.2513e-05
1.2545e-05
1.2536e-05
1.2549e-05
1.2532e-05
1.253e-05
1.2536e-05
1.2518e-05
1.2532e-05
1.2522e-05
1.2524e-05
1.2506e-05
1.2536e-05
1.25e-05
1.2542e-05
1.2492e-05
1.2576e-05
1.2516e-05
1.2586e-05
1.2507e-05
1.2559e-05
1.2523e-05
1.2546e-05
1.253e-05
1.255e-05
1.2533e-05
1.2537e-05
1.2533e-05
1.2588e-05
1.2535e-05
1.2522e-05
1.2523e-05
1.2534e-05
1.2547e-05
1.2525e-05
1.2526e-05
1.2538e-05
1.2557e-05
1.2523e-05
1.2549e-05
1.253e-05
1.255e-05
1.252e-05
1.2541e-05
1.2508e-05
1.2554e-05
1.2526e-05
1.2559e-05
1.2525e-05
1.2527e-05
1.2497e-05
1.253e-05
1.2532e-05
1.2549e-05
1.2519e-05
1.2537e-05
1.2525e-05
1.2549e-05
1.2535e-05
1.2556e-05
1.255e-05
1.2543e-05
1.2536e-05
1.2526e-05
1.2537e-05
1.2519e-05
1.2539e-05
1.2539e-05
1.2563e-05
1.2531e-05
1.2537e-05
1.25e-05
1.2564e-05
1.2507e-05
1.255e-05
1.251e-05
1.2558e-05
1.2514e-05
1.2548e-05
1.2518e-05
1.2566e-05
1.2525e-05
1.2549e-05
1.2503e-05
1.2572e-05
1.2531e-05
1.2557e-05
1.2544e-05
1.2533e-05
1.2534e-05
1.2521e-05
1.2552e-05
1.2533e-05
1.2539e-05
1.2528e-05
1.2539e-05
1.2517e-05
1.2541e-05
1.2521e-05
1.2559e-05
1.252e-05
1.2537e-05
1.2507e-05
1.2549e-05
