#time [s]
2.374e-06
2.393e-06
2.291e-06
2.271e-06
2.307e-06
2.309e-06
2.306e-06
2.309e-06
2.314e-06
2.314e-06
2.319e-06
2.313e-06
2.312e-06
2.308e-06
2.307e-06
2.28e-06
2.308e-06
2.312e-06
2.279e-06
2.317e-06
2.316e-06
2.277e-06
2.31e-06
2.31e-06
2.273e-06
2.304e-06
2.309e-06
2.285e-06
2.314e-06
2.317e-06
2.333e-06
2.31e-06
2.313e-06
2.328e-06
2.305e-06
2.307e-06
2.276e-06
2.307e-06
2.314e-06
2.289e-06
2.316e-06
2.315e-06
2.328e-06
2.31e-06
2.309e-06
2.321e-06
2.307e-06
2.311e-06
2.328e-06
2.313e-06
2.337e-06
2.312e-06
2.313e-06
2.326e-06
2.308e-06
2.307e-06
2.323e-06
2.309e-06
2.312e-06
2.33e-06
2.316e-06
2.336e-06
2.312e-06
2.312e-06
2.324e-06
2.307e-06
2.309e-06
2.325e-06
2.311e-06
2.314e-06
2.331e-06
2.316e-06
2.334e-06
2.309e-06
2.309e-06
2.322e-06
2.308e-06
2.309e-06
2.327e-06
2.313e-06
2.317e-06
2.331e-06
2.312e-06
2.332e-06
2.309e-06
2.306e-06
2.322e-06
2.31e-06
2.312e-06
2.329e-06
2.316e-06
2.316e-06
2.329e-06
2.31e-06
2.331e-06
2.306e-06
2.309e-06
2.324e-06
2.313e-06
2.313e-06
2.33e-06
2.315e-06
2.313e-06
2.328e-06
2.308e-06
2.328e-06
2.306e-06
2.31e-06
2.326e-06
2.313e-06
2.316e-06
2.331e-06
2.314e-06
2.313e-06
2.326e-06
2.307e-06
2.328e-06
2.307e-06
2.311e-06
2.327e-06
2.316e-06
2.317e-06
2.33e-06
2.311e-06
2.311e-06
2.323e-06
2.305e-06
2.328e-06
2.308e-06
2.313e-06
2.33e-06
2.317e-06
2.316e-06
2.328e-06
2.309e-06
2.309e-06
2.322e-06
2.307e-06
2.331e-06
2.312e-06
2.315e-06
2.331e-06
2.315e-06
2.312e-06
2.326e-06
2.308e-06
2.307e-06
2.322e-06
2.309e-06
2.334e-06
2.312e-06
2.317e-06
2.331e-06
2.314e-06
2.311e-06
2.324e-06
2.305e-06
2.308e-06
2.325e-06
2.311e-06
2.335e-06
2.315e-06
2.316e-06
2.328e-06
2.312e-06
2.309e-06
2.323e-06
2.306e-06
2.31e-06
2.326e-06
2.312e-06
2.336e-06
2.315e-06
2.314e-06
2.327e-06
2.31e-06
2.309e-06
2.322e-06
2.307e-06
2.311e-06
2.329e-06
2.315e-06
2.337e-06
2.313e-06
2.312e-06
2.325e-06
2.308e-06
2.307e-06
2.324e-06
2.31e-06
2.313e-06
2.33e-06
2.315e-06
2.336e-06
2.312e-06
2.311e-06
2.324e-06
2.307e-06
2.309e-06
2.326e-06
2.31e-06
2.315e-06
2.332e-06
2.316e-06
2.334e-06
2.31e-06
2.31e-06
2.323e-06
2.309e-06
2.31e-06
2.327e-06
2.313e-06
2.315e-06
2.33e-06
2.313e-06
2.332e-06
2.308e-06
2.307e-06
2.323e-06
2.309e-06
2.312e-06
2.329e-06
2.315e-06
2.316e-06
2.328e-06
2.31e-06
2.33e-06
2.306e-06
2.307e-06
2.324e-06
2.312e-06
2.314e-06
2.331e-06
2.316e-06
2.315e-06
2.327e-06
2.307e-06
2.327e-06
2.307e-06
2.309e-06
2.327e-06
2.314e-06
2.315e-06
2.331e-06
2.314e-06
2.313e-06
2.325e-06
2.673e-06
2.435e-06
2.404e-06
2.461e-06
2.399e-06
2.449e-06
2.491e-06
2.32e-06
2.323e-06
2.311e-06
2.309e-06
2.31e-06
2.309e-06
2.313e-06
2.313e-06
2.284e-06
2.312e-06
2.307e-06
2.311e-06
2.306e-06
2.305e-06
2.308e-06
2.31e-06
2.31e-06
2.315e-06
2.315e-06
2.313e-06
2.313e-06
2.308e-06
2.306e-06
2.307e-06
2.307e-06
2.307e-06
2.311e-06
2.313e-06
2.311e-06
2.315e-06
2.314e-06
2.308e-06
2.31e-06
2.305e-06
2.302e-06
2.309e-06
2.313e-06
2.308e-06
2.316e-06
2.315e-06
2.311e-06
2.312e-06
2.308e-06
2.303e-06
2.307e-06
2.309e-06
2.306e-06
2.313e-06
2.314e-06
2.309e-06
2.313e-06
2.311e-06
2.305e-06
2.307e-06
2.306e-06
2.303e-06
2.31e-06
2.309e-06
2.314e-06
2.317e-06
2.31e-06
2.312e-06
2.309e-06
2.305e-06
2.274e-06
2.307e-06
2.311e-06
2.313e-06
2.312e-06
2.312e-06
2.316e-06
2.309e-06
2.306e-06
2.309e-06
2.304e-06
2.305e-06
2.311e-06
2.309e-06
2.309e-06
2.316e-06
2.312e-06
2.309e-06
2.312e-06
2.306e-06
2.304e-06
2.308e-06
2.31e-06
2.306e-06
2.314e-06
2.316e-06
2.31e-06
2.314e-06
2.31e-06
2.303e-06
2.308e-06
2.302e-06
2.303e-06
2.312e-06
2.313e-06
2.31e-06
2.314e-06
2.314e-06
2.307e-06
2.309e-06
2.303e-06
2.305e-06
2.309e-06
2.306e-06
2.313e-06
2.315e-06
2.311e-06
2.283e-06
2.311e-06
2.311e-06
2.309e-06
2.306e-06
2.304e-06
2.311e-06
2.31e-06
2.31e-06
2.317e-06
2.311e-06
2.311e-06
2.31e-06
2.305e-06
2.301e-06
2.308e-06
2.307e-06
2.307e-06
2.314e-06
2.313e-06
2.313e-06
2.314e-06
2.311e-06
2.304e-06
2.306e-06
2.306e-06
2.305e-06
2.312e-06
2.313e-06
2.311e-06
2.316e-06
2.312e-06
2.307e-06
2.309e-06
2.306e-06
2.302e-06
2.309e-06
2.31e-06
2.307e-06
2.316e-06
2.312e-06
2.314e-06
2.312e-06
2.305e-06
2.306e-06
2.306e-06
2.305e-06
2.305e-06
2.312e-06
2.313e-06
2.311e-06
2.314e-06
2.311e-06
2.304e-06
2.308e-06
2.305e-06
2.303e-06
2.31e-06
2.312e-06
2.281e-06
2.312e-06
2.31e-06
2.313e-06
2.31e-06
2.304e-06
2.306e-06
2.307e-06
2.305e-06
2.311e-06
2.314e-06
2.311e-06
2.315e-06
2.308e-06
2.305e-06
2.309e-06
2.307e-06
2.303e-06
2.31e-06
2.311e-06
2.308e-06
2.315e-06
2.31e-06
2.313e-06
2.311e-06
2.305e-06
2.307e-06
2.307e-06
2.305e-06
2.306e-06
2.313e-06
2.316e-06
2.31e-06
2.313e-06
2.311e-06
2.304e-06
2.308e-06
2.306e-06
2.304e-06
2.312e-06
2.312e-06
2.283e-06
2.312e-06
2.31e-06
2.309e-06
2.312e-06
2.307e-06
2.301e-06
2.306e-06
2.31e-06
2.307e-06
2.312e-06
2.316e-06
2.309e-06
2.31e-06
2.308e-06
2.303e-06
2.304e-06
2.307e-06
2.303e-06
2.31e-06
2.314e-06
2.312e-06
2.313e-06
2.313e-06
2.305e-06
2.307e-06
2.305e-06
2.302e-06
2.307e-06
2.311e-06
2.313e-06
2.315e-06
2.314e-06
2.312e-06
2.309e-06
2.309e-06
2.274e-06
2.306e-06
2.302e-06
2.307e-06
2.311e-06
2.314e-06
2.314e-06
2.311e-06
2.311e-06
2.304e-06
2.307e-06
2.305e-06
2.277e-06
2.311e-06
2.309e-06
2.315e-06
2.316e-06
2.308e-06
2.313e-06
2.309e-06
2.307e-06
2.308e-06
2.307e-06
2.305e-06
2.314e-06
2.314e-06
2.311e-06
2.311e-06
2.309e-06
2.305e-06
2.306e-06
2.305e-06
2.303e-06
2.307e-06
2.31e-06
2.309e-06
2.314e-06
2.314e-06
2.306e-06
2.308e-06
2.308e-06
2.3e-06
2.305e-06
2.309e-06
2.307e-06
2.311e-06
2.317e-06
2.309e-06
2.311e-06
2.31e-06
2.308e-06
2.305e-06
2.306e-06
2.309e-06
2.309e-06
2.312e-06
2.284e-06
2.313e-06
2.307e-06
2.307e-06
2.307e-06
2.307e-06
2.306e-06
2.306e-06
2.311e-06
2.308e-06
2.316e-06
2.316e-06
2.282e-06
2.311e-06
2.304e-06
2.302e-06
2.304e-06
2.305e-06
2.309e-06
2.311e-06
2.313e-06
2.316e-06
2.315e-06
2.308e-06
2.305e-06
2.308e-06
2.302e-06
2.276e-06
2.308e-06
2.307e-06
2.311e-06
2.316e-06
2.31e-06
2.31e-06
2.308e-06
2.303e-06
2.304e-06
2.307e-06
2.303e-06
2.31e-06
2.314e-06
2.311e-06
2.313e-06
2.311e-06
2.305e-06
2.307e-06
2.307e-06
2.303e-06
2.307e-06
2.31e-06
2.312e-06
2.314e-06
2.315e-06
2.313e-06
2.31e-06
2.309e-06
2.275e-06
2.305e-06
2.302e-06
2.306e-06
2.311e-06
2.314e-06
2.316e-06
2.312e-06
2.311e-06
2.305e-06
2.308e-06
2.305e-06
2.276e-06
2.309e-06
2.308e-06
2.315e-06
2.315e-06
2.309e-06
2.313e-06
2.31e-06
2.307e-06
2.308e-06
2.306e-06
2.305e-06
2.314e-06
2.314e-06
2.311e-06
2.312e-06
2.312e-06
2.305e-06
2.306e-06
2.306e-06
2.302e-06
2.307e-06
2.309e-06
2.308e-06
2.315e-06
2.314e-06
2.306e-06
2.309e-06
2.308e-06
2.302e-06
2.305e-06
2.308e-06
2.307e-06
2.312e-06
2.316e-06
2.309e-06
2.311e-06
2.309e-06
2.309e-06
2.305e-06
2.305e-06
2.308e-06
2.308e-06
2.312e-06
2.284e-06
2.313e-06
2.307e-06
2.307e-06
2.308e-06
2.307e-06
2.306e-06
2.307e-06
2.31e-06
2.307e-06
2.315e-06
2.315e-06
2.282e-06
2.311e-06
2.303e-06
2.308e-06
2.306e-06
2.303e-06
2.312e-06
2.312e-06
2.315e-06
2.317e-06
2.315e-06
2.307e-06
2.313e-06
2.308e-06
2.301e-06
2.306e-06
2.31e-06
2.307e-06
2.313e-06
2.316e-06
2.31e-06
2.311e-06
2.31e-06
2.303e-06
2.305e-06
2.307e-06
2.303e-06
2.309e-06
2.312e-06
2.315e-06
2.313e-06
2.314e-06
2.306e-06
2.308e-06
2.305e-06
2.302e-06
2.307e-06
2.31e-06
2.314e-06
2.313e-06
2.315e-06
2.313e-06
2.309e-06
2.308e-06
2.275e-06
2.305e-06
2.302e-06
2.31e-06
2.311e-06
2.314e-06
2.315e-06
2.312e-06
2.312e-06
2.277e-06
2.306e-06
2.301e-06
2.302e-06
2.309e-06
2.312e-06
2.314e-06
2.314e-06
2.313e-06
2.312e-06
2.31e-06
2.308e-06
2.274e-06
2.305e-06
2.309e-06
2.313e-06
2.314e-06
2.311e-06
2.317e-06
2.312e-06
2.306e-06
2.306e-06
2.306e-06
2.303e-06
2.308e-06
2.309e-06
2.308e-06
2.314e-06
2.314e-06
2.308e-06
2.309e-06
2.308e-06
2.3e-06
2.304e-06
2.307e-06
2.306e-06
2.312e-06
2.314e-06
2.311e-06
2.312e-06
2.311e-06
2.304e-06
2.305e-06
2.306e-06
2.307e-06
2.308e-06
2.312e-06
2.314e-06
2.315e-06
2.314e-06
2.279e-06
2.308e-06
2.3e-06
2.306e-06
2.306e-06
2.303e-06
2.313e-06
2.314e-06
2.311e-06
8.508e-06
2.358e-06
2.355e-06
2.35e-06
2.34e-06
2.314e-06
2.281e-06
2.314e-06
2.313e-06
2.311e-06
2.309e-06
2.306e-06
2.302e-06
2.305e-06
2.301e-06
2.312e-06
2.312e-06
2.316e-06
2.31e-06
2.311e-06
2.305e-06
2.309e-06
2.296e-06
2.304e-06
2.307e-06
2.302e-06
2.314e-06
2.314e-06
2.306e-06
2.313e-06
2.309e-06
2.309e-06
2.301e-06
2.304e-06
2.305e-06
2.307e-06
2.31e-06
2.312e-06
2.316e-06
2.304e-06
2.307e-06
2.307e-06
2.297e-06
2.307e-06
2.306e-06
2.302e-06
2.313e-06
2.313e-06
2.316e-06
2.309e-06
2.309e-06
2.305e-06
2.303e-06
2.304e-06
2.304e-06
2.311e-06
2.303e-06
2.311e-06
2.312e-06
2.305e-06
2.313e-06
2.307e-06
2.299e-06
2.307e-06
2.306e-06
2.311e-06
2.308e-06
2.311e-06
2.313e-06
2.31e-06
2.31e-06
2.306e-06
2.308e-06
2.297e-06
2.305e-06
2.307e-06
2.303e-06
2.315e-06
2.314e-06
2.304e-06
2.313e-06
2.308e-06
2.308e-06
2.302e-06
2.305e-06
2.306e-06
2.307e-06
2.31e-06
2.311e-06
2.317e-06
2.304e-06
2.307e-06
2.306e-06
2.297e-06
2.307e-06
2.307e-06
2.302e-06
2.313e-06
2.312e-06
2.315e-06
2.309e-06
2.308e-06
2.306e-06
2.303e-06
2.303e-06
2.304e-06
2.311e-06
2.304e-06
2.31e-06
2.313e-06
2.305e-06
2.311e-06
2.307e-06
2.299e-06
2.306e-06
2.307e-06
2.311e-06
2.308e-06
2.311e-06
2.313e-06
2.31e-06
2.309e-06
2.306e-06
2.308e-06
2.297e-06
2.304e-06
2.307e-06
2.302e-06
2.315e-06
2.314e-06
2.305e-06
2.313e-06
2.308e-06
2.309e-06
2.302e-06
2.305e-06
2.306e-06
2.307e-06
2.311e-06
2.311e-06
2.315e-06
2.305e-06
2.307e-06
2.306e-06
2.297e-06
2.308e-06
2.307e-06
2.302e-06
2.314e-06
2.314e-06
2.315e-06
2.308e-06
2.308e-06
2.305e-06
2.302e-06
2.304e-06
2.305e-06
2.311e-06
2.304e-06
2.312e-06
2.313e-06
2.304e-06
2.313e-06
2.307e-06
2.299e-06
2.307e-06
2.306e-06
2.311e-06
2.307e-06
2.312e-06
2.313e-06
2.31e-06
2.31e-06
2.305e-06
2.307e-06
2.297e-06
2.304e-06
2.308e-06
2.303e-06
2.314e-06
2.314e-06
2.305e-06
2.312e-06
2.308e-06
2.308e-06
2.302e-06
2.305e-06
2.306e-06
2.308e-06
2.312e-06
2.312e-06
2.315e-06
2.303e-06
2.307e-06
2.306e-06
2.297e-06
2.308e-06
2.307e-06
2.302e-06
2.314e-06
2.313e-06
2.315e-06
2.308e-06
2.308e-06
2.305e-06
2.302e-06
2.304e-06
