#time [s]
5.996e-06
5.86e-06
5.825e-06
5.817e-06
5.831e-06
5.806e-06
5.812e-06
5.82e-06
5.817e-06
5.813e-06
5.798e-06
5.811e-06
5.804e-06
5.802e-06
5.808e-06
5.783e-06
5.801e-06
5.804e-06
5.792e-06
5.803e-06
5.785e-06
5.812e-06
5.799e-06
5.804e-06
5.827e-06
5.785e-06
5.815e-06
5.796e-06
5.781e-06
5.834e-06
5.836e-06
5.796e-06
5.806e-06
5.8e-06
5.776e-06
5.805e-06
5.809e-06
5.797e-06
5.793e-06
5.829e-06
5.79e-06
5.812e-06
5.794e-06
5.777e-06
5.781e-06
5.843e-06
5.795e-06
5.793e-06
5.781e-06
5.782e-06
5.812e-06
5.807e-06
5.784e-06
5.8e-06
5.836e-06
5.797e-06
5.807e-06
5.788e-06
5.776e-06
5.802e-06
5.848e-06
5.789e-06
5.788e-06
5.782e-06
5.788e-06
5.808e-06
5.8e-06
5.777e-06
5.794e-06
5.842e-06
5.796e-06
5.8e-06
5.782e-06
5.782e-06
5.808e-06
5.803e-06
5.79e-06
5.813e-06
5.788e-06
5.794e-06
5.808e-06
5.794e-06
5.775e-06
5.799e-06
5.847e-06
5.798e-06
5.794e-06
5.783e-06
5.787e-06
5.811e-06
5.791e-06
5.778e-06
5.779e-06
5.84e-06
5.796e-06
5.801e-06
5.788e-06
5.78e-06
5.806e-06
5.847e-06
5.784e-06
5.8e-06
5.79e-06
5.794e-06
5.795e-06
5.785e-06
5.775e-06
5.801e-06
5.846e-06
5.791e-06
5.792e-06
5.785e-06
5.787e-06
5.811e-06
5.842e-06
5.779e-06
5.793e-06
5.797e-06
5.804e-06
5.806e-06
5.779e-06
5.78e-06
5.805e-06
5.846e-06
5.786e-06
5.816e-06
5.791e-06
5.793e-06
5.809e-06
5.834e-06
5.775e-06
5.798e-06
5.806e-06
5.8e-06
5.8e-06
5.788e-06
5.794e-06
5.812e-06
5.842e-06
5.78e-06
5.793e-06
5.794e-06
5.796e-06
5.803e-06
5.829e-06
5.786e-06
5.799e-06
5.801e-06
5.786e-06
5.817e-06
5.79e-06
5.791e-06
5.804e-06
5.835e-06
5.774e-06
5.797e-06
5.802e-06
5.793e-06
5.797e-06
5.826e-06
5.785e-06
5.805e-06
5.797e-06
5.78e-06
5.788e-06
5.799e-06
5.805e-06
5.803e-06
5.829e-06
5.779e-06
5.801e-06
5.802e-06
5.786e-06
5.816e-06
5.831e-06
5.792e-06
5.795e-06
5.79e-06
5.776e-06
5.798e-06
5.806e-06
5.793e-06
5.797e-06
5.826e-06
5.785e-06
5.811e-06
5.798e-06
5.788e-06
5.79e-06
5.795e-06
5.797e-06
5.789e-06
5.83e-06
5.778e-06
5.802e-06
5.809e-06
5.789e-06
5.816e-06
5.83e-06
5.792e-06
5.81e-06
5.792e-06
5.775e-06
5.796e-06
5.796e-06
5.796e-06
5.783e-06
5.826e-06
5.784e-06
5.809e-06
5.805e-06
5.789e-06
5.79e-06
5.837e-06
5.797e-06
5.805e-06
5.785e-06
5.777e-06
5.799e-06
5.8e-06
5.789e-06
5.816e-06
5.83e-06
5.791e-06
5.807e-06
5.794e-06
5.775e-06
5.795e-06
5.844e-06
5.795e-06
5.799e-06
5.782e-06
5.791e-06
5.813e-06
5.796e-06
5.782e-06
5.79e-06
5.837e-06
5.796e-06
5.805e-06
5.786e-06
5.776e-06
5.802e-06
5.848e-06
5.789e-06
5.819e-06
5.789e-06
5.797e-06
5.815e-06
5.799e-06
5.783e-06
5.795e-06
5.843e-06
5.796e-06
5.799e-06
5.781e-06
5.783e-06
5.808e-06
5.844e-06
5.789e-06
5.783e-06
5.79e-06
5.794e-06
5.809e-06
5.793e-06
5.776e-06
5.801e-06
5.847e-06
5.789e-06
5.82e-06
5.785e-06
5.789e-06
5.81e-06
5.839e-06
5.776e-06
5.789e-06
5.797e-06
5.797e-06
5.797e-06
5.787e-06
5.789e-06
5.808e-06
5.846e-06
5.784e-06
5.786e-06
5.791e-06
5.795e-06
5.808e-06
5.789e-06
5.782e-06
5.785e-06
5.848e-06
5.79e-06
5.794e-06
5.816e-06
5.805e-06
5.812e-06
5.804e-06
5.807e-06
5.794e-06
5.805e-06
5.811e-06
5.793e-06
5.819e-06
5.789e-06
5.801e-06
5.799e-06
5.784e-06
5.826e-06
5.785e-06
5.846e-06
5.792e-06
5.832e-06
5.776e-06
5.836e-06
5.803e-06
5.842e-06
5.78e-06
5.816e-06
5.803e-06
5.811e-06
5.812e-06
5.791e-06
5.809e-06
5.804e-06
5.812e-06
5.79e-06
5.776e-06
5.786e-06
5.792e-06
5.8e-06
5.784e-06
5.782e-06
5.782e-06
5.796e-06
5.794e-06
5.789e-06
5.775e-06
5.793e-06
5.795e-06
5.795e-06
5.78e-06
5.804e-06
5.802e-06
5.813e-06
5.805e-06
5.793e-06
5.793e-06
5.804e-06
5.813e-06
5.793e-06
5.776e-06
5.831e-06
5.791e-06
5.802e-06
5.793e-06
5.78e-06
5.782e-06
5.797e-06
5.795e-06
5.787e-06
5.775e-06
5.802e-06
5.795e-06
5.807e-06
5.781e-06
5.816e-06
5.804e-06
5.811e-06
5.808e-06
5.793e-06
5.792e-06
5.819e-06
5.812e-06
5.793e-06
5.778e-06
5.83e-06
5.79e-06
5.848e-06
5.786e-06
5.826e-06
5.801e-06
5.844e-06
5.796e-06
5.835e-06
5.774e-06
5.834e-06
5.795e-06
5.798e-06
5.822e-06
5.79e-06
5.815e-06
5.81e-06
5.809e-06
5.794e-06
5.792e-06
5.803e-06
5.796e-06
5.796e-06
5.778e-06
5.781e-06
5.833e-06
5.8e-06
5.786e-06
5.784e-06
5.788e-06
5.795e-06
5.796e-06
5.834e-06
5.775e-06
5.834e-06
5.793e-06
5.834e-06
5.801e-06
5.776e-06
5.803e-06
5.801e-06
5.807e-06
5.797e-06
5.799e-06
5.8e-06
5.804e-06
5.794e-06
5.779e-06
5.782e-06
5.789e-06
5.801e-06
5.786e-06
5.78e-06
5.78e-06
5.796e-06
5.797e-06
5.789e-06
5.776e-06
5.785e-06
5.792e-06
5.834e-06
5.801e-06
5.785e-06
5.794e-06
5.836e-06
5.808e-06
5.795e-06
5.791e-06
5.786e-06
5.797e-06
5.841e-06
5.779e-06
5.782e-06
5.788e-06
5.849e-06
5.789e-06
5.829e-06
5.779e-06
5.795e-06
5.804e-06
5.791e-06
5.776e-06
5.785e-06
5.812e-06
5.835e-06
5.802e-06
5.804e-06
5.8e-06
5.805e-06
5.81e-06
5.812e-06
5.791e-06
5.788e-06
5.796e-06
5.798e-06
5.78e-06
5.785e-06
5.786e-06
5.801e-06
5.789e-06
5.829e-06
5.78e-06
5.84e-06
5.816e-06
5.838e-06
5.777e-06
5.83e-06
5.833e-06
5.802e-06
5.804e-06
5.781e-06
5.801e-06
5.811e-06
5.817e-06
5.799e-06
5.775e-06
5.788e-06
5.795e-06
5.795e-06
5.781e-06
5.779e-06
5.786e-06
5.815e-06
5.79e-06
5.783e-06
5.777e-06
5.79e-06
5.797e-06
5.795e-06
5.785e-06
5.818e-06
5.79e-06
5.8e-06
5.786e-06
5.826e-06
5.782e-06
5.844e-06
5.794e-06
5.835e-06
5.783e-06
5.835e-06
5.814e-06
5.844e-06
5.782e-06
5.826e-06
5.794e-06
5.801e-06
5.792e-06
5.784e-06
5.784e-06
5.791e-06
5.796e-06
5.787e-06
5.778e-06
5.82e-06
5.808e-06
5.808e-06
5.803e-06
5.789e-06
5.796e-06
5.807e-06
5.81e-06
5.791e-06
5.783e-06
5.787e-06
5.794e-06
5.793e-06
5.789e-06
5.826e-06
5.792e-06
5.848e-06
5.81e-06
5.831e-06
5.776e-06
5.838e-06
5.804e-06
5.84e-06
5.777e-06
5.819e-06
5.807e-06
5.81e-06
5.816e-06
5.79e-06
5.796e-06
5.807e-06
5.812e-06
5.789e-06
5.774e-06
5.781e-06
5.794e-06
5.812e-06
5.791e-06
5.778e-06
5.785e-06
5.804e-06
5.792e-06
5.788e-06
5.776e-06
5.79e-06
5.795e-06
5.841e-06
5.819e-06
5.83e-06
5.788e-06
5.848e-06
5.787e-06
5.828e-06
5.78e-06
5.841e-06
5.839e-06
5.836e-06
5.775e-06
5.787e-06
5.801e-06
5.799e-06
5.783e-06
5.779e-06
5.791e-06
5.799e-06
5.793e-06
5.784e-06
5.775e-06
5.79e-06
5.796e-06
5.793e-06
5.819e-06
5.78e-06
5.788e-06
5.8e-06
5.804e-06
5.789e-06
5.779e-06
5.794e-06
5.804e-06
5.838e-06
5.775e-06
5.832e-06
5.791e-06
5.847e-06
5.785e-06
5.826e-06
5.784e-06
5.845e-06
5.801e-06
5.832e-06
5.777e-06
5.79e-06
5.796e-06
5.815e-06
5.819e-06
5.782e-06
5.787e-06
5.802e-06
5.789e-06
5.781e-06
5.778e-06
5.797e-06
5.796e-06
5.791e-06
5.775e-06
5.783e-06
5.791e-06
5.802e-06
5.793e-06
5.779e-06
5.781e-06
5.845e-06
5.794e-06
5.8e-06
5.775e-06
5.835e-06
5.796e-06
5.798e-06
5.82e-06
5.826e-06
5.786e-06
5.802e-06
5.79e-06
5.829e-06
5.784e-06
5.794e-06
5.798e-06
5.792e-06
5.784e-06
5.784e-06
5.791e-06
5.795e-06
5.83e-06
5.779e-06
5.781e-06
5.795e-06
5.794e-06
5.791e-06
5.775e-06
5.786e-06
5.794e-06
5.803e-06
5.821e-06
5.78e-06
5.786e-06
5.848e-06
5.799e-06
5.83e-06
5.784e-06
5.839e-06
5.796e-06
5.84e-06
5.802e-06
5.83e-06
5.791e-06
5.848e-06
5.787e-06
5.782e-06
5.788e-06
5.796e-06
5.797e-06
5.789e-06
5.775e-06
5.786e-06
5.794e-06
5.798e-06
5.822e-06
5.779e-06
5.785e-06
5.799e-06
5.792e-06
5.801e-06
5.776e-06
5.79e-06
5.804e-06
5.798e-06
5.779e-06
5.782e-06
5.79e-06
5.848e-06
5.788e-06
5.828e-06
5.781e-06
5.843e-06
5.804e-06
5.837e-06
5.775e-06
5.833e-06
5.801e-06
5.845e-06
5.822e-06
5.792e-06
5.793e-06
5.799e-06
5.792e-06
5.785e-06
5.776e-06
5.79e-06
5.796e-06
5.793e-06
5.785e-06
5.781e-06
5.788e-06
5.8e-06
5.788e-06
5.78e-06
5.779e-06
5.797e-06
5.804e-06
5.79e-06
5.789e-06
5.833e-06
5.792e-06
5.847e-06
5.823e-06
5.826e-06
5.784e-06
5.846e-06
5.792e-06
5.786e-06
1.5924e-05
5.933e-06
5.835e-06
5.79e-06
5.808e-06
5.811e-06
5.808e-06
5.808e-06
5.783e-06
5.817e-06
5.827e-06
5.805e-06
5.795e-06
5.808e-06
5.82e-06
5.827e-06
5.789e-06
5.797e-06
5.8e-06
5.813e-06
5.799e-06
5.796e-06
5.795e-06
5.803e-06
5.796e-06
5.806e-06
5.793e-06
5.778e-06
5.797e-06
5.795e-06
5.8e-06
5.785e-06
5.777e-06
5.792e-06
5.814e-06
5.792e-06
5.814e-06
5.796e-06
5.8e-06
5.818e-06
5.808e-06
5.812e-06
5.792e-06
5.802e-06
5.821e-06
5.821e-06
5.781e-06
5.784e-06
5.794e-06
5.805e-06
5.788e-06
5.776e-06
5.785e-06
5.795e-06
5.796e-06
5.83e-06
5.779e-06
5.795e-06
5.806e-06
5.81e-06
5.784e-06
5.778e-06
5.794e-06
5.791e-06
5.783e-06
5.794e-06
5.774e-06
5.798e-06
5.802e-06
5.792e-06
5.77e-06
5.775e-06
5.807e-06
5.79e-06
5.789e-06
5.799e-06
5.799e-06
5.809e-06
5.823e-06
5.801e-06
5.773e-06
5.814e-06
5.812e-06
5.798e-06
5.796e-06
5.79e-06
5.79e-06
5.804e-06
5.797e-06
5.786e-06
5.795e-06
5.787e-06
5.805e-06
5.796e-06
5.817e-06
5.786e-06
5.79e-06
5.814e-06
5.785e-06
5.783e-06
5.778e-06
5.797e-06
5.803e-06
5.782e-06
5.788e-06
5.787e-06
5.816e-06
5.797e-06
5.782e-06
5.779e-06
5.836e-06
5.847e-06
5.797e-06
5.798e-06
5.787e-06
5.804e-06
5.811e-06
5.804e-06
5.78e-06
5.786e-06
5.81e-06
5.808e-06
5.793e-06
5.773e-06
5.78e-06
5.808e-06
5.802e-06
5.79e-06
5.78e-06
5.794e-06
5.797e-06
5.802e-06
5.795e-06
5.771e-06
5.78e-06
5.791e-06
5.796e-06
5.804e-06
5.784e-06
5.791e-06
5.818e-06
5.792e-06
5.792e-06
5.794e-06
5.787e-06
5.806e-06
5.804e-06
5.793e-06
5.784e-06
5.79e-06
5.795e-06
5.792e-06
5.782e-06
5.788e-06
5.798e-06
5.812e-06
5.783e-06
5.78e-06
5.789e-06
5.8e-06
5.798e-06
5.797e-06
5.791e-06
5.797e-06
5.793e-06
5.802e-06
5.766e-06
5.782e-06
5.787e-06
5.803e-06
5.794e-06
5.788e-06
5.782e-06
5.797e-06
5.795e-06
5.79e-06
5.78e-06
5.782e-06
5.79e-06
5.79e-06
5.793e-06
5.784e-06
5.791e-06
5.799e-06
5.799e-06
5.791e-06
5.784e-06
5.794e-06
5.804e-06
5.8e-06
5.795e-06
5.792e-06
5.803e-06
5.823e-06
5.791e-06
5.785e-06
5.793e-06
5.803e-06
5.804e-06
5.787e-06
5.771e-06
5.798e-06
5.785e-06
5.816e-06
5.781e-06
5.794e-06
5.775e-06
5.803e-06
5.792e-06
5.781e-06
5.773e-06
5.781e-06
5.805e-06
5.801e-06
5.799e-06
5.785e-06
5.785e-06
5.826e-06
5.809e-06
5.792e-06
5.795e-06
5.801e-06
5.795e-06
5.801e-06
5.796e-06
5.794e-06
5.788e-06
5.794e-06
5.783e-06
5.773e-06
5.779e-06
5.79e-06
5.792e-06
5.8e-06
5.772e-06
5.78e-06
5.79e-06
5.791e-06
5.78e-06
5.772e-06
5.782e-06
5.826e-06
5.789e-06
5.776e-06
5.773e-06
5.8e-06
5.794e-06
5.787e-06
5.793e-06
