#time [s]
0.000903515
0.000886306
0.000896783
0.000890867
0.000889187
0.000888521
0.00090047
0.000907232
0.000890482
0.000887901
0.000893805
0.000890387
0.00090065
0.000890444
0.000982104
0.000911583
0.000952163
0.000933448
0.000913243
0.000892346
0.000909256
0.000895232
0.000889795
0.000888465
0.000894776
0.000894196
0.000893693
0.000885804
0.000887038
0.000900246
0.000918204
0.000895381
0.000892813
0.000922948
0.000935242
0.000888899
0.000912808
0.000899861
0.000888663
0.000896257
0.000891292
0.000887396
0.000887403
0.000899522
0.00091004
0.00089195
0.000890038
0.000889854
0.000887114
0.000885925
0.000901128
0.000888859
0.000968404
0.000902893
0.000891203
0.000899406
0.000889873
0.000896146
0.000887893
0.000894455
0.000895658
0.000908907
0.000889224
0.000889116
0.000890977
0.000889037
0.000935138
0.000885845
0.000887402
0.000915898
0.000887751
0.000909837
0.000889663
0.000891003
0.000889806
0.00088581
0.000894298
0.000887148
0.000888664
0.000888868
0.000904715
0.000891325
0.000889842
0.000912044
0.000886967
0.000900303
0.000889189
0.001156721
0.001740156
0.00145137
0.000913527
0.000886056
0.000887003
0.000887733
0.000897511
0.000898009
0.000895342
0.000888512
0.000891959
0.000888522
0.000904252
0.000897446
0.000893637
0.000887359
0.000888689
0.000895951
0.000980734
0.000893584
0.000885702
0.000885995
0.000906562
0.000897178
0.000888729
0.000889763
0.00089114
0.000891304
0.000902028
0.000888026
0.000889612
0.000890328
0.000887887
0.000897928
0.00088923
0.000887394
0.000887421
0.000920974
0.000895616
0.000913377
0.000888308
0.000891986
0.000888587
0.000889976
0.000891028
0.000894116
0.000887257
0.000899891
0.000887632
0.000892072
0.000894685
0.000889664
0.000898976
0.000885867
0.000886737
0.0009376
0.000899324
0.000894623
0.000889764
0.000905414
0.000897859
0.000890058
0.000887334
0.000887385
0.000902688
0.000890301
0.000889935
0.000891325
0.000887949
0.000903704
0.000895716
0.000898782
0.000895414
0.000899405
0.00093593
0.00088825
0.000903762
0.000898454
0.000897312
0.000895428
0.000889119
0.000905103
0.000887936
0.000887943
0.000889182
0.000901226
0.000889357
0.00088916
0.000891067
0.000963485
0.000888059
0.000895802
0.000941741
0.000917113
0.000894078
0.000889133
0.000887363
0.000907247
0.000895252
0.000889662
0.000891092
0.000889816
0.00090089
0.000891156
0.000887954
0.000887961
0.000899912
0.00089048
0.000889127
0.000985916
0.000899795
0.000890249
0.00088903
0.000889075
0.00089036
0.000902786
0.00089366
0.000896111
0.000890338
0.000895231
0.000895409
0.000900713
0.00088794
0.000887901
0.000889151
0.00095315
0.00090778
0.000887261
0.00088691
0.000891823
0.000894843
0.000903063
0.000895198
0.000887957
0.000887833
0.000889144
0.000904755
0.00089538
0.000895976
0.000890314
0.000887839
0.000897752
0.000918577
0.000896434
0.000889106
0.000906387
0.000890617
0.000899226
0.000887996
0.000895873
0.000906365
0.000889148
0.000892959
0.00089025
0.000909306
0.000894251
0.000895577
0.000894986
0.000887878
0.000898198
0.000889289
0.000887341
0.000887279
0.000930722
0.000892315
0.000902579
0.000901867
0.000895281
0.00089289
0.000891387
0.000888069
0.000907418
0.000887611
0.00089029
0.000887799
0.0008971
0.000901105
0.00089136
0.000889942
0.00088573
0.000896847
0.000887186
0.000935715
0.000906072
0.000897522
0.000892745
0.000894688
0.00089582
0.000889805
0.000887294
0.000901575
0.000893205
0.000895439
0.000887294
0.000887305
0.000900314
0.000889781
0.000888506
0.000888485
0.000980892
0.000917848
0.000894453
0.000885842
0.00088595
0.000890898
0.000896808
0.000893
0.000893796
0.00089111
0.000889786
0.000893912
0.0008994
0.000885875
0.000887007
0.000887844
0.000888842
0.000913719
0.000888554
0.000888471
0.000889622
0.000898804
0.000898484
0.000927886
0.00089112
0.000885777
0.00089517
0.000887027
0.000892653
0.000888551
0.000889711
0.000891282
0.000889804
0.00088589
0.000887074
0.000896531
0.000887883
0.000893545
0.000908567
0.000919418
0.00088774
0.000888933
0.000911949
0.000891253
0.000899688
0.000889989
0.00088707
0.00088583
0.000887893
0.00090157
0.00088871
0.000889708
0.000888459
0.000890815
0.000900329
0.000893453
0.000887356
0.000894756
0.000946362
0.000908478
0.000914629
0.000887998
0.000889515
0.000906119
0.000893103
0.000887871
0.00089525
0.000896425
0.000903138
0.000889248
0.000897111
0.000887942
0.000903982
0.000895205
0.000890745
0.000888995
0.000937496
0.000885908
0.000888262
0.000903864
0.000887517
0.000899101
0.000894029
0.00088738
0.000887398
0.000910289
0.000896979
0.000891124
0.000889721
0.000901227
0.000891196
0.000889993
0.000892659
0.00089706
0.00088598
0.003246457
0.000888258
0.000895138
0.000893881
0.00088854
0.000888459
0.000891953
0.000901364
0.00088757
0.000888668
0.000889703
0.000888409
0.000898769
0.000890241
0.000887455
0.000917296
0.000886004
0.000895591
0.00089984
0.000894229
0.000894863
0.000889733
0.000896388
0.000887484
0.000888578
0.000889707
0.000891048
0.00090498
0.000885902
0.00088582
0.000887549
0.000893909
0.000901115
0.000903733
0.000894927
0.000887415
0.000889081
0.000901023
0.000900671
0.000896398
0.000896224
0.000904797
0.000893827
0.000924081
0.000886081
0.000885893
0.000887603
0.000887693
0.000889008
0.000889833
0.000902724
0.000890029
0.000889845
0.000885726
0.00092762
0.000887076
0.000888682
0.00090091
0.000900184
0.000888503
0.000894472
0.000896036
0.000894006
0.000901021
0.00089478
0.000890131
0.000888444
0.000899047
0.000889867
0.000887331
0.000890671
0.000898832
0.000889864
0.000900821
0.000915517
0.00089874
0.000891189
0.000889777
0.000889848
0.000899335
0.000885906
0.000887147
0.000887708
0.000906251
0.000896567
0.000891087
0.00088969
0.000895245
0.000885952
0.000887114
0.000904669
0.000897135
0.000894605
0.000887439
0.000887823
0.000888856
0.00090691
0.000891157
0.000889803
0.000886842
0.000897956
0.000887201
0.000894244
0.000894863
0.000889778
0.000901401
0.000890019
0.000935384
0.00088685
0.000896738
0.00088723
0.00088782
0.000888574
0.000889735
0.000887738
0.000893133
0.000895085
0.000889656
0.000898881
0.000888639
0.000897719
0.000893339
0.000897008
0.00090618
0.000886029
0.000896683
0.000887183
0.000996552
0.000895133
0.000894064
0.000891136
0.000902351
0.000888095
0.000889236
0.000890352
0.000895311
0.000899352
0.000894546
0.000889236
0.000895184
0.000901143
0.00094702
0.000908892
0.000931217
0.000911473
0.000888852
0.000889797
0.000891087
0.000895779
0.000909407
0.000888026
0.000889512
0.000890249
0.000895616
0.00090287
0.000890374
0.000887919
0.000887964
0.000924484
0.000895184
0.000902833
0.000887095
0.000893504
0.000888622
0.000899132
0.000891443
0.000893856
0.000885845
0.000885813
0.000899992
0.000887884
0.000888578
0.000889773
0.00089952
0.000888504
0.000889658
0.001263437
0.002678636
0.00090262
0.00088794
0.00088787
0.000889576
0.000890502
0.000898668
0.000889142
0.000890546
0.000889031
0.000894877
0.000905953
0.000887955
0.000887924
0.0008891
0.000890437
0.000899221
0.000926664
0.000885915
0.000886892
0.000892801
0.000905704
0.00089994
0.000889874
0.000887415
0.000896552
0.000888676
0.000889743
0.00089099
0.000889794
0.000904461
0.000887378
0.000885881
0.000890856
0.000897184
0.000888643
0.000889741
0.000890933
0.000918543
0.000906479
0.000886419
0.000898168
0.000888141
0.000895119
0.000887445
0.000886125
0.000885934
0.000902577
0.000888106
0.000888788
0.00088985
0.000898457
0.000888608
0.000890125
0.000890944
0.000891047
0.00089997
0.00093441
0.000888095
0.000899455
0.000898424
0.000890521
0.000887897
0.000887937
0.000903441
0.000890681
0.000889009
0.000894877
0.000901012
0.000889331
0.000891831
0.000900329
0.00090119
0.000888035
0.000889666
0.000891184
0.000913496
0.00089568
0.000888788
0.000889261
0.000890109
0.000902983
0.000888645
0.000889751
0.000891343
0.000897687
0.000888002
0.000889089
0.000887331
0.000896984
0.000894645
0.000889675
0.000929564
0.000902116
0.000899839
0.000885891
0.000885775
0.000887056
0.000904853
0.000896911
0.000895898
0.000891029
0.0009064
0.00088991
0.000891136
0.000887855
0.000887911
0.000899492
0.00090251
0.000902409
0.000887932
0.000898709
0.000890993
0.000889082
0.000885743
0.000885858
0.000898486
0.000885984
0.000887055
0.000887764
0.000898536
0.000890207
0.000893763
0.000897918
0.000887931
0.000923788
0.000885961
0.000896924
0.000887255
0.000900996
0.000894519
0.000896471
0.000893799
0.000901106
0.000888705
0.000889851
0.000895385
0.000889784
0.000896506
0.000885862
0.000887134
0.000888757
0.000900752
0.000935737
0.000891179
0.000905631
0.000903059
0.000885892
0.000885794
0.000887191
0.000888203
0.00090221
0.000889769
0.000888503
0.000888515
0.000903876
0.000886265
0.000886095
0.000885945
0.000925516
0.001184749
0.000919897
0.000935309
0.000933825
0.000916068
0.000928659
0.000927666
0.000955191
0.00094717
0.000950389
0.000938676
0.000973458
0.001007219
0.000993458
0.001008978
0.001010459
0.001016574
0.001000827
0.001004037
0.00099343
0.000994405
0.00100469
0.001004331
0.0009998
0.000917674
0.00088752
0.000890352
0.000891527
0.000898582
0.000890037
0.000891038
0.000894289
0.000889738
0.000919984
0.000887182
0.000915426
0.000892488
0.000897549
0.00089657
0.000894944
0.000895233
0.000887255
0.000899141
0.000891013
0.000891191
0.000888744
0.000907092
0.000901903
0.000893869
0.000893832
0.000904405
0.001050745
0.000888124
0.000899765
0.000891722
0.000895897
0.000887998
0.000891483
0.000894725
0.000895033
0.000889753
0.000909024
0.000888031
0.000893988
0.000895425
0.000890963
0.000895663
0.000895485
0.000902302
0.000929423
0.000888057
0.000900866
0.000896533
0.000889223
0.000899386
0.000891296
0.000889194
0.000895989
0.000894174
0.000914506
0.000887985
0.000894933
0.000896893
0.000887908
0.000887858
0.000900041
0.000911505
0.00088902
0.000886826
0.000899838
0.000896842
0.000888698
0.000889676
0.000888407
0.000888547
0.000911221
0.000887555
0.000887487
0.000895668
0.00088978
0.000888902
0.000888506
0.000894187
0.000894369
0.000904538
0.000945356
0.000932306
0.000903022
0.000900917
0.000901432
0.000895181
0.000901267
0.000908514
0.000911063
0.000898992
0.000892068
0.0008917
0.00090073
0.00091624
0.000891617
0.000896813
0.000891664
0.00089152
0.000889048
0.000886072
0.000922462
0.000888083
0.000903635
0.000890024
0.000888609
0.000888528
0.000911285
0.000891178
0.000889887
0.000889875
0.000885787
0.000896304
0.000887142
0.000894372
0.000888652
0.000899817
0.000906006
0.000885992
0.000897731
0.000901123
0.000894446
0.000895542
0.000893697
0.00088755
0.00089485
0.00089483
0.000894304
0.000891092
0.000900446
0.000889879
0.000886883
0.000887009
0.000896446
0.000891906
0.000921736
0.00089067
0.000894615
0.00088592
0.000887072
0.000888737
0.000908862
0.000889907
0.00088861
0.000888583
0.000900541
0.00088765
0.000887473
0.000888599
0.000900848
0.000891121
0.000893555
0.000905151
0.000896405
0.000894675
0.000891469
0.000892588
0.000891497
0.000908028
0.000888684
0.000888564
0.00088964
0.000902093
0.000889827
0.000885787
0.000885912
0.000886847
0.000897458
0.000889036
0.00092137
0.000903491
0.000900034
0.000889891
0.000894434
0.000890792
0.000890228
0.000905461
0.000896778
0.000889077
0.000889147
0.000948707
0.000894277
0.000890606
0.000889707
0.000890603
0.000889506
0.00129855
0.000898212
0.000885664
0.000895377
0.00088744
0.000888176
0.000889084
0.000890168
0.0008869
0.000888129
0.000889695
0.000894061
0.000894198
0.000889258
0.000887883
0.000887932
0.000889537
0.000926302
0.000894861
0.000897706
0.000887948
0.000886959
0.000894537
0.000889156
0.000894018
0.000896391
0.000887504
0.000888666
0.000886927
0.000886947
0.000888284
0.000903963
0.000894803
0.000894028
0.000891804
0.000923837
0.000888076
0.000899606
0.00089045
0.000885424
0.000895949
0.000887611
0.000896241
0.000894132
0.000889148
0.000890339
0.00088543
0.000885453
0.000886875
0.000887412
0.000888351
0.000895232
0.000894001
0.000898065
0.000889355
0.000887026
0.000903513
0.000894854
0.000895878
0.000886804
0.000887315
0.000887941
0.00089833
0.000887983
0.000887946
0.000895897
0.000906678
0.000887005
0.000888184
0.000897056
0.000894226
