#time [s]
2.0241e-05
2.0218e-05
2.0189e-05
2.0114e-05
2.014e-05
2.0157e-05
2.0125e-05
2.0111e-05
2.0146e-05
2.0143e-05
2.0123e-05
2.0163e-05
2.017e-05
2.0133e-05
2.016e-05
2.0157e-05
2.0118e-05
2.0152e-05
2.015e-05
2.0133e-05
2.0134e-05
2.0164e-05
2.0126e-05
2.0134e-05
2.0151e-05
2.0144e-05
2.0123e-05
2.0163e-05
2.0137e-05
2.0116e-05
2.0158e-05
2.0141e-05
2.0132e-05
2.0172e-05
2.0162e-05
2.0122e-05
2.0146e-05
2.0149e-05
2.0139e-05
2.0124e-05
2.0164e-05
2.0134e-05
2.0135e-05
2.015e-05
2.0151e-05
2.0116e-05
2.0158e-05
2.0146e-05
2.0133e-05
2.014e-05
2.0163e-05
2.0122e-05
2.0145e-05
2.0148e-05
2.014e-05
2.0123e-05
2.0164e-05
2.0135e-05
2.0134e-05
2.015e-05
2.0147e-05
2.0125e-05
2.0157e-05
2.0147e-05
2.0132e-05
2.0139e-05
2.0163e-05
2.0124e-05
2.0144e-05
2.0156e-05
2.014e-05
2.0121e-05
2.0165e-05
2.0135e-05
2.0134e-05
2.015e-05
2.0152e-05
2.0123e-05
2.0157e-05
2.0157e-05
2.0133e-05
2.0171e-05
2.0163e-05
2.0123e-05
2.0142e-05
2.0156e-05
2.0141e-05
2.012e-05
2.0165e-05
2.0135e-05
2.0133e-05
2.0148e-05
2.0153e-05
2.0123e-05
2.0154e-05
2.0143e-05
2.0133e-05
2.0137e-05
2.0163e-05
2.0126e-05
2.0142e-05
2.0154e-05
2.014e-05
2.012e-05
2.0163e-05
2.0137e-05
2.0133e-05
2.0149e-05
2.0155e-05
2.0123e-05
2.0153e-05
2.0144e-05
2.0132e-05
2.0136e-05
2.0164e-05
2.0126e-05
2.0141e-05
2.0157e-05
2.0142e-05
2.0119e-05
2.0164e-05
2.0137e-05
2.0134e-05
2.0147e-05
2.0131e-05
2.0116e-05
2.0154e-05
2.0144e-05
2.0135e-05
2.0134e-05
2.0166e-05
2.0133e-05
2.0141e-05
2.0149e-05
2.0146e-05
2.0139e-05
2.0164e-05
2.0136e-05
2.0135e-05
2.0153e-05
2.0157e-05
2.0116e-05
2.0152e-05
2.0146e-05
2.0136e-05
2.0132e-05
2.0165e-05
2.0134e-05
2.014e-05
2.0147e-05
2.0146e-05
2.0126e-05
2.0163e-05
2.0141e-05
2.0133e-05
2.0131e-05
2.0146e-05
2.0134e-05
2.0138e-05
2.0153e-05
2.0122e-05
2.0145e-05
2.0152e-05
2.0114e-05
2.0124e-05
2.0166e-05
2.0132e-05
2.0134e-05
2.0148e-05
2.0153e-05
2.0119e-05
2.0156e-05
2.0145e-05
2.0134e-05
2.0136e-05
2.0164e-05
2.0122e-05
2.0145e-05
2.0151e-05
2.0141e-05
2.0123e-05
2.0165e-05
2.0134e-05
2.0134e-05
2.0146e-05
2.0143e-05
2.0132e-05
2.0138e-05
2.0162e-05
2.0117e-05
2.015e-05
2.0152e-05
2.0138e-05
2.0129e-05
2.0166e-05
2.0127e-05
2.0363e-05
2.0165e-05
2.0185e-05
2.0131e-05
2.0106e-05
2.0152e-05
2.0148e-05
2.0136e-05
2.0168e-05
2.0173e-05
2.0128e-05
2.0167e-05
2.0162e-05
2.0149e-05
2.8723e-05
2.2521e-05
4.4498e-05
2.1472e-05
2.0161e-05
2.0147e-05
2.0147e-05
2.0161e-05
2.0155e-05
2.0107e-05
2.0158e-05
2.0155e-05
2.0134e-05
2.0161e-05
2.0161e-05
2.0125e-05
2.0149e-05
2.0157e-05
2.0137e-05
2.0113e-05
2.018e-05
2.0141e-05
2.0136e-05
2.014e-05
2.0151e-05
2.0101e-05
2.0159e-05
2.0126e-05
2.0128e-05
2.0152e-05
2.0156e-05
2.0111e-05
2.0141e-05
2.0164e-05
2.0128e-05
2.0126e-05
2.0154e-05
2.0143e-05
2.0125e-05
2.0162e-05
2.0142e-05
2.0132e-05
2.0149e-05
2.0156e-05
2.0123e-05
2.0152e-05
2.0153e-05
2.0133e-05
2.0136e-05
2.0162e-05
2.0129e-05
2.0138e-05
2.0154e-05
2.0122e-05
2.0133e-05
2.0161e-05
2.015e-05
2.0131e-05
2.0157e-05
2.0156e-05
2.0131e-05
2.015e-05
2.0161e-05
2.0129e-05
2.0144e-05
2.0163e-05
2.0137e-05
2.013e-05
2.0162e-05
2.0164e-05
2.0117e-05
2.0144e-05
2.0152e-05
2.0117e-05
2.0156e-05
2.0152e-05
2.0137e-05
2.0159e-05
2.0167e-05
2.0119e-05
2.0143e-05
2.0155e-05
2.0145e-05
2.0133e-05
2.017e-05
2.0141e-05
2.0131e-05
2.0146e-05
2.015e-05
2.0125e-05
2.0161e-05
2.0153e-05
2.0138e-05
2.0133e-05
3.2573e-05
2.0309e-05
2.0184e-05
2.0146e-05
2.0172e-05
2.016e-05
2.0128e-05
2.0161e-05
2.0119e-05
2.0141e-05
2.015e-05
2.0154e-05
2.0127e-05
2.0149e-05
2.0162e-05
2.0136e-05
2.0142e-05
2.0164e-05
2.0146e-05
2.0139e-05
2.0183e-05
2.0153e-05
2.0129e-05
2.0139e-05
2.0157e-05
2.0132e-05
2.0147e-05
2.0169e-05
2.0132e-05
2.0138e-05
2.0168e-05
2.0135e-05
2.0128e-05
2.0171e-05
2.0146e-05
2.0139e-05
2.0152e-05
2.0157e-05
2.0124e-05
2.017e-05
2.0157e-05
2.014e-05
2.0145e-05
2.0169e-05
2.0129e-05
2.0142e-05
2.0162e-05
2.0147e-05
2.0146e-05
2.0193e-05
2.0136e-05
2.0123e-05
2.0152e-05
2.0154e-05
2.0129e-05
2.015e-05
2.0152e-05
2.0124e-05
2.0133e-05
2.0174e-05
2.0127e-05
2.0148e-05
2.0153e-05
2.0134e-05
2.0126e-05
2.0134e-05
2.0142e-05
2.0118e-05
2.015e-05
2.0168e-05
2.0123e-05
2.0142e-05
2.0148e-05
2.0144e-05
2.0133e-05
2.0173e-05
2.0127e-05
2.0129e-05
2.0151e-05
2.0127e-05
2.0126e-05
2.0171e-05
2.0142e-05
2.0141e-05
2.0149e-05
2.0148e-05
2.0124e-05
2.0162e-05
2.0149e-05
2.0144e-05
2.0133e-05
2.0155e-05
2.0126e-05
2.0122e-05
2.0157e-05
2.013e-05
2.0125e-05
2.017e-05
2.0143e-05
2.0122e-05
2.6499e-05
2.029e-05
2.0193e-05
2.0156e-05
2.0192e-05
2.015e-05
2.0124e-05
2.0155e-05
2.017e-05
2.0128e-05
2.0147e-05
2.0173e-05
2.0154e-05
2.0129e-05
2.0136e-05
2.0153e-05
2.0144e-05
2.0156e-05
2.0147e-05
2.0143e-05
2.0162e-05
2.0159e-05
2.0101e-05
2.0142e-05
2.0156e-05
2.0127e-05
2.0165e-05
2.0142e-05
2.0154e-05
2.0131e-05
2.0186e-05
2.0139e-05
2.0102e-05
2.0154e-05
2.0177e-05
2.0142e-05
2.0131e-05
2.0132e-05
2.0101e-05
2.0144e-05
2.0184e-05
2.0143e-05
2.0116e-05
2.0175e-05
2.0151e-05
2.0147e-05
2.0158e-05
2.0157e-05
2.0146e-05
2.0186e-05
2.0164e-05
2.0121e-05
2.0166e-05
2.0153e-05
2.0144e-05
2.0116e-05
2.0174e-05
2.0162e-05
2.0116e-05
2.0134e-05
2.0134e-05
2.0131e-05
2.0171e-05
2.014e-05
2.0126e-05
2.0154e-05
2.0148e-05
2.0101e-05
2.0148e-05
2.0154e-05
2.0142e-05
2.0173e-05
2.0158e-05
2.0131e-05
2.0152e-05
2.0159e-05
2.0139e-05
2.0161e-05
2.0174e-05
2.0417e-05
2.067e-05
2.0193e-05
2.0171e-05
2.0124e-05
2.0148e-05
2.0231e-05
2.0121e-05
2.0143e-05
2.0164e-05
2.0134e-05
2.0377e-05
2.0134e-05
2.0138e-05
2.0162e-05
2.0243e-05
2.0164e-05
2.0105e-05
2.0144e-05
2.0158e-05
2.0119e-05
2.0152e-05
2.0131e-05
2.0135e-05
2.0128e-05
2.016e-05
2.0141e-05
2.0133e-05
2.0155e-05
2.0149e-05
2.0174e-05
2.018e-05
2.017e-05
2.0121e-05
2.0152e-05
2.0185e-05
2.0146e-05
2.0168e-05
2.0134e-05
2.0161e-05
2.0142e-05
2.0186e-05
2.0157e-05
2.0136e-05
2.0156e-05
2.0177e-05
2.0122e-05
2.0144e-05
2.0163e-05
2.0155e-05
2.0121e-05
2.0131e-05
2.0163e-05
2.0136e-05
2.0169e-05
2.0163e-05
2.0148e-05
2.0185e-05
2.0177e-05
2.0101e-05
2.0168e-05
2.0178e-05
2.0119e-05
2.0177e-05
2.0132e-05
2.0153e-05
2.0177e-05
2.0188e-05
2.0138e-05
2.0163e-05
2.0161e-05
2.014e-05
2.0163e-05
2.0131e-05
2.0142e-05
2.0157e-05
2.0159e-05
2.0179e-05
2.0132e-05
2.0177e-05
2.0168e-05
2.0157e-05
2.0135e-05
2.0153e-05
2.0138e-05
2.0159e-05
2.0192e-05
2.0113e-05
2.0128e-05
2.0157e-05
2.0155e-05
2.0121e-05
2.0176e-05
2.0127e-05
2.0102e-05
2.0176e-05
2.0162e-05
2.0158e-05
2.0148e-05
2.014e-05
2.0149e-05
2.0161e-05
2.0154e-05
2.0144e-05
2.01e-05
2.0152e-05
2.0174e-05
2.0084e-05
2.0148e-05
2.0112e-05
2.0134e-05
2.0146e-05
2.0154e-05
2.0157e-05
2.0128e-05
2.0188e-05
2.013e-05
2.0134e-05
2.0155e-05
2.0153e-05
2.0117e-05
2.0114e-05
2.0119e-05
2.0155e-05
2.0155e-05
2.0155e-05
2.0124e-05
2.0139e-05
2.0124e-05
2.0158e-05
2.0109e-05
2.0161e-05
2.0105e-05
2.0145e-05
2.0131e-05
2.0123e-05
2.0155e-05
2.0151e-05
2.0157e-05
2.0122e-05
2.0152e-05
2.0151e-05
2.0122e-05
2.0114e-05
2.0186e-05
2.0093e-05
2.0139e-05
2.0156e-05
2.013e-05
2.0158e-05
2.0172e-05
2.0139e-05
2.0136e-05
2.0126e-05
2.0164e-05
2.0123e-05
2.0162e-05
2.0126e-05
2.0156e-05
2.0114e-05
2.016e-05
2.0101e-05
2.0131e-05
2.0158e-05
2.0149e-05
2.0129e-05
2.0116e-05
2.0116e-05
2.0139e-05
2.0151e-05
2.0162e-05
2.0125e-05
2.0106e-05
2.015e-05
2.0143e-05
2.0114e-05
2.0153e-05
2.013e-05
2.0165e-05
2.0155e-05
2.0149e-05
2.0126e-05
2.016e-05
2.0114e-05
2.0122e-05
2.0124e-05
2.0178e-05
2.0097e-05
2.0108e-05
2.0159e-05
2.0135e-05
2.014e-05
2.0118e-05
2.0129e-05
2.0134e-05
2.0135e-05
2.0153e-05
2.0127e-05
2.0124e-05
2.0145e-05
2.0092e-05
2.0147e-05
2.0167e-05
2.0155e-05
2.0141e-05
2.0142e-05
2.0095e-05
2.0107e-05
2.0162e-05
2.0108e-05
3.1338e-05
2.0241e-05
2.0215e-05
2.0192e-05
2.0135e-05
2.0157e-05
2.0158e-05
2.0122e-05
2.0185e-05
2.016e-05
2.0129e-05
2.0127e-05
2.0148e-05
2.0128e-05
2.0155e-05
2.0168e-05
2.0144e-05
2.0112e-05
2.0175e-05
2.0177e-05
2.0106e-05
2.0146e-05
2.0152e-05
2.0123e-05
2.0125e-05
2.0183e-05
2.0129e-05
2.013e-05
2.0198e-05
2.0147e-05
2.0113e-05
2.0171e-05
2.0142e-05
2.0141e-05
2.0185e-05
2.0158e-05
2.0125e-05
2.0148e-05
2.0153e-05
2.0126e-05
2.0171e-05
2.015e-05
2.0161e-05
2.0149e-05
2.0158e-05
2.0144e-05
2.0129e-05
2.0156e-05
2.0172e-05
2.012e-05
2.0185e-05
2.0163e-05
2.0125e-05
2.0156e-05
2.0154e-05
2.0126e-05
2.017e-05
2.0151e-05
2.0163e-05
2.0143e-05
2.0158e-05
2.0136e-05
2.0129e-05
2.0156e-05
2.0173e-05
2.0155e-05
2.0163e-05
2.0135e-05
2.0124e-05
2.0138e-05
2.0155e-05
2.0111e-05
2.0139e-05
2.0141e-05
2.0132e-05
2.0117e-05
2.0157e-05
2.013e-05
2.0128e-05
2.0149e-05
2.0144e-05
2.0118e-05
2.0153e-05
2.0143e-05
2.0125e-05
2.0138e-05
2.0155e-05
2.012e-05
2.0138e-05
2.0141e-05
2.0116e-05
2.0125e-05
2.0157e-05
2.013e-05
2.0126e-05
2.0148e-05
2.0144e-05
2.0109e-05
2.0152e-05
2.0163e-05
2.0068e-05
2.0155e-05
2.0155e-05
2.0141e-05
2.0146e-05
2.0167e-05
2.014e-05
2.0111e-05
2.0165e-05
2.0153e-05
2.0134e-05
2.0154e-05
2.0152e-05
2.0103e-05
2.0151e-05
2.0135e-05
2.0125e-05
2.0154e-05
2.0097e-05
2.0138e-05
2.0138e-05
2.0168e-05
2.0133e-05
2.0141e-05
2.0157e-05
2.015e-05
2.0128e-05
2.0165e-05
2.0145e-05
2.0139e-05
2.015e-05
2.0165e-05
2.011e-05
2.0144e-05
2.0162e-05
2.0139e-05
2.0144e-05
2.0151e-05
2.0139e-05
2.014e-05
2.0163e-05
2.0132e-05
2.0133e-05
2.0164e-05
2.0152e-05
2.0117e-05
2.0156e-05
2.0163e-05
2.0132e-05
2.0135e-05
2.0156e-05
2.0139e-05
2.0136e-05
2.0154e-05
2.011e-05
2.0104e-05
2.0161e-05
2.0162e-05
2.0098e-05
2.0129e-05
2.0151e-05
2.0126e-05
2.0153e-05
2.0161e-05
2.013e-05
2.015e-05
2.0157e-05
2.01e-05
2.014e-05
2.0143e-05
2.0139e-05
2.0105e-05
2.0162e-05
2.0161e-05
2.0131e-05
2.0129e-05
2.0152e-05
2.0126e-05
2.0153e-05
2.0152e-05
2.013e-05
2.0162e-05
2.0162e-05
2.0149e-05
2.0139e-05
2.0132e-05
2.0138e-05
2.0137e-05
2.016e-05
2.0145e-05
2.0118e-05
2.0147e-05
2.0152e-05
2.0087e-05
2.0138e-05
2.016e-05
2.0109e-05
2.0144e-05
2.0139e-05
2.0136e-05
2.0117e-05
2.015e-05
2.0117e-05
2.0135e-05
2.0186e-05
2.0145e-05
2.0108e-05
2.016e-05
2.0178e-05
2.0115e-05
2.013e-05
2.0153e-05
2.0157e-05
2.0143e-05
2.0187e-05
2.0134e-05
2.0165e-05
2.0148e-05
2.0159e-05
2.0136e-05
2.0138e-05
2.0145e-05
2.0154e-05
2.0159e-05
2.0132e-05
2.0115e-05
2.0188e-05
2.0161e-05
2.0156e-05
2.0142e-05
2.0187e-05
2.0133e-05
2.009e-05
2.0151e-05
2.012e-05
2.0134e-05
2.0186e-05
2.0146e-05
2.0107e-05
2.0158e-05
2.0179e-05
2.0114e-05
2.0157e-05
2.0161e-05
2.0121e-05
2.0129e-05
2.0186e-05
2.0135e-05
2.0161e-05
2.015e-05
2.0168e-05
2.0124e-05
2.0184e-05
2.0133e-05
2.0154e-05
2.0154e-05
2.0146e-05
2.0153e-05
2.0148e-05
2.0161e-05
2.014e-05
2.0139e-05
2.0158e-05
2.0147e-05
2.0107e-05
2.016e-05
2.0106e-05
2.013e-05
2.0136e-05
2.0148e-05
2.0119e-05
2.0153e-05
2.0132e-05
2.0116e-05
2.0137e-05
2.0159e-05
2.0122e-05
2.0154e-05
2.0151e-05
2.0137e-05
2.0124e-05
2.017e-05
2.0133e-05
2.0136e-05
2.0142e-05
2.0148e-05
2.0125e-05
2.0153e-05
2.714e-05
2.0271e-05
2.017e-05
2.0193e-05
2.0206e-05
2.0115e-05
2.0153e-05
2.0184e-05
2.014e-05
2.0127e-05
2.0148e-05
2.0126e-05
2.0142e-05
2.0163e-05
2.0157e-05
2.0171e-05
2.0167e-05
2.0182e-05
2.0126e-05
