#time [s]
0.000226979
0.000219852
0.000221825
0.000230275
0.000223148
0.000220956
0.000219862
0.000220077
0.000220312
0.000220359
0.000220792
0.000225453
0.000219951
0.000219926
0.000219873
0.000233901
0.000223958
0.000232638
0.00022021
0.000219772
0.000220258
0.000219816
0.000219941
0.000223595
0.000224104
0.000220238
0.000219895
0.000228512
0.000221325
0.000219896
0.000222001
0.000220285
0.000219919
0.000221553
0.000219943
0.000220089
0.000220256
0.000219877
0.000219921
0.000220298
0.000241963
0.000229128
0.000219853
0.000219815
0.000219775
0.000219914
0.000219898
0.000220293
0.00022037
0.000235558
0.000221733
0.000219802
0.000219805
0.00021976
0.000219834
0.000219884
0.000219875
0.000221918
0.000219872
0.000219889
0.000219926
0.000221998
0.000220269
0.000219879
0.000219837
0.000220043
0.000219925
0.0002199
0.000220177
0.00021989
0.000219778
0.000222684
0.000220544
0.000219905
0.000221872
0.000219766
0.000219916
0.000219959
0.000261706
0.000224923
0.000220854
0.000219899
0.000220022
0.000219975
0.000219858
0.000219881
0.000219824
0.00021985
0.000219651
0.000219842
0.000232207
0.000221955
0.000231469
0.000220565
0.000219873
0.00021992
0.00022191
0.000222314
0.000220235
0.000219887
0.00022063
0.000229634
0.00021992
0.000219877
0.000219789
0.000222589
0.000219852
0.000219901
0.000223564
0.000219877
0.000219808
0.000219904
0.000241551
0.000223762
0.000222554
0.00021984
0.000221358
0.000222586
0.000219935
0.000219902
0.000219904
0.000219778
0.000222776
0.000225161
0.000219911
0.000219876
0.000222699
0.000219859
0.000219786
0.000219753
0.000222448
0.000233726
0.000222186
0.000219938
0.000219854
0.000219903
0.000219882
0.000219868
0.000225131
0.000222413
0.000219904
0.000229992
0.000219874
0.000219832
0.000219869
0.000219868
0.000219879
0.000219889
0.000220725
0.000219908
0.000219846
0.000232534
0.000248932
0.000222124
0.000231412
0.000221829
0.000219874
0.000219847
0.000219818
0.000220948
0.000219923
0.000219853
0.000219811
0.000219869
0.000219828
0.000219906
0.000219789
0.000219857
0.0002199
0.000229039
0.000222333
0.000219949
0.000219942
0.00021983
0.000219923
0.000219884
0.000219827
0.000219868
0.000220968
0.000219719
0.000219753
0.000219816
0.000219739
0.000219882
0.000219879
0.000219818
0.000219799
0.000235866
0.000226928
0.000219938
0.000219967
0.00021987
0.000219831
0.000219682
0.000219883
0.000222333
0.000219938
0.000219969
0.000219923
0.000222432
0.000225433
0.000219891
0.000219864
0.000223048
0.000219927
0.000229587
0.000248918
0.000227845
0.000219865
0.000219877
0.000219722
0.000219733
0.000219781
0.000219882
0.000221344
0.00021981
0.000468796
0.000403031
0.000401539
0.000412416
0.000432107
0.000412938
0.000412237
0.000412255
0.000435419
0.00041617
0.000412342
0.000528279
0.002134445
0.00065006
0.000590969
0.000586284
0.001348664
0.000221018
0.001039012
0.000616542
0.000604597
0.001067669
0.000231114
0.001081427
0.000694827
0.000687951
0.000555798
0.000675815
0.00022391
0.00053111
0.000780962
0.000674434
0.000706667
0.000654435
0.00061947
0.000593016
0.000226951
0.000226251
0.001250245
0.00023513
0.000220182
0.000219848
0.000219904
0.000219771
0.000219837
0.000219868
0.000219849
0.000248129
0.000222406
0.000219903
0.000219802
0.000219901
0.000219902
0.000219856
0.000219876
0.000219897
0.000219852
0.000219875
0.000222267
0.000226593
0.000219876
0.000219793
0.000219871
0.000219895
0.000219986
0.00022229
0.00021991
0.000219877
0.000222842
0.000219916
0.000219742
0.000219875
0.000219901
0.00022283
0.00022224
0.000219848
0.000219892
0.000219882
0.000236675
0.000220589
0.000221145
0.000221341
0.00021989
0.000219854
0.000223152
0.000219916
0.000219921
0.000219823
0.000219753
0.0002199
0.000219762
0.000219913
0.000220401
0.000219804
0.000223096
0.000219751
0.00021984
0.000219874
0.000263848
0.000221032
0.000219855
0.000219911
0.000219867
0.000219762
0.000219928
0.00022287
0.000219886
0.000219795
0.000219809
0.000224961
0.000219887
0.000219985
0.000219839
0.000223049
0.000219895
0.000219851
0.00022006
0.00022244
0.000230583
0.000220181
0.000219975
0.000236668
0.000226991
0.000223112
0.000219852
0.000222255
0.000222293
0.000219794
0.000219908
0.000219852
0.000219903
0.000219856
0.000219846
0.000219877
0.000219883
0.000221579
0.00021992
0.000219815
0.000229262
0.000220241
0.000219872
0.000225181
0.000219789
0.000219772
0.000219878
0.000220163
0.000219807
0.000219861
0.000220005
0.00021982
0.00021992
0.000219878
0.000224969
0.000222803
0.000219877
0.000219801
0.000223335
0.000234526
0.000225555
0.000219882
0.000219839
0.000219928
0.0002227
0.000219892
0.000222022
0.000219834
0.000219887
0.000219899
0.000219924
0.000222259
0.000219797
0.000219881
0.000219859
0.00022286
0.000219906
0.000231982
0.000225507
0.000219873
0.000219896
0.000219874
0.000219902
0.000219756
0.000219915
0.000334971
0.000224446
0.00021992
0.000219787
0.000219903
0.000219736
0.000219812
0.000219813
0.000219735
0.000219878
0.000219768
0.000230739
0.000220541
0.000219931
0.000219894
0.000219914
0.000219897
0.00023916
0.000221755
0.000219852
0.000220657
0.000219918
0.000219793
0.00021985
0.000219881
0.000219843
0.000221339
0.000219885
0.000219879
0.000219874
0.000219867
0.000220519
0.000224636
0.000222677
0.000219768
0.000219849
0.000221451
0.00022237
0.000219854
0.000219907
0.000222649
0.000219802
0.000220537
0.000219794
0.000219805
0.000219889
0.000219937
0.000219938
0.000221996
0.000219801
0.000234151
0.00022599
0.000220593
0.000219951
0.000223104
0.000225201
0.000219876
0.000219708
0.000219917
0.000221179
0.000222716
0.000219884
0.00022464
0.000222367
0.000219907
0.000219927
0.000224567
0.000221845
0.00021981
0.000219813
0.000232339
0.000222639
0.000219875
0.000219949
0.000219829
0.000222099
0.000224359
0.000219798
0.000313382
0.000227734
0.000219875
0.000222155
0.000222301
0.000221972
0.000219856
0.000219888
0.000219864
0.000228941
0.00022049
0.000219928
0.000219855
0.000219818
0.000231079
0.000221748
0.000219828
0.000219876
0.000219758
0.000221759
0.000219888
0.000219834
0.000219655
0.000219837
0.000222788
0.000219906
0.000219918
0.000219838
0.000219916
0.000228745
0.000220533
0.000220333
0.000219763
0.000219862
0.00021988
0.000219923
0.000222908
0.000219937
0.000219854
0.000219868
0.00022341
0.000219794
0.000219955
0.000222628
0.000219691
0.00021982
0.000219782
0.000219904
0.000219852
0.000219886
0.000233957
0.000220469
0.000219891
0.000219934
0.000219933
0.000219888
0.000219998
0.000219901
0.000222418
0.000219912
0.000219931
0.000223173
0.00021988
0.00021974
0.000219811
0.000219929
0.000219892
0.000219863
0.000219794
0.000219821
0.00022951
0.000220252
0.000219938
0.000219754
0.000219879
0.000395485
0.000495119
0.000416667
0.000412332
0.000412344
0.000412352
0.000414434
0.000432133
0.000434449
0.000413221
0.000412332
0.000395418
0.000219877
0.000219873
0.000219956
0.000219833
0.000229731
0.000253984
0.000230527
0.00021994
0.000219754
0.000219921
0.000219979
0.000219853
0.000219915
0.00021982
0.000219925
0.000219903
0.000219736
0.000219856
0.000229962
0.00022211
0.000219867
0.000219889
0.000219876
0.000219917
0.000219863
0.000219806
0.000219878
0.000219801
0.000219936
0.000219755
0.000219891
0.000219886
0.000219988
0.000219723
0.000219862
0.000219863
0.000219864
0.000223395
0.000219867
0.000219813
0.000219886
0.000219832
0.000219912
0.000219955
0.000219776
0.000222156
0.000235695
0.000220515
0.000219884
0.000219944
0.000219861
0.000219868
0.000224864
0.000219776
0.000219932
0.000219861
0.000219885
0.000219877
0.000219885
0.000219763
0.000219797
0.000219926
0.000219748
0.000219925
0.000219756
0.000219893
0.000647556
0.000409471
0.000244054
0.000230946
0.000220304
0.000219824
0.0002199
0.000219819
0.000219786
0.000219878
0.000219826
0.000219824
0.000219848
0.000230994
0.000220232
0.000221755
0.000219838
0.00021986
0.000219727
0.000219672
0.000219869
0.000219878
0.000219899
0.000219772
0.000219819
0.000219952
0.000219919
0.000219878
0.000219842
0.000219924
0.00021994
0.000223132
0.000228326
0.000220011
0.000219895
0.00022144
0.000219841
0.000219884
0.000219817
0.000219848
0.000219912
0.000219809
0.000219924
0.000219896
0.000219827
0.000221487
0.000219846
0.000219897
0.000219835
0.000219864
0.000219743
0.000219819
0.000219858
0.000219931
0.000223028
0.000222123
0.000219867
0.000219908
0.000219903
0.000219738
0.000222807
0.000240214
0.000225011
0.000220003
0.000219929
0.000219801
0.000219727
0.000219783
0.000219911
0.000219868
0.000219848
0.000219881
0.000219891
0.000219928
0.000219878
0.000267651
0.000227258
0.000222521
0.000220716
0.000219783
0.00021977
0.000222329
0.000219877
0.000219776
0.000219908
0.000221194
0.000229596
0.000220199
0.000219901
0.000219882
0.000219934
0.000219796
0.000219904
0.000219816
0.000241608
0.000224968
0.000219875
0.00021992
0.000219946
0.000219836
0.000222891
0.000219808
0.000219796
0.000219777
0.000219932
0.000222512
0.000219845
0.000220701
0.000219804
0.000219866
0.000219856
0.000222177
0.000228209
0.000219961
0.00022235
0.000220212
0.000219808
0.000219865
0.000219882
0.000219729
0.000219855
0.000222262
0.000222778
0.000219814
0.000219766
0.000219814
0.000219986
0.0002199
0.000219909
0.000219906
0.000219846
0.000219909
0.00021993
0.000219902
0.000222381
0.000219921
0.000219929
0.000233521
0.00022012
0.000219786
0.000219984
0.000219815
0.000219891
0.000219747
0.000219938
0.000219708
0.00021986
0.000219912
0.000226341
0.000229497
0.000223418
0.000219818
0.000222316
0.000219801
0.000219858
0.000221872
0.000238974
0.000229463
0.000220167
0.000219834
0.000219878
0.000219874
0.000219856
0.000219879
0.0002199
0.00021988
0.000219842
0.000219911
0.000219722
0.000219899
0.000219811
0.000219857
0.000219912
0.000219718
0.00024913
0.000220552
0.000222
0.000228264
0.000220008
0.000219911
0.000219789
0.000222814
0.000219873
0.000222126
0.000219852
0.000219852
0.000219831
0.000219872
0.000219877
0.000219822
0.000219727
0.000219892
0.000219802
0.000219872
0.000219904
0.000219926
0.000219924
0.000233583
0.000225633
0.000220032
0.000219905
0.000219805
0.000223673
0.000219814
0.000219869
0.000219794
0.0002199
0.000219874
0.000222017
0.000219904
0.000223265
0.000219952
0.000219883
0.000219849
0.000219928
0.000219947
0.000223038
0.000219885
0.000220394
0.000222164
0.000222116
0.000219965
0.000220526
0.000225762
0.000219931
0.000219859
0.00021995
0.000219917
0.000219916
0.00021986
0.000219856
0.000219938
0.000222797
0.000225347
0.000229233
0.000222733
0.000301562
0.000226001
0.000220147
0.000340631
0.000389073
0.000390198
0.000388007
0.000388187
0.000388087
0.00039017
0.000388904
0.000387979
0.000388792
0.000388008
0.000388128
0.000388105
0.000388145
0.000388146
0.000325534
0.000263758
0.000263859
0.000263901
0.000263832
0.00027975
0.000264297
0.000263918
0.000265245
0.000263876
0.00025472
0.00021983
0.000219806
0.000219787
0.000219856
0.000219913
0.000219881
0.000219876
0.000221721
0.00021977
0.000219694
0.000219798
0.000221735
0.000219854
0.000219878
0.000232146
0.000223405
0.00021988
0.000219892
0.000219834
0.000219915
0.000219818
0.0002198
0.000219874
0.000223906
0.000219935
0.000229927
0.000246839
0.000220204
0.000219885
0.000219832
0.000219913
0.000219834
0.000219903
0.000219849
0.000240964
0.000220122
0.000219806
0.000219778
0.000219791
0.000219826
0.000219839
0.000219786
0.00021982
0.000221965
0.00021982
0.000219738
0.000219885
0.000219822
0.000219766
0.000219779
0.00021992
0.000219852
0.000219838
0.000234208
0.000220232
0.000219852
0.000222368
0.000219854
0.000219898
0.000219886
0.000219911
0.000222518
0.00021989
0.000219919
0.000219938
0.000219855
0.000219901
0.000219853
0.000221615
0.000219841
0.000219897
0.000219887
0.000234316
0.000222781
0.000219942
0.000219983
0.000219822
0.000219916
0.000219934
0.000219938
0.000219936
0.000219855
0.000219837
0.000219852
0.000219887
0.000219891
0.000219928
0.000219879
0.000219875
0.000219779
0.000219889
0.000230837
0.0002202
0.000219922
0.000219848
0.000251182
0.000229819
0.00023805
0.000225398
0.000222988
0.000219947
0.000222122
0.000219769
0.000222689
0.00021985
