#time [s]
0.000144577
0.000142856
0.00014265
0.000142845
0.000142761
0.000142819
0.000142735
0.000142797
0.000142759
0.00014269
0.000142779
0.000142698
0.000142704
0.000142716
0.000142741
0.000153568
0.000142721
0.000142764
0.000142742
0.000142782
0.000142838
0.000142819
0.000142779
0.000142819
0.000142746
0.000142772
0.000142736
0.000142658
0.000142779
0.000142802
0.000142747
0.000142706
0.000142708
0.000142793
0.000142685
0.000142707
0.000142743
0.000142768
0.00014269
0.000142711
0.000142727
0.000142676
0.000149253
0.000142899
0.000142873
0.000142842
0.000142842
0.000142698
0.000142705
0.000142588
0.000142796
0.000142737
0.000142799
0.000142713
0.000142762
0.000142607
0.000142712
0.000142777
0.000142735
0.000142712
0.000142687
0.000142758
0.000142756
0.000142697
0.000142758
0.000142803
0.000142767
0.000142732
0.000142735
0.000142682
0.000142705
0.000149695
0.00014281
0.000142914
0.000142838
0.0001428
0.00014274
0.000142805
0.000142778
0.000142772
0.000142717
0.00014278
0.000142738
0.000142648
0.000142803
0.000142599
0.000277147
0.000145788
0.000149069
0.000144852
0.00014281
0.000152575
0.00014312
0.000142763
0.000142873
0.000142798
0.000142805
0.000142947
0.000143165
0.000142725
0.000149203
0.000142853
0.000142788
0.00014266
0.000142796
0.000142643
0.000142859
0.000142842
0.000142801
0.000142906
0.000142734
0.00014271
0.000142834
0.000142821
0.000142895
0.000142856
0.000142676
0.000142738
0.000142713
0.000142717
0.000142743
0.000142826
0.000142783
0.000142714
0.000142801
0.000142757
0.00014276
0.000142701
0.000142717
0.000153397
0.000142955
0.000142856
0.000142751
0.000142832
0.000142714
0.000142737
0.000142756
0.00014281
0.000142771
0.000142752
0.00014274
0.000142761
0.000142798
0.000142735
0.000142747
0.000142798
0.000142795
0.000142743
0.00014273
0.000142747
0.000142788
0.00014274
0.000142849
0.000142674
0.000142744
0.000142663
0.000142732
0.000142611
0.00014918
0.000142764
0.000142827
0.000142783
0.000142742
0.000142788
0.000142816
0.000142787
0.000142759
0.000142833
0.000142745
0.000142749
0.00014274
0.000142741
0.000142721
0.000142763
0.000142675
0.000142756
0.000142735
0.000142706
0.000142728
0.000142695
0.000142831
0.0001428
0.000142657
0.00014273
0.000142811
0.000142635
0.000142775
0.000142711
0.000150112
0.000142887
0.000142826
0.000142713
0.000142682
0.000142744
0.000142754
0.000265904
0.000144811
0.000142751
0.000155927
0.000142853
0.000226788
0.000267722
0.000267648
0.000267968
0.000267502
0.000267679
0.000267698
0.000267557
0.000267652
0.000282482
0.000267781
0.000267634
0.000267778
0.000267601
0.000267737
0.000267599
0.000267581
0.000267752
0.000267708
0.000213096
0.000203878
0.000203946
0.000203981
0.000203993
0.000203885
0.000203939
0.000203834
0.000203907
0.000203877
0.000203856
0.000203889
0.000221718
0.000204096
0.000203955
0.000153412
0.000142816
0.000142634
0.000142765
0.000142765
0.000142701
0.000142803
0.000142776
0.000142687
0.000142668
0.000142695
0.000142759
0.000142748
0.000142732
0.000142708
0.000142657
0.000142678
0.000142661
0.000142687
0.000142755
0.000142633
0.000142761
0.000142657
0.000142768
0.000142758
0.000142719
0.000142803
0.000142742
0.000142819
0.000142681
0.000149473
0.000142894
0.000142779
0.000142848
0.000142712
0.000142797
0.000142779
0.000142758
0.000142682
0.000142678
0.000142755
0.000142754
0.000142787
0.000142642
0.000142676
0.00014277
0.000142706
0.000142741
0.000142782
0.000142733
0.000142754
0.000176121
0.00014373
0.000142731
0.000142778
0.000142789
0.000142717
0.000142755
0.000142691
0.000142689
0.000142747
0.000142683
0.000142761
0.000142648
0.000152561
0.000151619
0.000142808
0.00014284
0.000142795
0.000142735
0.000142771
0.000142685
0.000142769
0.000142729
0.000142679
0.000142769
0.000142769
0.000142678
0.000142686
0.000142666
0.000142726
0.000142781
0.000142765
0.000142718
0.000142741
0.000142682
0.000142798
0.000142723
0.000142708
0.000142725
0.000142771
0.000142677
0.000142694
0.000142743
0.000142644
0.000142665
0.000149084
0.000142835
0.000142862
0.000142718
0.000142724
0.000142719
0.000142748
0.000142847
0.000142812
0.000142754
0.000142832
0.000142744
0.000142675
0.000142677
0.000142774
0.000142737
0.000142742
0.000142783
0.000142718
0.000142732
0.000142744
0.000142614
0.000142782
0.000142806
0.000142767
0.000142758
0.000142794
0.000142712
0.00014283
0.000142783
0.000142687
0.000142742
0.000152141
0.000142808
0.000142782
0.000142713
0.000142725
0.000142747
0.000142781
0.000142659
0.000142777
0.000142796
0.000142781
0.000142716
0.000142743
0.000142695
0.000142756
0.00014279
0.000142689
0.000142716
0.00014274
0.000142799
0.000142695
0.000142762
0.000142798
0.000142658
0.00014273
0.000142707
0.00014275
0.000142796
0.000142779
0.000142791
0.00014278
0.000142705
0.000149315
0.000142816
0.000142682
0.000142835
0.000142783
0.00014277
0.000142778
0.000142755
0.000181022
0.000273616
0.000267691
0.000202313
0.000158583
0.00015866
0.000158584
0.000158579
0.000158597
0.000158603
0.000158618
0.000158558
0.000158613
0.000158656
0.000158614
0.000158677
0.000158695
0.000166822
0.000152834
0.000142703
0.000142772
0.000142815
0.000142787
0.000142711
0.000142701
0.000142689
0.000142682
0.00014277
0.000142719
0.000142712
0.00015118
0.000142869
0.000142773
0.000142783
0.000142794
0.000142691
0.000142774
0.000142826
0.000142744
0.000142712
0.000142726
0.000142761
0.000142723
0.000142818
0.000142741
0.000142749
0.000142727
0.000142772
0.000142639
0.000142797
0.000142828
0.00014265
0.000148957
0.000142924
0.000142817
0.000142697
0.00014271
0.000142774
0.000142803
0.000142789
0.000142802
0.000142712
0.000142683
0.000142664
0.000142699
0.000142846
0.000142777
0.000142824
0.000142726
0.000142708
0.000142649
0.00014277
0.00014268
0.000142758
0.000142794
0.000142807
0.000142782
0.000142745
0.000142765
0.000142792
0.000142752
0.000142713
0.000142716
0.000142738
0.000142762
0.000142735
0.000142773
0.00014271
0.000153113
0.00014287
0.000142673
0.000142788
0.00014272
0.000142773
0.000142741
0.000142745
0.000142706
0.000142722
0.000142733
0.000142705
0.000142797
0.000142678
0.000142719
0.000142768
0.000142779
0.000142718
0.000142761
0.000142721
0.000142685
0.000142747
0.000142775
0.000142697
0.000142756
0.000142708
0.000142709
0.000142708
0.000142764
0.00014278
0.000142814
0.00014268
0.000142828
0.000142717
0.000142672
0.000149408
0.000142877
0.0001428
0.000142741
0.00014268
0.000142654
0.000142741
0.000142734
0.000159001
0.000142773
0.000185756
0.000144262
0.000142793
0.000185822
0.000142836
0.000142774
0.000142678
0.000142751
0.000142701
0.000142796
0.00014272
0.00014279
0.000142689
0.000142739
0.00014272
0.000142687
0.000142707
0.000142742
0.000142808
0.000142741
0.000142767
0.000142721
0.000149371
0.000150992
0.000142829
0.000142839
0.000142813
0.000142754
0.000142686
0.000142717
0.000142771
0.0001428
0.000142726
0.000142764
0.000142722
0.000142614
0.000142788
0.000142673
0.000142808
0.000142821
0.00014277
0.000142749
0.000142713
0.000142683
0.000142779
0.000142715
0.000142804
0.000142793
0.000142769
0.000142665
0.000142674
0.000142742
0.000142662
0.000142789
0.000142723
0.000142741
0.000142767
0.000142739
0.000142754
0.000142753
0.000142766
0.0001428
0.000142677
0.000142758
0.000142761
0.000149629
0.000142824
0.000142822
0.00014282
0.000142818
0.000142737
0.00014264
0.000142735
0.000142838
0.000142718
0.00014278
0.000142767
0.000142771
0.000142769
0.000142723
0.000142649
0.000142707
0.000142742
0.000142794
0.000142751
0.00014272
0.000142749
0.000142719
0.000142747
0.000142717
0.000142783
0.000142739
0.000142622
0.000142635
0.000142762
0.000142785
0.000142717
0.000142808
0.000142692
0.000142708
0.000142694
0.00014275
0.000142744
0.00014281
0.000142709
0.000142699
0.000142747
0.000142785
0.000142696
0.000159443
0.00014286
0.000142848
0.000142746
0.000142837
0.000142731
0.000142804
0.000142761
0.000142751
0.000142719
0.000142752
0.000142638
0.000142725
0.000142706
0.000142762
0.000142756
0.000142762
0.000154128
0.000142797
0.00014285
0.000142835
0.000142763
0.000143172
0.000142956
0.000142707
0.000142683
0.000143022
0.000142789
0.000142781
0.000142727
0.000146468
0.000142739
0.000143125
0.000142659
0.000142679
0.000142763
0.00014274
0.000142746
0.000142731
0.000142748
0.00014977
0.000143141
0.00014283
0.000143138
0.000143682
0.000142704
0.000142745
0.000142691
0.000142717
0.000142724
0.000142731
0.000142615
0.000142727
0.000142752
0.000142833
0.000142686
0.000142717
0.000142663
0.000142751
0.000142816
0.000166427
0.000142928
0.00014273
0.000142769
0.00014284
0.000142791
0.000142798
0.000142767
0.000142747
0.000142791
0.000142688
0.000142688
0.000142846
0.000142761
0.000142756
0.000143074
0.000142654
0.000142719
0.000142695
0.000142743
0.000149304
0.000142884
0.000142814
0.000142642
0.000142774
0.000142802
0.0001428
0.000142716
0.000142748
0.000142717
0.000142776
0.000142671
0.000142759
0.000142744
0.000142715
0.000142637
0.000142711
0.000142756
0.000142697
0.000142734
0.000142713
0.000142814
0.000142758
0.000142733
0.000142717
0.000146407
0.000142777
0.000142747
0.000142671
0.000143022
0.000142757
0.000142821
0.000142713
0.000142654
0.00014278
0.000142753
0.000142792
0.000142852
0.000142651
0.000142649
0.000151942
0.000142998
0.000142824
0.000142761
0.000142751
0.000142783
0.000142773
0.000142712
0.000142701
0.000142723
0.000142725
0.000142684
0.000142825
0.000142739
0.000142765
0.000142785
0.000142695
0.000142649
0.000142678
0.000143068
0.00014283
0.000142728
0.000142725
0.000142727
0.000142697
0.000142754
0.000142761
0.000142867
0.000142681
0.000142699
0.000142731
0.000142738
0.000142723
0.000142736
0.000142668
0.000149477
0.000142758
0.00014284
0.000142825
0.000142783
0.000142832
0.000142781
0.000142838
0.000150511
0.00014282
0.000142731
0.000142802
0.000142638
0.000142765
0.000142806
0.000142778
0.000142735
0.000142742
0.000142765
0.000142757
0.000142737
0.000142709
0.000142735
0.000142749
0.00014272
0.000142782
0.000142773
0.000142701
0.000150745
0.000143052
0.000142872
0.00014285
0.000143108
0.000142713
0.000142701
0.000149078
0.000142871
0.000142812
0.000142824
0.000142786
0.000142776
0.000142775
0.000142731
0.000142803
0.000142638
0.000142663
0.000142708
0.00014288
0.000142673
0.000142638
0.000142705
0.000142628
0.000142712
0.000143037
0.000142749
0.000142717
0.00014278
0.000142698
0.000142737
0.000143084
0.000142802
0.000142742
0.000142748
0.000142713
0.000142743
0.000143367
0.000142715
0.000142795
0.000142769
0.000142767
0.000152949
0.000142857
0.00014278
0.000142779
0.000142763
0.000142754
0.000142761
0.000142779
0.000142823
0.000142781
0.000142677
0.000142729
0.000142723
0.000142702
0.000142791
0.000142751
0.000142778
0.000142778
0.000142759
0.000142728
0.000142798
0.000142745
0.000142764
0.000142719
0.000142722
0.000142717
0.000142707
0.000142782
0.000142799
0.000142765
0.000142792
0.000142735
0.000142748
0.000149224
0.000142843
0.000142708
0.000142817
0.000142818
0.000142704
0.000142783
0.000142697
0.000142708
0.000142784
0.000142821
0.000142697
0.00014273
0.000142697
0.000142718
0.000142687
0.00014272
0.000142767
0.000142773
0.000142628
0.000142711
0.000142761
0.000142692
0.000142781
0.000142763
0.000142719
0.000142756
0.000142728
0.000169138
0.000142759
0.000142882
0.000142821
0.000142785
0.000149569
0.000142937
0.000142793
0.000142747
0.000142799
0.000156941
0.000142833
0.000142776
0.000142783
0.000142773
0.000142748
0.000142647
0.000142739
0.000142763
0.000142765
0.000142754
0.000142743
0.000142729
0.000142741
0.000143456
0.00014268
0.000142687
0.000142775
0.00014261
0.00014287
0.000142727
0.000142762
0.000144169
0.000142715
0.00014277
0.000142791
0.000142731
0.000142751
0.000142785
0.000149391
0.000143532
0.000142808
0.000142822
0.000142807
0.000142715
0.000142752
0.000142786
0.000142719
0.00014269
0.000142767
0.000142782
0.000142896
0.000142752
0.000142812
0.000142698
0.000142757
0.000142752
0.000142624
0.000142698
0.000142737
0.000142752
0.000142699
0.000142742
0.000142695
0.00014274
0.000142685
0.000142769
0.000142781
0.000142762
0.000142693
