#time [s]
6.617e-06
6.562e-06
6.47e-06
6.449e-06
6.453e-06
6.428e-06
6.409e-06
6.406e-06
6.425e-06
6.426e-06
6.414e-06
6.411e-06
6.42e-06
6.417e-06
6.401e-06
6.407e-06
6.425e-06
6.404e-06
6.401e-06
6.419e-06
6.439e-06
6.403e-06
6.4e-06
6.414e-06
6.42e-06
6.398e-06
6.401e-06
6.42e-06
6.41e-06
6.395e-06
6.408e-06
6.603e-06
6.403e-06
6.401e-06
6.414e-06
6.417e-06
6.398e-06
6.404e-06
6.427e-06
6.414e-06
6.398e-06
6.409e-06
6.422e-06
6.413e-06
6.406e-06
6.411e-06
6.419e-06
6.408e-06
6.406e-06
6.413e-06
6.427e-06
6.4e-06
6.408e-06
6.423e-06
6.414e-06
6.402e-06
6.412e-06
6.424e-06
6.407e-06
6.4e-06
6.412e-06
6.419e-06
6.426e-06
6.412e-06
6.426e-06
6.416e-06
6.4e-06
6.409e-06
6.421e-06
6.413e-06
6.401e-06
6.413e-06
6.42e-06
6.404e-06
6.397e-06
6.411e-06
6.419e-06
6.407e-06
6.407e-06
6.423e-06
6.417e-06
6.404e-06
6.408e-06
6.426e-06
6.409e-06
6.4e-06
6.418e-06
6.42e-06
6.411e-06
6.401e-06
6.419e-06
6.418e-06
6.398e-06
6.404e-06
6.416e-06
6.415e-06
6.4e-06
6.414e-06
6.426e-06
6.417e-06
6.402e-06
6.417e-06
6.42e-06
6.409e-06
6.403e-06
6.421e-06
6.419e-06
6.401e-06
6.411e-06
6.419e-06
6.417e-06
6.4e-06
6.413e-06
6.423e-06
6.409e-06
6.398e-06
6.415e-06
6.421e-06
6.401e-06
6.406e-06
6.423e-06
6.416e-06
6.404e-06
6.401e-06
6.428e-06
6.415e-06
6.398e-06
6.411e-06
6.423e-06
6.409e-06
6.402e-06
6.421e-06
6.426e-06
6.409e-06
6.415e-06
6.425e-06
6.409e-06
6.403e-06
6.41e-06
6.428e-06
6.411e-06
6.401e-06
6.417e-06
6.419e-06
6.408e-06
6.402e-06
6.425e-06
6.421e-06
6.399e-06
6.4e-06
6.431e-06
6.41e-06
6.403e-06
6.414e-06
6.425e-06
6.406e-06
6.404e-06
6.414e-06
6.423e-06
6.404e-06
6.406e-06
6.418e-06
6.417e-06
6.404e-06
6.409e-06
6.425e-06
6.415e-06
6.406e-06
6.413e-06
6.425e-06
6.411e-06
6.404e-06
6.415e-06
6.422e-06
6.405e-06
6.4e-06
6.418e-06
6.416e-06
6.491e-06
6.412e-06
6.426e-06
6.406e-06
6.402e-06
6.424e-06
6.421e-06
6.413e-06
6.407e-06
6.42e-06
6.422e-06
6.407e-06
6.409e-06
6.426e-06
6.699e-06
6.475e-06
6.492e-06
6.449e-06
6.406e-06
6.417e-06
6.421e-06
6.406e-06
6.402e-06
6.423e-06
6.413e-06
6.405e-06
6.409e-06
6.417e-06
6.402e-06
6.396e-06
6.409e-06
6.417e-06
6.411e-06
6.426e-06
6.413e-06
6.511e-06
6.4e-06
6.396e-06
6.419e-06
6.406e-06
6.396e-06
6.404e-06
6.415e-06
6.406e-06
6.395e-06
6.411e-06
6.418e-06
6.405e-06
6.418e-06
6.414e-06
6.415e-06
6.395e-06
6.424e-06
6.443e-06
6.414e-06
6.395e-06
6.429e-06
6.42e-06
6.404e-06
6.391e-06
6.408e-06
6.422e-06
6.399e-06
6.399e-06
6.416e-06
6.414e-06
6.421e-06
6.402e-06
6.42e-06
6.407e-06
6.395e-06
6.435e-06
6.417e-06
6.408e-06
6.393e-06
6.416e-06
6.425e-06
6.403e-06
6.397e-06
6.415e-06
6.417e-06
6.393e-06
6.403e-06
6.422e-06
6.408e-06
6.4e-06
6.405e-06
6.422e-06
6.409e-06
6.395e-06
6.406e-06
6.418e-06
6.401e-06
6.398e-06
6.413e-06
6.415e-06
6.393e-06
6.404e-06
6.419e-06
6.409e-06
6.394e-06
6.405e-06
6.418e-06
6.408e-06
6.404e-06
6.408e-06
6.422e-06
6.404e-06
6.4e-06
6.415e-06
6.41e-06
6.393e-06
6.398e-06
6.415e-06
6.405e-06
6.391e-06
6.41e-06
6.417e-06
6.409e-06
6.395e-06
6.414e-06
6.419e-06
6.399e-06
6.405e-06
6.419e-06
6.407e-06
6.405e-06
6.408e-06
6.418e-06
6.407e-06
6.399e-06
6.408e-06
6.42e-06
6.406e-06
6.406e-06
6.411e-06
6.416e-06
6.421e-06
6.399e-06
6.412e-06
6.408e-06
6.412e-06
6.402e-06
6.422e-06
6.409e-06
6.418e-06
6.407e-06
6.418e-06
6.4e-06
6.42e-06
6.412e-06
6.409e-06
6.392e-06
6.414e-06
6.413e-06
6.419e-06
6.404e-06
6.425e-06
6.422e-06
6.404e-06
6.411e-06
6.406e-06
6.413e-06
6.398e-06
6.397e-06
6.408e-06
6.415e-06
6.402e-06
6.402e-06
6.408e-06
6.406e-06
6.392e-06
6.428e-06
6.417e-06
6.432e-06
6.397e-06
6.431e-06
6.422e-06
6.399e-06
6.395e-06
6.416e-06
6.416e-06
6.397e-06
1.3207e-05
6.58e-06
6.455e-06
6.459e-06
6.46e-06
6.424e-06
6.394e-06
6.412e-06
6.425e-06
6.406e-06
6.408e-06
6.415e-06
6.421e-06
6.404e-06
6.412e-06
6.421e-06
6.412e-06
6.404e-06
6.415e-06
6.456e-06
6.436e-06
6.403e-06
6.419e-06
6.413e-06
6.432e-06
6.397e-06
6.417e-06
6.412e-06
6.421e-06
6.428e-06
6.418e-06
6.435e-06
6.42e-06
6.433e-06
6.423e-06
6.431e-06
6.397e-06
6.441e-06
6.415e-06
6.427e-06
6.427e-06
6.447e-06
6.435e-06
6.403e-06
6.437e-06
6.442e-06
6.437e-06
6.394e-06
6.436e-06
6.445e-06
6.406e-06
6.398e-06
6.445e-06
6.445e-06
6.402e-06
6.4e-06
6.446e-06
6.417e-06
6.393e-06
6.433e-06
6.445e-06
6.432e-06
6.407e-06
6.411e-06
6.426e-06
6.398e-06
6.404e-06
6.415e-06
6.414e-06
6.398e-06
6.411e-06
6.425e-06
6.416e-06
6.397e-06
6.41e-06
6.429e-06
6.404e-06
6.399e-06
6.424e-06
6.414e-06
6.401e-06
6.404e-06
6.422e-06
6.443e-06
6.398e-06
6.416e-06
6.423e-06
6.402e-06
6.395e-06
6.422e-06
6.419e-06
6.406e-06
6.407e-06
6.414e-06
6.414e-06
6.394e-06
6.415e-06
6.424e-06
6.409e-06
6.402e-06
6.419e-06
6.425e-06
6.415e-06
6.399e-06
6.415e-06
6.421e-06
6.401e-06
6.409e-06
6.415e-06
6.415e-06
6.399e-06
6.406e-06
6.421e-06
6.408e-06
6.403e-06
6.412e-06
6.42e-06
6.411e-06
6.398e-06
6.422e-06
6.419e-06
6.398e-06
6.405e-06
6.422e-06
6.41e-06
6.397e-06
6.411e-06
6.418e-06
6.407e-06
6.398e-06
6.411e-06
6.417e-06
6.404e-06
6.401e-06
6.417e-06
6.414e-06
6.4e-06
6.405e-06
6.428e-06
6.409e-06
6.397e-06
6.414e-06
6.417e-06
6.403e-06
6.398e-06
6.413e-06
6.417e-06
6.402e-06
6.402e-06
6.418e-06
6.41e-06
6.396e-06
6.405e-06
6.438e-06
6.407e-06
6.397e-06
6.413e-06
6.422e-06
6.408e-06
6.404e-06
6.417e-06
6.423e-06
6.406e-06
6.409e-06
6.42e-06
6.412e-06
6.395e-06
6.411e-06
6.427e-06
6.407e-06
6.402e-06
6.42e-06
6.42e-06
6.411e-06
6.415e-06
6.42e-06
6.415e-06
6.401e-06
6.407e-06
6.425e-06
6.417e-06
6.398e-06
6.411e-06
6.423e-06
6.41e-06
6.397e-06
6.418e-06
6.419e-06
6.402e-06
6.405e-06
6.417e-06
6.418e-06
6.4e-06
6.417e-06
6.426e-06
6.411e-06
6.405e-06
6.415e-06
6.416e-06
6.4e-06
6.402e-06
6.413e-06
6.415e-06
6.404e-06
6.4e-06
6.414e-06
6.408e-06
6.39e-06
6.41e-06
6.42e-06
6.405e-06
6.399e-06
6.41e-06
6.421e-06
6.402e-06
6.409e-06
6.417e-06
6.417e-06
6.399e-06
6.411e-06
6.421e-06
6.408e-06
6.397e-06
6.41e-06
6.418e-06
6.405e-06
6.397e-06
6.416e-06
6.418e-06
6.4e-06
6.404e-06
6.419e-06
6.414e-06
6.395e-06
6.407e-06
6.419e-06
6.406e-06
6.398e-06
6.415e-06
6.416e-06
6.404e-06
6.397e-06
6.413e-06
6.411e-06
6.396e-06
6.402e-06
6.417e-06
6.406e-06
6.394e-06
6.411e-06
6.418e-06
6.401e-06
6.395e-06
6.408e-06
6.414e-06
6.408e-06
6.398e-06
6.424e-06
6.419e-06
6.392e-06
6.412e-06
6.416e-06
6.401e-06
6.397e-06
6.405e-06
6.419e-06
6.406e-06
6.399e-06
6.409e-06
6.409e-06
6.399e-06
6.405e-06
6.418e-06
6.408e-06
6.398e-06
6.409e-06
6.411e-06
6.405e-06
6.389e-06
6.413e-06
6.415e-06
6.403e-06
6.407e-06
6.419e-06
6.411e-06
6.394e-06
6.403e-06
6.42e-06
6.405e-06
6.393e-06
6.41e-06
6.419e-06
6.401e-06
6.402e-06
6.418e-06
6.417e-06
6.399e-06
6.399e-06
6.425e-06
6.413e-06
6.391e-06
6.411e-06
6.428e-06
6.405e-06
6.394e-06
6.411e-06
6.423e-06
6.4e-06
6.403e-06
6.414e-06
6.408e-06
6.4e-06
6.397e-06
6.42e-06
6.407e-06
6.395e-06
6.41e-06
6.421e-06
6.404e-06
6.398e-06
6.406e-06
6.42e-06
6.403e-06
6.4e-06
6.418e-06
6.415e-06
6.399e-06
6.406e-06
6.421e-06
6.41e-06
6.395e-06
6.409e-06
6.424e-06
6.402e-06
6.405e-06
6.413e-06
6.413e-06
6.409e-06
6.404e-06
6.42e-06
6.417e-06
6.394e-06
6.406e-06
6.418e-06
6.404e-06
6.394e-06
6.409e-06
6.418e-06
6.403e-06
6.399e-06
6.413e-06
6.419e-06
6.409e-06
6.405e-06
6.417e-06
6.409e-06
6.393e-06
6.411e-06
6.416e-06
6.402e-06
6.406e-06
6.42e-06
6.413e-06
6.399e-06
6.402e-06
6.424e-06
6.41e-06
6.394e-06
6.411e-06
6.416e-06
6.402e-06
6.394e-06
6.414e-06
6.414e-06
6.405e-06
6.395e-06
6.411e-06
6.407e-06
6.394e-06
6.406e-06
6.424e-06
6.404e-06
6.399e-06
6.407e-06
6.415e-06
6.407e-06
6.388e-06
6.407e-06
6.414e-06
6.406e-06
6.397e-06
6.414e-06
6.415e-06
6.395e-06
6.41e-06
6.427e-06
6.412e-06
6.401e-06
6.408e-06
6.419e-06
6.405e-06
6.399e-06
6.416e-06
6.409e-06
6.392e-06
6.407e-06
6.417e-06
6.415e-06
6.391e-06
6.397e-06
6.423e-06
6.41e-06
6.393e-06
6.415e-06
6.426e-06
6.395e-06
6.396e-06
6.41e-06
6.408e-06
6.406e-06
6.399e-06
6.414e-06
6.405e-06
6.391e-06
6.414e-06
6.409e-06
6.398e-06
6.401e-06
6.416e-06
6.421e-06
6.402e-06
6.396e-06
6.414e-06
6.412e-06
6.392e-06
6.406e-06
6.429e-06
6.402e-06
6.393e-06
6.413e-06
6.418e-06
6.4e-06
6.404e-06
6.42e-06
6.406e-06
6.389e-06
6.402e-06
6.414e-06
6.406e-06
6.391e-06
6.412e-06
6.422e-06
6.401e-06
6.392e-06
6.416e-06
6.423e-06
6.401e-06
6.389e-06
6.411e-06
6.416e-06
6.401e-06
6.411e-06
6.413e-06
6.413e-06
6.392e-06
6.399e-06
6.422e-06
6.401e-06
6.402e-06
6.407e-06
6.417e-06
6.394e-06
6.397e-06
6.421e-06
6.41e-06
6.396e-06
6.408e-06
6.417e-06
6.41e-06
6.4e-06
6.404e-06
6.411e-06
6.407e-06
6.392e-06
6.405e-06
6.419e-06
6.395e-06
6.404e-06
6.411e-06
6.412e-06
6.393e-06
6.403e-06
6.423e-06
6.404e-06
6.387e-06
6.405e-06
6.414e-06
6.407e-06
6.395e-06
6.409e-06
6.414e-06
6.392e-06
6.395e-06
6.41e-06
6.415e-06
6.392e-06
6.399e-06
6.413e-06
6.403e-06
6.393e-06
6.417e-06
6.421e-06
6.398e-06
6.395e-06
6.414e-06
6.404e-06
6.401e-06
6.4e-06
6.41e-06
6.414e-06
6.392e-06
6.408e-06
6.424e-06
6.404e-06
6.388e-06
6.415e-06
6.414e-06
6.4e-06
6.391e-06
6.407e-06
6.408e-06
6.396e-06
6.398e-06
6.416e-06
6.406e-06
6.389e-06
6.408e-06
6.426e-06
6.681e-06
6.484e-06
6.467e-06
6.429e-06
6.4e-06
6.42e-06
6.419e-06
6.397e-06
6.41e-06
6.439e-06
6.439e-06
6.399e-06
6.411e-06
6.423e-06
6.408e-06
6.4e-06
6.416e-06
6.418e-06
6.409e-06
6.399e-06
6.424e-06
6.411e-06
6.426e-06
6.407e-06
6.418e-06
6.41e-06
6.398e-06
6.413e-06
6.421e-06
6.4e-06
6.401e-06
6.408e-06
6.417e-06
6.402e-06
6.405e-06
6.423e-06
6.416e-06
6.393e-06
6.411e-06
6.425e-06
6.411e-06
6.422e-06
6.413e-06
6.421e-06
6.41e-06
6.406e-06
6.422e-06
6.416e-06
6.403e-06
6.407e-06
6.426e-06
6.417e-06
6.398e-06
6.411e-06
6.422e-06
6.412e-06
6.398e-06
6.415e-06
6.419e-06
6.405e-06
6.407e-06
6.423e-06
6.418e-06
6.4e-06
6.411e-06
6.422e-06
6.411e-06
6.402e-06
6.435e-06
6.422e-06
6.409e-06
6.405e-06
6.417e-06
6.419e-06
6.406e-06
6.402e-06
6.416e-06
6.411e-06
6.399e-06
6.405e-06
6.419e-06
6.408e-06
6.396e-06
6.408e-06
6.419e-06
6.409e-06
6.402e-06
6.418e-06
6.42e-06
6.405e-06
6.402e-06
6.423e-06
6.418e-06
6.399e-06
6.407e-06
6.419e-06
6.403e-06
6.404e-06
6.408e-06
6.447e-06
6.405e-06
