#time [s]
0.001960844
0.001949374
0.001963037
0.002001153
0.001983423
0.001952504
0.001973334
0.002008664
0.001954986
0.001947781
0.00196531
0.001968271
0.001969021
0.001954208
0.001971707
0.001997104
0.0019665
0.001955583
0.001961636
0.002007813
0.001970662
0.001955153
0.001977766
0.001999631
0.001964386
0.00195032
0.001947345
0.001963749
0.001955316
0.00195666
0.001949778
0.001994476
0.0019571
0.001963075
0.001961292
0.001992303
0.001975503
0.00196268
0.001949849
0.001996257
0.001949804
0.001963319
0.001956964
0.001962857
0.001989308
0.00197587
0.001952661
0.001977573
0.001954765
0.001965218
0.001954242
0.001967959
0.00198862
0.001967181
0.001948577
0.00196095
0.00194995
0.001956412
0.001957032
0.00195901
0.001986086
0.001981168
0.001955254
0.001972688
0.001954508
0.00196753
0.001954692
0.001967523
0.001969001
0.001958705
0.001962114
0.001956027
0.001970222
0.001947895
0.001967625
0.001960577
0.002003549
0.001968566
0.001969765
0.001961049
0.001971384
0.001956638
0.001956997
0.00194959
0.001967561
0.001961363
0.001966112
0.001947673
0.001965319
0.001960376
0.001960776
0.001947806
0.001961168
0.001982443
0.001975258
0.00198481
0.001963209
0.00195625
0.001961924
0.001960652
0.001968313
0.001989667
0.001973478
0.001958729
0.001985477
0.00196147
0.00196149
0.001958468
0.001967544
0.002021346
0.001955002
0.00195927
0.001967294
0.001969433
0.001964967
0.001950201
0.001959108
0.002007699
0.001982536
0.001950403
0.001961901
0.001950968
0.00195759
0.001962276
0.001957601
0.002006176
0.001964384
0.001957412
0.001962466
0.001950435
0.001970512
0.001950779
0.001964919
0.001998483
0.002537046
0.001947817
0.001964848
0.001960409
0.001961203
0.001950842
0.001953147
0.001989434
0.001970582
0.001953482
0.001947565
0.001970913
0.001956249
0.001957951
0.001950748
0.002010791
0.001975868
0.001959217
0.001947662
0.001980107
0.001971733
0.001957707
0.001961269
0.00195786
0.003451744
0.002153134
0.001966766
0.001961313
0.001961474
0.001954451
0.001969045
0.00198171
0.001962
0.001958121
0.001951438
0.001974643
0.001944769
0.001957832
0.001949611
0.002048489
0.001988178
0.001960241
0.001950376
0.001961373
0.0019532
0.001958495
0.001949293
0.001983465
0.002029736
0.002012051
0.001954385
0.001973006
0.001947582
0.001959369
0.001948052
0.001956924
0.002006543
0.001968274
0.001970465
0.001961894
0.001961644
0.001950841
0.001957216
0.001956
0.001960258
0.001960488
0.001961043
0.001966995
0.00196003
0.001972882
0.001954779
0.001965976
0.001954385
0.002002753
0.001965245
0.001956857
0.001951223
0.001961376
0.00195035
0.002036581
0.001949318
0.001960717
0.002012356
0.001947813
0.001981339
0.001953692
0.00195778
0.001950569
0.001968747
0.001957215
0.001995786
0.001947857
0.001962921
0.001955537
0.001964157
0.001961032
0.00195707
0.001982011
0.002008267
0.001966868
0.001952335
0.001996667
0.001947288
0.001963586
0.001955626
0.001956395
0.001979042
0.001954532
0.001948407
0.001977593
0.001961372
0.001970132
0.001960481
0.001947562
0.002011124
0.001960224
0.001965953
0.001965207
0.001961617
0.001957023
0.001967206
0.001961868
0.001986534
0.001974834
0.001969861
0.001961508
0.001968448
0.00195089
0.001964105
0.001955563
0.001962754
0.001962479
0.00198079
0.001955105
0.001971797
0.001950699
0.001971264
0.001954528
0.001964159
0.001985617
0.001974898
0.001976287
0.001981207
0.001960581
0.001971787
0.001954431
0.001967355
0.001983106
0.001974135
0.001955099
0.001971883
0.001960542
0.001964842
0.001957696
0.001956949
0.002115099
0.00194749
0.001948257
0.00196274
0.00194984
0.001972026
0.001949827
0.001947045
0.002031363
0.002013776
0.002044925
0.002038025
0.002050646
0.00209188
0.00216607
0.002204377
0.002224071
0.002192361
0.002205686
0.002223985
0.002019038
0.00194973
0.001961746
0.001949723
0.001962423
0.001967052
0.002008948
0.001964895
0.001960794
0.001955564
0.001949159
0.001959297
0.001949315
0.001946833
0.001950533
0.001964466
0.001966559
0.001946874
0.001970793
0.001946872
0.001963622
0.001953483
0.001973606
0.001951657
0.002007773
0.001963295
0.001969598
0.001950391
0.001962034
0.001950965
0.001957742
0.001951201
0.001964076
0.001998199
0.001954557
0.001980545
0.001960368
0.001954843
0.001954329
0.0019551
0.001957866
0.001979526
0.001956811
0.001955521
0.001974223
0.001962391
0.001960802
0.001948285
0.001967783
0.001985268
0.001960491
0.001951467
0.001977747
0.001954292
0.001967698
0.001954554
0.001968142
0.001976885
0.001969476
0.001947063
0.001953574
0.001971452
0.00195414
0.001970773
0.001956185
0.00198616
0.001976683
0.001955661
0.00195678
0.002082195
0.001955805
0.001956874
0.001954216
0.001963704
0.001961898
0.001961154
0.001955368
0.001966811
0.00195003
0.001970451
0.001954617
0.001975734
0.003579349
0.00196188
0.001946881
0.001964634
0.001960485
0.001957108
0.00194992
0.002010599
0.001969189
0.001962414
0.001961439
0.001974571
0.001960976
0.001962555
0.001950549
0.001956557
0.001962805
0.0019723
0.001948765
0.001972034
0.001950435
0.001967973
0.001953896
0.001972423
0.002081903
0.001985054
0.00194688
0.001948884
0.001964195
0.001960537
0.001967247
0.001954182
0.00202811
0.001980982
0.001956778
0.001950545
0.001947573
0.001971703
0.001947314
0.001960633
0.001991709
0.001972463
0.001959018
0.001960365
0.001947741
0.001965078
0.00195443
0.001960997
0.001961849
0.002002791
0.003450686
0.003383316
0.002725283
0.001961074
0.00195917
0.00195473
0.00210997
0.00195607
0.001948037
0.001958794
0.001953364
0.001953707
0.001946248
0.001953719
0.002006153
0.001948196
0.001968846
0.001963571
0.001972384
0.001946521
0.001948806
0.001960794
0.001944293
0.001968177
0.001948717
0.002016553
0.001944829
0.001954865
0.001967788
0.001964926
0.001968456
0.001950301
0.001957206
0.00197677
0.001957185
0.001959316
0.001954062
0.001965427
0.001953017
0.001969874
0.001946101
0.001959489
0.001959465
0.001990243
0.00196409
0.001969175
0.001946356
0.001963369
0.00195299
0.00197267
0.001959739
0.001962998
0.001980335
0.001972249
0.001960195
0.001956159
0.001955571
0.001948924
0.001946216
0.001966574
0.002002187
0.001964575
0.001955038
0.00196876
0.001950131
0.00196327
0.001957087
0.001965219
0.002669548
0.001955782
0.001959154
0.001955261
0.001968878
0.001954379
0.001959582
0.001953115
0.002105518
0.001948468
0.001946953
0.0019582
0.00196621
0.00195981
0.001975487
0.001950132
0.002755341
0.002112542
0.00196504
0.001963627
0.001958852
0.001955661
0.001954314
0.001972413
0.001989975
0.001961952
0.001961338
0.001949725
0.001974095
0.001971874
0.001959257
0.001947462
0.001995678
0.001947538
0.001961807
0.001995818
0.001945904
0.001957919
0.001961277
0.001968547
0.001992098
0.001971627
0.001954476
0.00196947
0.001999893
0.001959961
0.001955442
0.001971755
0.001954155
0.001961037
0.001947667
0.001961224
0.001974672
0.00196983
0.001950168
0.001966735
0.001947313
0.002009535
0.001947545
0.001974548
0.002083546
0.001956433
0.001961076
0.001973399
0.001965833
0.001961608
0.001962133
0.001963672
0.001983836
0.001959688
0.001946056
0.001963914
0.001955638
0.001963698
0.001963379
0.001963326
0.002008227
0.001961852
0.001955614
0.001961085
0.00196897
0.001951206
0.001957616
0.001950444
0.00196834
0.001959065
0.001963948
0.001951569
0.001981638
0.001962812
0.001957977
0.001955013
0.001963739
0.001980774
0.001963682
0.001956753
0.005135432
0.006343767
0.005847667
0.005904589
0.002897832
0.001981307
0.001964264
0.001952209
0.001962551
0.001963946
0.001954292
0.001967274
0.001953736
0.001989776
0.001954309
0.001967353
0.001947615
0.001978628
0.001947693
0.001961752
0.001953697
0.003691043
0.001963249
0.001972001
0.001950526
0.001979971
0.001961279
0.001971087
0.001954474
0.0019994
0.001947934
0.00195842
0.001953495
0.00197103
0.001944678
0.001968702
0.001960397
0.001956551
0.001985409
0.001974751
0.001948952
0.001976235
0.002057711
0.001962536
0.00195688
0.001951269
0.001957526
0.001955915
0.001959089
0.001965019
0.001962493
0.001962404
0.001951056
0.001970741
0.001998812
0.001964071
0.001957635
0.001967836
0.001950245
0.001967905
0.001957405
0.001964176
0.001957888
0.001954617
0.001991521
0.001959287
0.001963104
0.00195586
0.001958674
0.001952939
0.001967448
0.001993691
0.002024763
0.001959799
0.001964526
0.001981239
0.001953513
0.001979051
0.001954265
0.001960208
0.001960041
0.002034263
0.001960275
0.001975084
0.001950474
0.001956793
0.001961978
0.001954887
0.001960901
0.001954149
0.001979403
0.001954724
0.001976562
0.001947547
0.001970582
0.001947483
0.001965504
0.001953958
0.00196729
0.001954536
0.002028036
0.001979438
0.00195234
0.001968548
0.001959323
0.001971523
0.001949232
0.00196263
0.001954628
0.001990196
0.001961603
0.00199296
0.001956414
0.001949629
0.001959395
0.001961666
0.001953804
0.001949622
0.00195938
0.001968658
0.001953688
0.001950062
0.001946789
0.001955387
0.001956687
0.001956625
0.002003856
0.001957808
0.001967817
0.001956672
0.001968072
0.001956637
0.001956617
0.001956536
0.001966257
0.001974258
0.001959077
0.001955718
0.001975459
0.001954798
0.001961365
0.001964536
0.001964091
0.002044827
0.001958134
0.001964716
0.001954666
0.001958271
0.001949503
0.001952444
0.001947221
0.002160502
0.001948965
0.0019551
0.001969135
0.00195414
0.00195527
0.001962129
0.001958828
0.00206728
0.001957555
0.001966493
0.001972709
0.001960473
0.001975646
0.001953974
0.00197134
0.001954976
0.001961885
0.002042987
0.002019273
0.002034761
0.00208686
0.002066816
0.002177336
0.002196821
0.002230177
0.002225478
0.002204589
0.002211536
0.002008268
0.001954257
0.001957252
0.001953143
0.002038374
0.001958886
0.001981457
0.001959237
0.001950965
0.001960412
0.001964987
0.00194832
0.001957192
0.001979951
0.001980337
0.001961363
0.001962473
0.001956397
0.001961267
0.001948849
0.00195268
0.001986501
0.001957047
0.001964344
0.001949398
0.001947442
0.00195903
0.001953882
0.001972572
0.001947135
0.001947406
0.00279306
0.003489831
0.002538046
0.001959413
0.00194742
0.001954093
0.002007392
0.001948119
0.001983015
0.00195833
0.00195879
0.001960686
0.001953973
0.001967664
0.001961011
0.002000969
0.001969007
0.001948123
0.001963289
0.001951953
0.001965146
0.001962662
0.001955487
0.001987676
0.001960227
0.00198149
0.001971781
0.00195372
0.001965004
0.001947022
0.001960125
0.001961006
0.001971937
0.002032171
0.001961204
0.001950257
0.001964427
0.001953865
0.001961464
0.001961672
0.001954515
0.004167921
0.001959105
0.00195135
0.001953825
0.001950709
0.001969081
0.00196695
0.00202962
0.001995927
0.002046541
0.002039139
0.001983968
0.001957323
0.001971283
0.001958015
0.001964847
0.001950737
0.001992902
0.001946468
0.001963089
0.001957281
0.002064306
0.001970806
0.001959014
0.001962284
0.001946427
0.002007395
0.0019723
0.00196169
0.001967957
0.001964858
0.001956934
0.001958459
0.001950178
0.001947511
0.001968413
0.001950185
0.002007551
0.001963563
0.001947763
0.001965572
0.00194775
0.001961377
0.002003245
0.00196715
0.001991775
0.001967806
0.001953977
0.001965888
0.001947724
0.001961816
0.001964802
0.002000637
0.0019568
0.001980524
0.001957382
0.001950189
0.001961262
0.001954167
0.001967243
0.001954169
0.002055554
0.001968832
0.00194886
0.001966707
0.001959257
0.001972839
0.001953516
0.001953768
0.001957476
0.001981214
0.001982971
0.001954271
0.001968151
0.001954591
0.0019548
0.001952319
0.001956947
0.001971631
0.001984392
0.00195792
0.001964959
0.001961214
0.001947813
0.001979374
0.001949941
0.001968218
0.001954677
0.001967543
0.001959506
0.001971945
0.001947783
0.00195062
0.001958136
0.001957918
0.001947679
0.00195737
0.001989599
0.001948431
0.001955517
0.001961316
0.001960197
0.001951219
0.0019541
0.001960642
0.001971409
0.001960431
0.001947729
0.001965821
0.001954638
0.00196569
0.001954091
0.001967407
0.00200127
0.001960994
0.001947505
0.001973743
0.001960761
0.001968568
0.001954611
0.001961173
0.001965767
0.001967807
0.001961641
0.001951392
0.001954881
0.001963743
0.001957255
0.001957007
0.002021641
0.001967632
0.001957019
0.001961001
0.001961917
0.001963989
0.001957116
0.001950529
0.001963855
0.00200369
0.001957256
0.001950769
0.001968547
0.001950739
