#time [s]
9e-07
9.01e-07
8.07e-07
8.06e-07
8.03e-07
7.86e-07
7.98e-07
8.23e-07
7.95e-07
7.86e-07
7.89e-07
7.84e-07
7.82e-07
7.96e-07
7.86e-07
7.95e-07
8.05e-07
7.83e-07
7.98e-07
7.87e-07
7.98e-07
7.97e-07
7.88e-07
7.86e-07
8.07e-07
7.98e-07
7.87e-07
7.85e-07
7.95e-07
7.86e-07
7.87e-07
7.88e-07
7.98e-07
7.96e-07
7.97e-07
7.96e-07
7.85e-07
7.87e-07
7.96e-07
7.84e-07
7.94e-07
7.94e-07
7.95e-07
7.85e-07
7.84e-07
7.96e-07
7.94e-07
7.88e-07
7.86e-07
7.97e-07
7.85e-07
7.87e-07
7.96e-07
7.95e-07
7.88e-07
7.88e-07
7.98e-07
7.88e-07
7.88e-07
7.98e-07
7.98e-07
7.9e-07
7.88e-07
7.95e-07
7.97e-07
7.89e-07
7.86e-07
7.95e-07
7.95e-07
7.94e-07
7.95e-07
7.84e-07
7.84e-07
7.94e-07
7.95e-07
7.86e-07
7.86e-07
7.95e-07
7.97e-07
7.89e-07
7.86e-07
7.96e-07
7.84e-07
7.87e-07
7.95e-07
7.97e-07
7.87e-07
7.97e-07
7.98e-07
8.53e-07
7.9e-07
7.98e-07
7.98e-07
7.98e-07
8e-07
7.97e-07
7.96e-07
7.85e-07
7.85e-07
7.97e-07
7.84e-07
7.82e-07
7.95e-07
7.96e-07
7.96e-07
7.86e-07
7.85e-07
7.97e-07
7.96e-07
7.85e-07
7.84e-07
7.98e-07
7.98e-07
7.99e-07
7.82e-07
7.83e-07
7.98e-07
7.96e-07
7.85e-07
7.97e-07
7.98e-07
7.99e-07
7.83e-07
7.97e-07
7.86e-07
7.96e-07
7.95e-07
7.82e-07
7.95e-07
7.96e-07
7.85e-07
7.94e-07
7.83e-07
7.78e-07
7.96e-07
7.85e-07
7.97e-07
7.96e-07
7.97e-07
7.85e-07
7.94e-07
7.86e-07
7.8e-07
7.95e-07
7.87e-07
7.96e-07
7.99e-07
8e-07
7.87e-07
7.98e-07
7.97e-07
7.88e-07
7.97e-07
7.97e-07
7.86e-07
7.98e-07
7.98e-07
7.85e-07
7.96e-07
7.84e-07
7.79e-07
7.95e-07
7.84e-07
7.96e-07
7.96e-07
7.96e-07
7.85e-07
7.96e-07
7.85e-07
7.81e-07
7.97e-07
7.86e-07
7.98e-07
7.99e-07
7.99e-07
7.99e-07
7.87e-07
7.99e-07
7.84e-07
7.85e-07
7.88e-07
8e-07
7.98e-07
7.97e-07
7.86e-07
7.96e-07
7.86e-07
7.82e-07
7.97e-07
7.86e-07
7.83e-07
7.86e-07
7.81e-07
7.96e-07
7.96e-07
7.85e-07
7.96e-07
7.82e-07
7.97e-07
7.86e-07
7.98e-07
7.96e-07
7.98e-07
7.97e-07
7.88e-07
7.84e-07
7.99e-07
7.88e-07
7.88e-07
7.88e-07
7.83e-07
8e-07
7.95e-07
7.87e-07
7.98e-07
7.97e-07
7.97e-07
7.84e-07
7.95e-07
7.96e-07
7.96e-07
7.95e-07
7.84e-07
7.81e-07
7.96e-07
7.86e-07
7.85e-07
7.86e-07
7.82e-07
7.98e-07
7.87e-07
7.86e-07
7.99e-07
7.99e-07
8e-07
7.99e-07
7.88e-07
7.85e-07
7.98e-07
7.88e-07
7.88e-07
7.87e-07
7.83e-07
8.15e-07
7.98e-07
7.87e-07
7.96e-07
7.96e-07
7.96e-07
7.96e-07
7.94e-07
7.95e-07
7.85e-07
7.96e-07
7.85e-07
7.82e-07
7.97e-07
7.86e-07
7.86e-07
7.87e-07
7.83e-07
7.98e-07
7.99e-07
7.88e-07
7.99e-07
7.99e-07
7.99e-07
7.86e-07
7.98e-07
7.99e-07
7.96e-07
7.95e-07
7.87e-07
7.82e-07
7.95e-07
7.87e-07
7.85e-07
7.85e-07
7.83e-07
7.94e-07
7.96e-07
7.86e-07
7.95e-07
7.82e-07
7.95e-07
7.84e-07
7.97e-07
7.96e-07
7.98e-07
7.97e-07
7.87e-07
7.83e-07
7.98e-07
7.88e-07
7.87e-07
7.88e-07
7.84e-07
8e-07
7.88e-07
7.87e-07
7.98e-07
7.98e-07
7.98e-07
7.98e-07
7.86e-07
7.83e-07
7.98e-07
7.85e-07
7.83e-07
7.86e-07
7.82e-07
7.96e-07
7.95e-07
7.85e-07
7.96e-07
7.82e-07
7.97e-07
7.84e-07
7.96e-07
7.96e-07
7.98e-07
7.97e-07
7.88e-07
7.84e-07
7.98e-07
7.88e-07
7.87e-07
7.87e-07
7.84e-07
7.99e-07
7.87e-07
7.86e-07
7.97e-07
7.97e-07
7.98e-07
7.97e-07
7.86e-07
7.82e-07
7.97e-07
7.86e-07
7.82e-07
7.85e-07
7.81e-07
7.96e-07
7.96e-07
7.85e-07
7.95e-07
7.82e-07
7.95e-07
7.84e-07
7.97e-07
7.97e-07
7.99e-07
7.98e-07
7.87e-07
7.84e-07
8.01e-07
7.88e-07
7.87e-07
7.88e-07
7.83e-07
7.97e-07
7.86e-07
7.87e-07
7.97e-07
7.97e-07
7.96e-07
7.96e-07
7.85e-07
7.81e-07
7.96e-07
7.85e-07
7.81e-07
7.84e-07
7.81e-07
7.97e-07
7.97e-07
7.87e-07
7.97e-07
7.83e-07
7.97e-07
7.85e-07
7.98e-07
7.96e-07
8e-07
7.98e-07
7.89e-07
7.84e-07
7.99e-07
7.88e-07
7.86e-07
7.87e-07
7.83e-07
7.97e-07
7.87e-07
7.85e-07
7.97e-07
7.97e-07
7.96e-07
7.95e-07
7.86e-07
7.8e-07
7.96e-07
7.85e-07
7.83e-07
7.86e-07
7.82e-07
7.97e-07
7.98e-07
7.87e-07
7.97e-07
7.84e-07
7.98e-07
7.88e-07
7.98e-07
7.98e-07
8e-07
7.98e-07
7.88e-07
7.84e-07
7.98e-07
7.88e-07
7.86e-07
7.86e-07
7.82e-07
7.96e-07
7.86e-07
7.85e-07
7.96e-07
7.98e-07
7.96e-07
7.95e-07
7.84e-07
7.82e-07
7.96e-07
7.86e-07
7.83e-07
7.86e-07
7.83e-07
7.97e-07
7.98e-07
7.87e-07
7.97e-07
7.85e-07
7.98e-07
7.87e-07
7.99e-07
7.98e-07
7.99e-07
7.98e-07
7.89e-07
7.84e-07
7.99e-07
7.87e-07
7.86e-07
7.87e-07
7.82e-07
7.96e-07
7.85e-07
7.85e-07
7.94e-07
7.96e-07
7.96e-07
7.96e-07
7.85e-07
7.81e-07
7.97e-07
7.86e-07
7.84e-07
7.86e-07
7.83e-07
7.98e-07
7.99e-07
7.88e-07
7.99e-07
7.84e-07
7.99e-07
7.86e-07
7.98e-07
7.98e-07
7.99e-07
7.97e-07
7.88e-07
7.84e-07
7.98e-07
7.87e-07
7.85e-07
7.86e-07
7.81e-07
7.96e-07
7.86e-07
7.84e-07
7.96e-07
7.97e-07
7.96e-07
7.97e-07
7.86e-07
7.82e-07
7.97e-07
7.86e-07
7.84e-07
7.87e-07
7.82e-07
7.98e-07
7.99e-07
7.88e-07
7.98e-07
7.85e-07
7.98e-07
7.86e-07
7.98e-07
7.97e-07
7.99e-07
7.97e-07
7.87e-07
7.83e-07
7.97e-07
7.86e-07
7.84e-07
7.84e-07
7.82e-07
7.95e-07
7.85e-07
7.85e-07
7.96e-07
7.97e-07
7.97e-07
7.96e-07
7.86e-07
7.83e-07
7.98e-07
7.88e-07
7.86e-07
7.88e-07
7.83e-07
7.99e-07
8e-07
7.88e-07
7.98e-07
7.84e-07
7.97e-07
7.86e-07
7.99e-07
7.96e-07
7.98e-07
7.96e-07
7.86e-07
7.83e-07
7.97e-07
7.85e-07
7.84e-07
7.84e-07
7.81e-07
7.96e-07
7.85e-07
7.84e-07
7.96e-07
7.97e-07
7.99e-07
7.97e-07
7.87e-07
7.83e-07
7.99e-07
7.88e-07
7.85e-07
7.89e-07
7.83e-07
7.99e-07
7.98e-07
7.87e-07
7.97e-07
7.84e-07
7.97e-07
7.85e-07
7.97e-07
7.97e-07
7.96e-07
7.96e-07
7.86e-07
7.81e-07
7.96e-07
7.84e-07
7.83e-07
7.85e-07
7.81e-07
7.97e-07
7.86e-07
7.85e-07
7.96e-07
7.98e-07
7.99e-07
7.98e-07
7.87e-07
7.83e-07
7.99e-07
7.88e-07
7.85e-07
7.88e-07
7.84e-07
7.98e-07
7.98e-07
7.88e-07
7.96e-07
7.83e-07
7.97e-07
7.83e-07
7.96e-07
7.95e-07
7.96e-07
7.96e-07
7.85e-07
7.81e-07
7.96e-07
7.85e-07
7.86e-07
7.86e-07
7.82e-07
7.98e-07
7.87e-07
7.86e-07
7.97e-07
7.98e-07
7.98e-07
8e-07
7.89e-07
7.83e-07
7.99e-07
7.89e-07
7.86e-07
7.88e-07
7.83e-07
7.99e-07
7.98e-07
7.86e-07
7.96e-07
7.84e-07
7.97e-07
7.84e-07
7.95e-07
7.95e-07
7.96e-07
7.95e-07
7.86e-07
7.82e-07
7.96e-07
7.86e-07
7.86e-07
7.86e-07
7.82e-07
7.98e-07
7.86e-07
7.87e-07
7.98e-07
7.99e-07
7.98e-07
7.99e-07
7.89e-07
7.85e-07
7.99e-07
7.87e-07
7.84e-07
7.88e-07
7.82e-07
7.97e-07
7.97e-07
7.86e-07
7.95e-07
7.83e-07
7.96e-07
7.83e-07
7.95e-07
7.95e-07
7.96e-07
7.96e-07
7.85e-07
7.82e-07
7.96e-07
7.86e-07
7.86e-07
7.86e-07
7.83e-07
7.99e-07
7.89e-07
7.87e-07
7.98e-07
7.98e-07
8.01e-07
7.99e-07
7.87e-07
7.84e-07
7.99e-07
7.86e-07
7.84e-07
7.87e-07
7.82e-07
7.98e-07
7.96e-07
7.86e-07
7.95e-07
7.82e-07
7.96e-07
7.83e-07
7.95e-07
7.95e-07
7.96e-07
7.96e-07
7.86e-07
7.82e-07
7.97e-07
7.87e-07
7.86e-07
7.88e-07
7.84e-07
8e-07
7.88e-07
7.88e-07
8e-07
7.99e-07
7.99e-07
7.99e-07
7.87e-07
7.83e-07
7.98e-07
7.86e-07
7.83e-07
7.86e-07
7.82e-07
7.97e-07
7.96e-07
7.86e-07
7.95e-07
7.81e-07
7.96e-07
7.82e-07
7.96e-07
7.95e-07
7.97e-07
7.97e-07
7.87e-07
7.83e-07
7.97e-07
7.88e-07
7.87e-07
7.88e-07
7.84e-07
8e-07
7.88e-07
7.87e-07
7.98e-07
7.99e-07
7.98e-07
7.98e-07
7.86e-07
7.83e-07
7.98e-07
7.86e-07
7.83e-07
7.85e-07
7.81e-07
7.96e-07
7.95e-07
7.85e-07
7.96e-07
7.81e-07
7.97e-07
7.82e-07
7.96e-07
7.96e-07
7.97e-07
7.98e-07
7.87e-07
7.85e-07
7.99e-07
7.88e-07
7.87e-07
7.87e-07
7.85e-07
7.98e-07
7.87e-07
7.86e-07
7.97e-07
7.97e-07
7.98e-07
7.98e-07
7.86e-07
7.82e-07
7.97e-07
7.86e-07
7.82e-07
7.85e-07
7.81e-07
7.96e-07
7.96e-07
7.85e-07
7.95e-07
7.82e-07
7.96e-07
7.84e-07
7.96e-07
7.96e-07
7.97e-07
7.97e-07
7.88e-07
7.84e-07
7.99e-07
7.88e-07
7.88e-07
7.88e-07
7.83e-07
7.99e-07
7.87e-07
7.85e-07
7.97e-07
7.98e-07
7.97e-07
7.96e-07
7.85e-07
7.82e-07
7.96e-07
7.85e-07
7.82e-07
7.84e-07
7.81e-07
7.96e-07
7.96e-07
7.86e-07
7.96e-07
7.82e-07
7.97e-07
7.85e-07
7.97e-07
7.96e-07
8e-07
7.98e-07
7.88e-07
7.85e-07
7.99e-07
7.88e-07
7.87e-07
7.87e-07
7.83e-07
7.98e-07
7.86e-07
7.86e-07
7.96e-07
7.97e-07
7.97e-07
7.96e-07
7.85e-07
7.81e-07
7.95e-07
7.84e-07
7.82e-07
7.84e-07
7.81e-07
7.97e-07
7.98e-07
7.86e-07
7.98e-07
7.83e-07
7.98e-07
7.86e-07
7.98e-07
7.98e-07
7.99e-07
7.99e-07
7.88e-07
7.85e-07
7.99e-07
7.87e-07
7.86e-07
7.86e-07
7.84e-07
7.98e-07
7.86e-07
7.86e-07
7.96e-07
7.96e-07
7.97e-07
7.96e-07
7.84e-07
7.81e-07
7.96e-07
7.85e-07
7.83e-07
7.86e-07
7.82e-07
7.98e-07
7.97e-07
7.87e-07
7.97e-07
7.84e-07
8e-07
7.86e-07
7.98e-07
7.99e-07
7.99e-07
7.98e-07
7.88e-07
7.86e-07
7.98e-07
7.86e-07
7.86e-07
7.87e-07
7.82e-07
7.97e-07
7.86e-07
7.85e-07
7.96e-07
7.96e-07
7.97e-07
7.96e-07
7.85e-07
7.82e-07
7.97e-07
7.87e-07
7.83e-07
7.86e-07
7.83e-07
7.98e-07
7.98e-07
7.87e-07
7.97e-07
7.85e-07
7.98e-07
7.87e-07
7.98e-07
7.98e-07
7.98e-07
7.99e-07
7.88e-07
7.84e-07
7.97e-07
7.86e-07
7.85e-07
7.86e-07
7.82e-07
7.96e-07
7.85e-07
7.84e-07
7.95e-07
7.95e-07
7.96e-07
7.96e-07
7.85e-07
7.82e-07
7.97e-07
7.87e-07
7.84e-07
7.87e-07
7.83e-07
7.99e-07
7.99e-07
7.88e-07
7.98e-07
7.85e-07
7.98e-07
7.86e-07
7.98e-07
7.98e-07
7.98e-07
7.98e-07
7.87e-07
7.83e-07
7.96e-07
7.86e-07
7.84e-07
7.87e-07
7.82e-07
7.96e-07
7.84e-07
7.84e-07
7.96e-07
7.96e-07
7.97e-07
7.97e-07
7.86e-07
7.82e-07
7.98e-07
7.87e-07
7.85e-07
7.87e-07
7.85e-07
7.99e-07
7.99e-07
7.88e-07
7.98e-07
7.85e-07
7.99e-07
7.85e-07
7.96e-07
7.97e-07
7.98e-07
7.96e-07
7.87e-07
7.82e-07
7.96e-07
7.85e-07
7.84e-07
7.85e-07
