#time [s]
0.000144417
0.000125046
0.000124984
0.000124973
0.000124872
0.000131515
0.00012498
0.000124921
0.000124814
0.000124946
0.000124919
0.00012493
0.000124825
0.000124923
0.00012493
0.000124902
0.00012491
0.000124922
0.00012491
0.000124922
0.000124923
0.000134016
0.000125061
0.000124956
0.000124916
0.000124938
0.000124893
0.000124911
0.000124853
0.000124919
0.000124898
0.000124929
0.000124932
0.00012496
0.000131265
0.00012496
0.000124911
0.000124904
0.000124815
0.000124934
0.000124922
0.000124895
0.000124933
0.000124902
0.000124968
0.000124818
0.000124833
0.000124939
0.00012486
0.000124928
0.000124918
0.000124824
0.000124943
0.000124907
0.000124925
0.000124905
0.000124931
0.000124896
0.000124916
0.000124926
0.000124906
0.000124926
0.000124918
0.000125182
0.000125024
0.000125376
0.000124929
0.000156533
0.00012506
0.000124923
0.000125662
0.000124937
0.000124918
0.00012493
0.000124891
0.000124935
0.00012496
0.000124932
0.000124954
0.000124952
0.00012492
0.000124824
0.000124906
0.000124904
0.000124931
0.000124945
0.000124921
0.000124969
0.000124926
0.000124931
0.000124915
0.00013278
0.000125018
0.000124945
0.000124952
0.000124981
0.000124866
0.000124928
0.0001249
0.000124926
0.000124925
0.000124924
0.000124943
0.000125
0.000124812
0.000124913
0.00012493
0.000124838
0.000124949
0.000124887
0.000124932
0.000124959
0.000124881
0.000124921
0.000124879
0.000124925
0.000124943
0.000124858
0.000131815
0.000125006
0.000124937
0.000124918
0.000124917
0.000124841
0.000134318
0.000145914
0.000125035
0.000124869
0.000124909
0.000124887
0.000124925
0.00012494
0.000124823
0.000124904
0.000124886
0.00012491
0.000124928
0.000133937
0.000125111
0.000124902
0.000124886
0.000124851
0.000124906
0.000124934
0.000124903
0.000131095
0.000125009
0.000124909
0.000124938
0.000124911
0.000124924
0.000124914
0.000125023
0.000124893
0.000124872
0.000124896
0.00012481
0.000124938
0.000124917
0.000124813
0.000124938
0.000124935
0.00012491
0.000124921
0.000124919
0.000124784
0.000124916
0.000124934
0.000124882
0.000124862
0.000124813
0.000124931
0.00013453
0.00012501
0.000124974
0.000124933
0.000124922
0.000152024
0.000130212
0.000124925
0.000124874
0.00012621
0.000128712
0.000198237
0.000125135
0.000124956
0.000124941
0.000124946
0.000124897
0.000124903
0.000124925
0.000124878
0.000124928
0.000124918
0.000124901
0.000124903
0.0001248
0.000124902
0.000124907
0.000124917
0.000125228
0.000124934
0.000124929
0.000124923
0.000124932
0.000124898
0.000124911
0.000124927
0.00012491
0.000124907
0.000124823
0.000124941
0.000124931
0.000124927
0.000124902
0.000124938
0.000124953
0.000124898
0.00012493
0.00012493
0.000124895
0.000124911
0.000124958
0.000124915
0.000124896
0.000124924
0.000124915
0.000131756
0.000125039
0.000124923
0.000124923
0.00012497
0.000124926
0.000124931
0.000124876
0.00012491
0.000124975
0.000124944
0.000124927
0.000124915
0.000124829
0.000228499
0.000125203
0.000124952
0.000124914
0.000124873
0.000124952
0.000124919
0.000124922
0.00012492
0.000124926
0.000139916
0.00012495
0.000124912
0.000130997
0.000124959
0.000124922
0.000124927
0.000124901
0.000124899
0.000124852
0.000124926
0.000124912
0.000124838
0.0001249
0.000124931
0.000124941
0.000124861
0.000124818
0.000124933
0.000124914
0.000124847
0.000124895
0.00012492
0.000124876
0.000124906
0.000124928
0.000124912
0.000124911
0.000124911
0.00012494
0.000124948
0.000124899
0.000124948
0.000124948
0.000124931
0.000125706
0.000130849
0.000124904
0.000125059
0.000124941
0.00012494
0.000124859
0.000124953
0.000124861
0.000124822
0.000124943
0.000124934
0.000124844
0.000124954
0.000124931
0.000124905
0.00012491
0.000124926
0.000124921
0.000124929
0.000124965
0.000124897
0.000124852
0.000124922
0.000124918
0.000124934
0.000124832
0.000124956
0.000124968
0.000124928
0.000124957
0.00012491
0.00012493
0.000124936
0.000124897
0.000124964
0.000124968
0.00013141
0.000125037
0.000124947
0.000124906
0.000124916
0.00012493
0.000124929
0.000124922
0.000124876
0.00012492
0.00012493
0.000124907
0.000124896
0.000124903
0.000124953
0.000124891
0.000124935
0.000124934
0.000124925
0.000124929
0.000124855
0.000124906
0.000124872
0.000124926
0.000124908
0.000124937
0.000124914
0.000124904
0.000124903
0.000124904
0.000124925
0.000124895
0.000180291
0.000140303
0.000131363
0.000124994
0.000124916
0.000124912
0.000133889
0.000125008
0.000124923
0.000124921
0.000124907
0.00012492
0.000124929
0.00012493
0.000124912
0.0001249
0.000124905
0.00012492
0.000124916
0.000124922
0.000124937
0.000124842
0.00012489
0.000124923
0.000124931
0.00012491
0.000124921
0.000124902
0.000124955
0.000124928
0.000124859
0.000124907
0.000124836
0.000124908
0.000124953
0.000124914
0.000131048
0.000124965
0.000124904
0.000124889
0.00012491
0.000124917
0.000151159
0.000125019
0.000124936
0.000124887
0.000124845
0.000124934
0.000124928
0.00012494
0.000124922
0.00012492
0.000124905
0.000124826
0.000124928
0.000124912
0.000124937
0.000124892
0.000124972
0.000124903
0.000124938
0.000124936
0.000124911
0.000124921
0.000124888
0.000124936
0.000124918
0.000124904
0.000124889
0.000124924
0.000125137
0.000124919
0.000124934
0.000124899
0.00012492
0.000124903
0.000124914
0.000124952
0.000124952
0.000124918
0.000124924
0.000124939
0.000124921
0.000124922
0.000124882
0.000124926
0.000124943
0.000124907
0.00012493
0.000124901
0.000124912
0.000124883
0.000124914
0.000124944
0.000124877
0.00012493
0.000124936
0.000124905
0.000124923
0.00012494
0.00012485
0.000124875
0.000124908
0.000131483
0.000125016
0.000124912
0.000124942
0.000124937
0.000124881
0.000124835
0.000179536
0.000142085
0.000124931
0.000124896
0.000124902
0.000124914
0.000124919
0.000124934
0.000124921
0.000124911
0.000124901
0.000124891
0.000124926
0.000124893
0.000124829
0.000124908
0.000124922
0.000124867
0.000124907
0.000124906
0.000124911
0.000124924
0.000124912
0.000124924
0.000124896
0.000124967
0.000124912
0.000125125
0.00012495
0.00012493
0.000125229
0.000124843
0.000124857
0.000124936
0.00012494
0.000124931
0.000124925
0.000124928
0.000124939
0.000124971
0.000124942
0.000124922
0.00014744
0.000127328
0.000124945
0.00012501
0.000124928
0.000124967
0.000124964
0.000124892
0.00012495
0.000124838
0.000124918
0.000124936
0.000124908
0.000124927
0.00013158
0.000125004
0.000124905
0.000124947
0.000124893
0.000124911
0.000124844
0.000124965
0.000124942
0.000124914
0.000124886
0.000124934
0.000124893
0.000124996
0.000124935
0.000124863
0.000124926
0.000124914
0.000124979
0.000124925
0.000124906
0.00012494
0.000124934
0.000124909
0.000124905
0.000124921
0.000124927
0.000124917
0.000124886
0.00012492
0.000134978
0.000125006
0.000124941
0.000124963
0.000124971
0.00012492
0.000124936
0.000124938
0.000124872
0.000124862
0.000124965
0.000124914
0.00012495
0.00012497
0.000124913
0.000124906
0.00012493
0.000124932
0.000124914
0.000124936
0.000124915
0.000124949
0.00012482
0.000124928
0.000124902
0.000124902
0.000124946
0.000124923
0.000124922
0.000124914
0.000131905
0.00012501
0.00012493
0.000124937
0.00012494
0.000124946
0.000124942
0.00012492
0.000124946
0.000124932
0.000124918
0.000124924
0.000124954
0.000124901
0.000124905
0.000124806
0.000124895
0.000124938
0.00013254
0.000128604
0.000124923
0.000124961
0.000124948
0.000124952
0.000124926
0.000124933
0.000124877
0.000124937
0.000133011
0.000125001
0.000124922
0.000124916
0.000124935
0.000124846
0.000124935
0.000124945
0.000124929
0.000147248
0.000125974
0.000124953
0.000124905
0.000124924
0.000124839
0.00012489
0.000124932
0.00012493
0.000124927
0.000150022
0.000125141
0.000124963
0.00012497
0.000124952
0.000124927
0.000124821
0.000124841
0.000124969
0.000125129
0.00012499
0.00012494
0.000124948
0.000124909
0.000124904
0.000124953
0.000124921
0.000124924
0.000124925
0.000124907
0.000163014
0.00012659
0.00012494
0.000124958
0.000124895
0.000124924
0.000124911
0.000124853
0.000124891
0.00012496
0.000124924
0.000124861
0.000124913
0.00012493
0.000124946
0.000124894
0.000134937
0.000124998
0.000124877
0.000124974
0.000124863
0.00012493
0.000124908
0.000124948
0.000124918
0.000124932
0.000124944
0.000124918
0.000124944
0.000124911
0.000124927
0.000124908
0.000124913
0.000124897
0.000124906
0.000124917
0.000124908
0.00012491
0.000124923
0.000124974
0.000124902
0.000124941
0.000124898
0.000124917
0.000131366
0.000125023
0.000125011
0.00012484
0.000124921
0.000124928
0.000124837
0.000124929
0.000124933
0.000124816
0.000124947
0.000124912
0.000124914
0.000124934
0.000124913
0.000124917
0.000124958
0.000124979
0.000124933
0.000124908
0.000124926
0.000124904
0.000124935
0.000124886
0.000124913
0.000124897
0.000124908
0.000124937
0.000131317
0.000124934
0.000124876
0.000124846
0.000124961
0.000124919
0.000124919
0.000124928
0.000124926
0.000124896
0.000124916
0.000124926
0.000137806
0.000126596
0.000124969
0.000130547
0.000147796
0.000128577
0.000125009
0.000137333
0.000125131
0.00014562
0.000125296
0.000124942
0.000125158
0.000136675
0.000125582
0.000136831
0.000131283
0.000136648
0.000125064
0.00012502
0.000136872
0.000125052
0.000137168
0.000125047
0.000124933
0.00014058
0.000126626
0.000124916
0.000136749
0.000125036
0.000136775
0.000125033
0.000125105
0.000124904
0.000125166
0.000136758
0.00012502
0.000137276
0.000137211
0.000125065
0.000137138
0.00012503
0.000137426
0.000135255
0.000137613
0.000137186
0.000137215
0.000125034
0.000137131
0.000137217
0.000125057
0.000125075
0.00013732
0.000125053
0.000137552
0.00012493
0.000137363
0.000125058
0.000137451
0.000137279
0.000137353
0.000124928
0.000137623
0.000137213
0.000125008
0.000138494
0.000137347
0.00012502
0.000138898
0.000127124
0.000124872
0.00012519
0.000137492
0.000124987
0.00012518
0.000137479
0.000139611
0.000125063
0.000137699
0.000125044
0.000126695
0.000137546
0.000125099
0.00013735
0.000149834
0.000149602
0.000149314
0.000139361
0.000149584
0.000137463
0.000149776
0.000139246
0.000149399
0.000149448
0.000150726
0.000149883
0.00013743
0.000154681
0.000154686
0.000149707
0.000137281
0.000149365
0.000149587
0.000149492
0.000139722
0.000137567
0.00016585
0.000148563
0.000148499
0.000148501
0.000136995
0.000136901
0.000148293
0.000137111
0.000148242
0.00016046
0.000136893
0.000136734
0.000136763
0.000148608
0.000148187
0.000137031
0.000137587
0.000148846
0.000148941
0.000136977
0.000137168
0.000149312
0.000149774
0.000149621
0.00013723
0.000137417
0.000137319
0.000153318
0.000149615
0.000148266
0.000137631
0.000149653
0.000149562
0.00013743
0.000140065
0.000149557
0.000149685
0.000149769
0.000137402
0.000125089
0.00014013
0.000149585
0.000150046
0.000137264
0.000137611
0.000127607
0.000124921
0.000135056
0.000125024
0.00012496
0.000124953
0.000124969
0.000124919
0.000124914
0.000124961
0.000124965
0.000124897
0.000124928
0.000124922
0.000124804
0.000124959
0.000124902
0.000124831
0.00012495
0.000124845
0.000124942
0.000124916
0.000124869
0.000124935
0.000124928
0.000124872
0.000124893
0.000124955
0.000124982
0.000124916
0.000124842
0.000124971
0.000131429
0.00012528
0.000124982
0.000124827
0.000124906
0.000124891
0.000124908
0.000124916
0.00012491
0.000124918
0.000124908
0.000124943
0.000124974
0.000124936
0.000124919
0.000124936
0.00012493
0.000124922
0.00012491
0.000124939
0.000124941
0.000124933
0.000124819
0.000124945
0.000124933
0.000124915
0.000124881
0.000124916
0.00012493
0.000124922
0.000140784
0.000125105
0.000124984
0.000124883
0.000124959
0.000124861
0.000124926
0.000124915
0.000124963
0.000124975
0.00012485
0.000124903
0.000124926
0.000134191
0.000125058
0.000125016
0.000124953
0.000124894
0.000124913
0.000124928
0.000124923
0.000124917
0.000124914
0.000124937
0.00012491
0.000124845
0.000124906
0.000124907
0.000124916
0.000124916
0.000131207
0.000124996
0.000124968
0.000124891
0.000124949
0.000124928
0.000124925
0.0001249
0.000124902
0.000124926
0.000124936
0.000124902
0.000124916
0.000124903
0.000124917
0.000124986
0.000124929
0.000124926
0.000124889
0.000124911
0.000124804
0.000124903
0.000124919
0.000124925
0.000124949
