#time [s]
1.8061e-05
1.8064e-05
1.8005e-05
1.8024e-05
1.8038e-05
1.7605e-05
1.7737e-05
1.7655e-05
1.7592e-05
1.7567e-05
1.7579e-05
1.7592e-05
1.7605e-05
1.7563e-05
1.8003e-05
1.7605e-05
2.9226e-05
1.7694e-05
1.7702e-05
1.7672e-05
1.7684e-05
1.7686e-05
1.7567e-05
1.7583e-05
1.7611e-05
1.7611e-05
1.7566e-05
1.7594e-05
1.7593e-05
1.7649e-05
1.7564e-05
1.7597e-05
1.7592e-05
1.7549e-05
1.7651e-05
1.7599e-05
1.761e-05
1.756e-05
1.7588e-05
1.7608e-05
1.7578e-05
1.7587e-05
1.7589e-05
1.7603e-05
1.7563e-05
1.757e-05
1.759e-05
1.7606e-05
1.7561e-05
1.7583e-05
1.7599e-05
1.7586e-05
1.7562e-05
1.759e-05
1.76e-05
1.7568e-05
1.7563e-05
1.7605e-05
1.7602e-05
1.7556e-05
1.7575e-05
1.7602e-05
1.7603e-05
1.7565e-05
1.758e-05
1.76e-05
1.7595e-05
1.756e-05
1.7601e-05
1.7592e-05
1.7574e-05
1.7572e-05
1.7606e-05
1.7594e-05
1.7579e-05
1.7591e-05
1.7591e-05
1.7568e-05
1.7561e-05
1.7581e-05
1.7603e-05
1.756e-05
1.7574e-05
1.7616e-05
1.7601e-05
1.7569e-05
1.7584e-05
1.7591e-05
1.7576e-05
1.7552e-05
1.7586e-05
1.7601e-05
1.7579e-05
1.757e-05
1.7592e-05
1.76e-05
1.7563e-05
1.7575e-05
1.761e-05
1.758e-05
1.757e-05
1.7585e-05
1.76e-05
1.7575e-05
1.757e-05
1.7591e-05
1.7599e-05
1.7638e-05
1.7649e-05
1.7678e-05
1.7683e-05
1.7702e-05
1.7578e-05
1.7604e-05
1.7578e-05
1.7634e-05
1.766e-05
1.7803e-05
2.0189e-05
1.7637e-05
1.7751e-05
1.7618e-05
1.7783e-05
1.8644e-05
1.8165e-05
1.8387e-05
1.7688e-05
1.7674e-05
1.7577e-05
1.758e-05
1.7666e-05
1.7644e-05
1.7571e-05
1.7587e-05
1.7601e-05
1.757e-05
1.7567e-05
1.7597e-05
1.7602e-05
1.7571e-05
1.7576e-05
1.7608e-05
1.7577e-05
1.7544e-05
1.7588e-05
1.7599e-05
1.7576e-05
1.7577e-05
1.7602e-05
1.759e-05
1.7571e-05
1.7567e-05
1.759e-05
1.7587e-05
1.7664e-05
1.7595e-05
1.7742e-05
1.7771e-05
1.7894e-05
1.7582e-05
1.7605e-05
1.7557e-05
1.756e-05
1.7594e-05
1.7614e-05
1.7566e-05
1.7565e-05
1.759e-05
1.7586e-05
1.7578e-05
1.7587e-05
1.759e-05
1.7584e-05
1.7655e-05
1.7588e-05
1.7608e-05
1.758e-05
1.7581e-05
1.7583e-05
1.7588e-05
1.7583e-05
1.7572e-05
1.7609e-05
1.7589e-05
1.7568e-05
1.7585e-05
1.7602e-05
1.7573e-05
1.7558e-05
1.7592e-05
1.7596e-05
1.7573e-05
1.7569e-05
1.7592e-05
1.7587e-05
1.7551e-05
1.7577e-05
1.759e-05
1.7661e-05
1.7549e-05
1.7662e-05
1.7596e-05
1.7576e-05
1.7557e-05
1.759e-05
1.7585e-05
1.7574e-05
1.757e-05
1.7598e-05
1.7583e-05
1.7553e-05
1.7585e-05
1.7598e-05
1.7573e-05
1.7562e-05
1.7594e-05
1.7593e-05
1.7558e-05
1.7558e-05
1.761e-05
1.7578e-05
1.7551e-05
1.759e-05
1.7585e-05
1.7569e-05
1.7556e-05
1.7673e-05
1.7627e-05
1.7584e-05
1.7573e-05
1.7595e-05
1.7593e-05
1.7567e-05
1.7593e-05
1.7577e-05
1.7576e-05
1.7569e-05
1.7587e-05
1.7601e-05
1.7574e-05
1.7565e-05
1.7586e-05
1.7588e-05
1.7565e-05
1.7581e-05
1.7598e-05
1.758e-05
1.7569e-05
1.7693e-05
1.7687e-05
1.7553e-05
1.7569e-05
1.7598e-05
1.7589e-05
1.7569e-05
1.7592e-05
1.76e-05
1.7576e-05
1.7575e-05
1.7601e-05
1.7603e-05
1.7577e-05
1.7559e-05
1.7595e-05
1.7603e-05
1.7574e-05
1.7596e-05
1.7587e-05
1.7599e-05
1.7559e-05
1.7577e-05
1.7604e-05
1.7578e-05
1.7562e-05
1.7598e-05
1.7688e-05
1.758e-05
2.6643e-05
2.6981e-05
1.8514e-05
1.8477e-05
1.889e-05
1.8779e-05
1.8298e-05
1.8424e-05
1.8016e-05
1.7626e-05
1.7675e-05
1.7649e-05
1.7648e-05
1.7665e-05
1.7644e-05
1.7641e-05
1.7656e-05
1.7687e-05
1.7643e-05
1.7649e-05
1.7664e-05
1.766e-05
1.7637e-05
1.764e-05
1.7667e-05
1.7656e-05
1.763e-05
1.7651e-05
1.7675e-05
1.7653e-05
1.7652e-05
1.7666e-05
1.7669e-05
1.7652e-05
1.7644e-05
1.7604e-05
1.767e-05
1.7657e-05
1.7643e-05
1.7665e-05
1.7676e-05
1.7658e-05
1.7644e-05
1.7678e-05
1.7676e-05
1.7634e-05
1.7646e-05
1.7672e-05
1.7655e-05
1.7636e-05
1.7687e-05
1.7678e-05
1.7626e-05
1.7637e-05
1.7666e-05
1.7665e-05
1.7638e-05
1.7655e-05
1.766e-05
1.7652e-05
1.7644e-05
1.7666e-05
1.766e-05
1.7639e-05
1.7631e-05
1.7658e-05
1.7668e-05
1.7649e-05
1.7646e-05
1.7751e-05
1.7667e-05
1.7723e-05
1.7653e-05
1.7678e-05
1.7653e-05
1.7642e-05
1.7646e-05
1.7665e-05
1.7637e-05
1.7719e-05
1.7664e-05
1.766e-05
1.7631e-05
1.7721e-05
1.7666e-05
1.7662e-05
1.7629e-05
1.7643e-05
1.766e-05
1.7732e-05
1.7633e-05
1.7658e-05
1.7669e-05
1.773e-05
1.7634e-05
1.7667e-05
1.7686e-05
1.7638e-05
1.7648e-05
1.7751e-05
1.7662e-05
1.7651e-05
1.7649e-05
1.767e-05
1.7648e-05
1.7628e-05
1.7682e-05
1.767e-05
1.7635e-05
1.7716e-05
1.7664e-05
1.766e-05
1.7641e-05
1.7653e-05
1.7684e-05
1.7744e-05
1.7626e-05
1.7659e-05
1.7693e-05
1.767e-05
1.7648e-05
1.7667e-05
1.7674e-05
1.7719e-05
1.7633e-05
1.7749e-05
1.7662e-05
1.7733e-05
1.764e-05
1.7677e-05
1.7658e-05
1.763e-05
1.7645e-05
1.7759e-05
1.7647e-05
1.7633e-05
1.7665e-05
1.767e-05
1.7655e-05
1.7628e-05
1.7666e-05
1.7664e-05
1.764e-05
1.7645e-05
1.7683e-05
1.7653e-05
1.7635e-05
1.7661e-05
1.7681e-05
1.767e-05
1.7647e-05
1.7656e-05
1.7681e-05
1.7629e-05
1.763e-05
1.7674e-05
1.7666e-05
1.7719e-05
1.7644e-05
1.7663e-05
1.7649e-05
1.7626e-05
1.7651e-05
1.7661e-05
1.7645e-05
1.7637e-05
1.7646e-05
1.7668e-05
1.7642e-05
1.7634e-05
1.7678e-05
1.7658e-05
1.7627e-05
1.7663e-05
1.7668e-05
1.7728e-05
3.8885e-05
1.7745e-05
1.7683e-05
1.7688e-05
1.7637e-05
1.7588e-05
1.7666e-05
1.7584e-05
1.7655e-05
1.7593e-05
1.7596e-05
1.7561e-05
1.7579e-05
1.7601e-05
1.7585e-05
1.7588e-05
1.7598e-05
1.7666e-05
1.7578e-05
1.7721e-05
1.765e-05
1.7598e-05
1.7648e-05
1.7567e-05
1.7673e-05
1.7671e-05
1.7564e-05
1.7743e-05
1.7592e-05
1.7647e-05
1.7553e-05
1.766e-05
1.7593e-05
1.773e-05
1.7583e-05
1.7675e-05
1.7601e-05
1.7635e-05
1.7565e-05
1.7674e-05
1.7584e-05
1.7642e-05
1.7591e-05
1.7675e-05
1.7572e-05
1.7717e-05
1.7601e-05
2.3993e-05
1.7759e-05
1.7662e-05
1.7684e-05
1.7697e-05
1.7681e-05
1.7633e-05
1.7656e-05
1.7606e-05
1.764e-05
1.7568e-05
1.7677e-05
1.7616e-05
1.7638e-05
1.7566e-05
1.7671e-05
1.7662e-05
1.7568e-05
1.7643e-05
1.7599e-05
1.7644e-05
1.7573e-05
1.7663e-05
1.7605e-05
1.7633e-05
1.7563e-05
1.761e-05
1.7597e-05
1.7641e-05
1.7566e-05
1.7597e-05
1.768e-05
1.7567e-05
1.76e-05
1.7604e-05
1.7593e-05
1.7564e-05
1.7609e-05
1.761e-05
1.7566e-05
1.7581e-05
1.7619e-05
1.7588e-05
1.7565e-05
1.7594e-05
1.7594e-05
1.7571e-05
1.7556e-05
1.7592e-05
1.7602e-05
1.7578e-05
1.7575e-05
1.7587e-05
1.759e-05
1.7566e-05
1.7586e-05
1.7608e-05
1.758e-05
1.7554e-05
1.7589e-05
1.7593e-05
1.7569e-05
1.7557e-05
1.7605e-05
1.7589e-05
1.765e-05
1.7574e-05
1.7603e-05
1.7579e-05
1.7565e-05
1.7585e-05
1.7605e-05
1.7571e-05
1.7575e-05
1.7599e-05
1.7601e-05
1.7569e-05
1.7579e-05
1.762e-05
1.7687e-05
1.767e-05
1.7668e-05
1.7611e-05
1.7588e-05
1.7569e-05
1.7691e-05
1.7697e-05
1.757e-05
1.7564e-05
1.7594e-05
1.7591e-05
1.7573e-05
1.7571e-05
1.762e-05
1.7598e-05
1.7575e-05
1.7582e-05
1.7599e-05
1.7572e-05
1.7574e-05
1.7593e-05
1.7607e-05
1.7564e-05
1.7574e-05
1.7592e-05
1.7587e-05
1.7581e-05
1.7588e-05
1.7602e-05
1.7578e-05
1.7571e-05
1.7592e-05
1.7604e-05
1.7576e-05
1.757e-05
1.7582e-05
1.7603e-05
1.7569e-05
1.7574e-05
1.7594e-05
1.7572e-05
1.7564e-05
1.7586e-05
1.7594e-05
1.7578e-05
1.7569e-05
1.7587e-05
1.7598e-05
1.7567e-05
1.7578e-05
1.7592e-05
1.7591e-05
1.7564e-05
1.7606e-05
1.7589e-05
1.757e-05
1.7559e-05
1.7603e-05
1.7582e-05
1.7566e-05
1.7574e-05
1.7607e-05
1.7673e-05
1.7568e-05
1.7595e-05
1.7591e-05
1.7571e-05
1.756e-05
1.7592e-05
1.7607e-05
1.7571e-05
1.7568e-05
1.7605e-05
1.7582e-05
1.7572e-05
1.7579e-05
1.7672e-05
1.7575e-05
1.757e-05
1.759e-05
1.7606e-05
1.7584e-05
1.7589e-05
1.7594e-05
1.7594e-05
1.757e-05
1.7564e-05
1.7594e-05
1.7598e-05
1.7565e-05
1.7592e-05
1.7596e-05
1.7571e-05
1.7579e-05
1.7587e-05
1.7581e-05
1.7562e-05
1.7586e-05
1.7594e-05
1.7583e-05
1.7569e-05
1.7604e-05
1.7609e-05
1.7567e-05
1.757e-05
1.7602e-05
1.7596e-05
1.7565e-05
1.7584e-05
1.7585e-05
1.7607e-05
1.7548e-05
1.7583e-05
1.7611e-05
1.7584e-05
1.7555e-05
1.7588e-05
1.7591e-05
1.7572e-05
1.7569e-05
1.7615e-05
1.7581e-05
1.7563e-05
1.7588e-05
1.7589e-05
1.7584e-05
1.7554e-05
1.7577e-05
1.7598e-05
1.7572e-05
1.7568e-05
1.7607e-05
1.7594e-05
1.7575e-05
1.7582e-05
1.7671e-05
1.7581e-05
1.7564e-05
1.7599e-05
1.7596e-05
1.759e-05
1.7574e-05
1.7588e-05
1.76e-05
1.7566e-05
1.7562e-05
1.7602e-05
1.7687e-05
1.7751e-05
1.7703e-05
1.7679e-05
1.7674e-05
1.7668e-05
1.772e-05
1.7657e-05
1.7674e-05
1.7654e-05
1.7645e-05
1.7669e-05
1.7668e-05
1.765e-05
1.7648e-05
1.7661e-05
1.7665e-05
1.7639e-05
1.7635e-05
1.7672e-05
1.7658e-05
1.7634e-05
1.7664e-05
1.7668e-05
1.7657e-05
1.7637e-05
1.767e-05
1.767e-05
1.7639e-05
1.7632e-05
1.7745e-05
1.7676e-05
1.7724e-05
1.7639e-05
1.769e-05
1.7652e-05
1.7731e-05
1.7643e-05
1.7691e-05
1.7648e-05
1.7721e-05
1.7651e-05
1.7682e-05
1.7626e-05
1.7644e-05
1.7669e-05
1.7669e-05
1.762e-05
1.7643e-05
1.7674e-05
1.7744e-05
1.7634e-05
1.7656e-05
1.7666e-05
1.7723e-05
1.7628e-05
1.764e-05
1.767e-05
1.7697e-05
1.7634e-05
1.7661e-05
1.7652e-05
1.7631e-05
1.764e-05
1.7666e-05
1.7655e-05
1.7646e-05
1.7648e-05
1.7675e-05
1.7633e-05
1.7632e-05
1.7679e-05
1.7758e-05
1.766e-05
1.7728e-05
1.7672e-05
1.7742e-05
1.7644e-05
1.7727e-05
1.7679e-05
1.7642e-05
1.763e-05
1.7664e-05
1.7669e-05
1.7733e-05
1.7624e-05
1.7668e-05
1.7669e-05
1.7641e-05
1.7644e-05
1.7675e-05
1.7665e-05
1.7651e-05
1.7656e-05
1.7675e-05
1.7668e-05
1.7642e-05
1.7641e-05
1.7662e-05
1.7638e-05
1.7642e-05
1.7667e-05
1.7754e-05
1.7644e-05
1.765e-05
1.7675e-05
1.7661e-05
1.764e-05
1.8239e-05
1.7724e-05
1.7666e-05
1.7563e-05
1.8299e-05
1.8259e-05
1.7619e-05
1.8004e-05
1.801e-05
1.803e-05
1.8022e-05
1.7988e-05
1.7995e-05
1.8018e-05
1.8016e-05
1.7988e-05
1.7992e-05
1.803e-05
1.8005e-05
1.7991e-05
1.7997e-05
1.8019e-05
1.8002e-05
1.799e-05
1.8022e-05
1.8023e-05
1.7992e-05
1.7988e-05
1.8025e-05
1.8031e-05
1.8e-05
1.8002e-05
1.8016e-05
1.8032e-05
1.8005e-05
1.7995e-05
1.8014e-05
1.8024e-05
1.7988e-05
1.7996e-05
1.8014e-05
1.8008e-05
1.7995e-05
1.7996e-05
1.8009e-05
1.8017e-05
1.7995e-05
1.8019e-05
1.8015e-05
1.8012e-05
1.7995e-05
1.8002e-05
1.8026e-05
1.8018e-05
1.7988e-05
1.801e-05
1.8027e-05
1.804e-05
1.7982e-05
1.8008e-05
1.8026e-05
1.8012e-05
1.7989e-05
1.8016e-05
1.8005e-05
1.8008e-05
1.7989e-05
1.8013e-05
1.8026e-05
1.8029e-05
1.7993e-05
1.8027e-05
1.8022e-05
1.8004e-05
1.799e-05
1.8023e-05
1.8021e-05
1.7569e-05
1.7995e-05
1.8042e-05
1.801e-05
1.8013e-05
1.8e-05
1.8033e-05
1.8025e-05
1.7995e-05
1.8007e-05
1.8026e-05
1.8015e-05
1.7995e-05
1.7997e-05
1.8027e-05
1.8016e-05
1.7991e-05
1.8012e-05
1.8037e-05
1.8003e-05
1.8008e-05
1.8006e-05
1.8019e-05
1.8002e-05
1.8009e-05
1.8004e-05
1.8046e-05
1.7978e-05
1.8e-05
1.8006e-05
1.8031e-05
1.7995e-05
1.7997e-05
1.801e-05
1.8029e-05
1.7994e-05
1.8005e-05
1.802e-05
2.5556e-05
1.7795e-05
1.7689e-05
1.7693e-05
1.7699e-05
1.7605e-05
1.7638e-05
1.759e-05
1.7602e-05
1.7648e-05
1.7559e-05
1.7671e-05
1.7676e-05
1.7656e-05
1.7634e-05
1.7596e-05
1.76e-05
1.7641e-05
1.764e-05
1.7611e-05
1.7601e-05
1.757e-05
1.7575e-05
1.7602e-05
1.7578e-05
1.7583e-05
1.7591e-05
1.7621e-05
1.7546e-05
1.7586e-05
1.7601e-05
1.759e-05
1.7586e-05
1.7585e-05
1.7596e-05
1.7587e-05
1.7558e-05
1.7599e-05
1.7605e-05
1.7568e-05
1.7587e-05
1.7577e-05
1.7582e-05
1.7568e-05
1.7579e-05
1.7602e-05
1.7576e-05
1.7556e-05
1.7597e-05
1.7597e-05
