# nm = 1024 nc = 100 len = 100 extf = 0 beta = 0.487
#energy 	magnetization 	acceptance
-1.7236	-0.906	0.093777
-1.6544	-0.8658	0.093819
-1.708	-0.8674	0.099386
-1.6792	-0.8598	0.09669
-1.7032	-0.8938	0.095546
-1.6856	-0.8744	0.093191
-1.7144	-0.8976	0.094084
-1.7176	-0.8868	0.090468
-1.7112	-0.897	0.094931
-1.716	-0.8998	0.088834
-1.7004	-0.9	0.090473
-1.6808	-0.8812	0.093542
-1.7232	-0.8962	0.093367
-1.7144	-0.9004	0.094777
-1.6644	-0.8748	0.093766
-1.704	-0.8808	0.093208
-1.7088	-0.889	0.094943
-1.6948	-0.8816	0.091091
-1.6664	-0.8724	0.096716
-1.7112	-0.8988	0.093548
-1.686	-0.886	0.09062
-1.7184	-0.9012	0.093872
-1.7036	-0.8956	0.092352
-1.688	-0.8756	0.091374
-1.7184	-0.9048	0.093896
-1.702	-0.8818	0.090737
-1.704	-0.8952	0.092375
-1.6824	-0.8854	0.094709
-1.7468	-0.92	0.093109
-1.688	-0.8742	0.092651
-1.7028	-0.8944	0.097709
-1.6616	-0.8662	0.095001
-1.6836	-0.8798	0.093812
-1.6932	-0.883	0.0938
-1.7104	-0.9018	0.093894
-1.7192	-0.9014	0.09389
-1.6916	-0.8816	0.095075
-1.6728	-0.8728	0.093036
-1.7324	-0.9124	0.093012
-1.7156	-0.8962	0.090315
-1.7136	-0.8966	0.0937
-1.7104	-0.8932	0.095329
-1.6804	-0.8818	0.093329
-1.6432	-0.8694	0.094984
-1.6884	-0.87	0.094751
-1.7452	-0.902	0.095294
-1.694	-0.8882	0.095237
-1.716	-0.9016	0.091415
-1.6884	-0.88	0.096246
-1.6868	-0.876	0.09804
-1.6976	-0.8902	0.094331
-1.7008	-0.894	0.092517
-1.7368	-0.9098	0.093123
-1.7344	-0.9084	0.091561
-1.724	-0.8974	0.092325
-1.7088	-0.8808	0.092653
-1.6956	-0.8868	0.094646
-1.7004	-0.8856	0.094914
-1.7252	-0.9036	0.094684
-1.694	-0.8838	0.095007
-1.7124	-0.8948	0.095531
-1.6908	-0.8876	0.09248
-1.7384	-0.9088	0.093518
-1.7204	-0.9	0.094216
-1.7104	-0.9014	0.090727
-1.7284	-0.8994	0.097724
-1.7192	-0.9022	0.091348
-1.704	-0.8952	0.095327
-1.7052	-0.877	0.094187
-1.7168	-0.8866	0.095792
-1.7208	-0.904	0.096933
-1.696	-0.8874	0.093781
-1.7432	-0.9158	0.09151
-1.7208	-0.9046	0.090566
-1.6932	-0.8826	0.090796
-1.7176	-0.9004	0.097483
-1.712	-0.9036	0.095762
-1.7348	-0.9042	0.092417
-1.702	-0.8916	0.091425
-1.7072	-0.898	0.093076
-1.6784	-0.8778	0.092331
-1.6904	-0.8854	0.096244
-1.684	-0.88	0.090339
-1.7292	-0.8928	0.094028
-1.6932	-0.8888	0.090368
-1.7168	-0.903	0.093121
-1.7056	-0.8966	0.08965
-1.71	-0.889	0.095486
-1.7072	-0.9036	0.092889
-1.7008	-0.887	0.090833
-1.7144	-0.8968	0.096933
-1.6784	-0.8838	0.095539
-1.7024	-0.8876	0.094217
-1.652	-0.8652	0.095576
-1.7104	-0.881	0.097185
-1.7436	-0.9122	0.091474
-1.6956	-0.8854	0.092976
-1.7048	-0.8942	0.093714
-1.6888	-0.8842	0.093676
-1.6904	-0.8902	0.093302
-1.7076	-0.8942	0.092274
-1.7068	-0.8898	0.095484
-1.6972	-0.8766	0.090166
-1.6976	-0.8872	0.093935
-1.7052	-0.8866	0.094469
-1.7028	-0.8944	0.095145
-1.7112	-0.895	0.092035
-1.6872	-0.8806	0.095458
-1.698	-0.8798	0.093094
-1.7156	-0.898	0.091153
-1.6972	-0.8842	0.096745
-1.692	-0.8748	0.096801
-1.6716	-0.8748	0.093838
-1.7124	-0.8774	0.093751
-1.7092	-0.8908	0.092119
-1.6624	-0.876	0.093476
-1.7072	-0.8762	0.093467
-1.6848	-0.883	0.09332
-1.6752	-0.8832	0.093231
-1.7588	-0.9162	0.095267
-1.7028	-0.893	0.092206
-1.71	-0.8944	0.097335
-1.7012	-0.8934	0.094277
-1.7176	-0.895	0.09505
-1.6944	-0.8934	0.091968
-1.7056	-0.8966	0.095192
-1.7408	-0.9098	0.093054
-1.6692	-0.8702	0.09377
-1.6752	-0.8762	0.093272
-1.7208	-0.9082	0.093366
-1.7028	-0.9004	0.091915
-1.6584	-0.8738	0.092419
-1.7264	-0.8964	0.093131
-1.6968	-0.8952	0.09242
-1.722	-0.909	0.095069
-1.692	-0.8758	0.091256
-1.6944	-0.8554	0.098062
-1.66	-0.8778	0.098218
-1.7208	-0.899	0.091464
-1.712	-0.8998	0.093064
-1.7024	-0.8932	0.094079
-1.698	-0.8798	0.096129
-1.6828	-0.8846	0.095302
-1.724	-0.9048	0.091479
-1.7616	-0.9162	0.093721
-1.6988	-0.8922	0.09304
-1.6964	-0.8916	0.091895
-1.6728	-0.8774	0.093231
-1.6768	-0.8714	0.093136
-1.6968	-0.8896	0.093561
-1.67	-0.8722	0.096833
-1.7008	-0.8884	0.092307
-1.668	-0.8704	0.094792
-1.6872	-0.8828	0.092304
-1.7156	-0.8906	0.093649
-1.7116	-0.8994	0.093696
-1.71	-0.8996	0.089413
-1.716	-0.903	0.091637
-1.6792	-0.8882	0.094064
-1.728	-0.8956	0.093371
-1.7008	-0.8902	0.095943
-1.7176	-0.8998	0.091532
-1.7008	-0.8868	0.091433
-1.7236	-0.902	0.09281
-1.7136	-0.8964	0.092198
-1.7056	-0.8888	0.092944
-1.7016	-0.901	0.090061
-1.7112	-0.8912	0.092677
-1.678	-0.8822	0.096511
-1.68	-0.8834	0.09383
-1.6952	-0.8926	0.093178
-1.6892	-0.879	0.090024
-1.6976	-0.8896	0.092533
-1.7108	-0.879	0.096645
-1.6744	-0.878	0.094963
-1.7152	-0.9002	0.092885
-1.7132	-0.8868	0.094281
-1.682	-0.8726	0.093705
-1.7184	-0.9022	0.0911
-1.7308	-0.907	0.090012
-1.7156	-0.899	0.093436
-1.6844	-0.8826	0.092366
-1.7308	-0.902	0.094753
-1.6636	-0.8708	0.092418
-1.7216	-0.8914	0.096093
-1.7124	-0.9034	0.093036
-1.6968	-0.8902	0.092566
-1.716	-0.9072	0.091065
-1.702	-0.8928	0.094288
-1.712	-0.892	0.091074
-1.6932	-0.8852	0.094182
-1.6932	-0.8826	0.092389
-1.6972	-0.8936	0.098783
-1.7028	-0.8962	0.093241
-1.7132	-0.8988	0.091741
-1.6948	-0.8928	0.09062
-1.7392	-0.91	0.093082
-1.6952	-0.8906	0.095039
-1.682	-0.8794	0.09418
-1.706	-0.8908	0.093807
-1.7148	-0.8954	0.096189
-1.7112	-0.8996	0.093479
-1.69	-0.8844	0.092066
-1.7016	-0.8898	0.091283
-1.714	-0.8948	0.095503
-1.7008	-0.8916	0.094366
-1.666	-0.8702	0.093759
-1.7236	-0.9014	0.095692
-1.692	-0.8842	0.093956
-1.7036	-0.8914	0.093414
-1.7012	-0.898	0.093047
-1.7044	-0.8992	0.094208
-1.6668	-0.8792	0.09266
-1.7	-0.8892	0.09341
-1.7008	-0.892	0.09279
-1.6692	-0.8756	0.098206
-1.7076	-0.8914	0.093753
-1.7176	-0.898	0.095425
-1.7112	-0.9008	0.09286
-1.6628	-0.8794	0.091673
-1.6948	-0.8902	0.096398
-1.6888	-0.89	0.094475
-1.7076	-0.8914	0.095213
-1.7132	-0.8958	0.092148
-1.73	-0.879	0.097402
-1.6956	-0.8926	0.091976
-1.6984	-0.8912	0.092561
-1.7048	-0.873	0.094257
-1.7172	-0.9008	0.093741
-1.702	-0.8844	0.095592
-1.698	-0.8942	0.095509
-1.7012	-0.891	0.093126
-1.7176	-0.9012	0.091489
-1.7092	-0.9032	0.096746
-1.6756	-0.881	0.092149
-1.7264	-0.9048	0.094769
-1.6868	-0.878	0.093656
-1.692	-0.8888	0.093952
-1.674	-0.8818	0.094287
-1.7104	-0.8948	0.092335
-1.6984	-0.8966	0.094985
-1.6836	-0.8848	0.095729
-1.726	-0.9038	0.089789
-1.6844	-0.8768	0.093699
-1.6988	-0.8914	0.093693
-1.7096	-0.8908	0.093443
-1.6948	-0.8904	0.09315
-1.7212	-0.8976	0.09268
-1.7368	-0.9052	0.093922
-1.722	-0.8922	0.094387
-1.6752	-0.8542	0.095098
-1.7356	-0.9044	0.097069
-1.6928	-0.888	0.093034
-1.6768	-0.8804	0.097742
-1.7292	-0.9022	0.092937
-1.6844	-0.8732	0.095435
-1.7004	-0.884	0.093326
-1.7036	-0.8934	0.091125
-1.7072	-0.8904	0.092665
-1.6852	-0.8796	0.093666
-1.6788	-0.874	0.095022
-1.7108	-0.892	0.092502
-1.7244	-0.9022	0.093727
-1.694	-0.8742	0.093798
-1.6916	-0.8912	0.093733
-1.676	-0.8776	0.092672
-1.7092	-0.8926	0.091983
-1.692	-0.8912	0.094121
-1.71	-0.8948	0.093926
-1.706	-0.898	0.092176
-1.7224	-0.9024	0.092184
-1.7	-0.8832	0.094356
-1.6944	-0.8978	0.093431
-1.6908	-0.8936	0.091205
-1.7296	-0.8946	0.092785
-1.6972	-0.8972	0.092911
-1.692	-0.8838	0.092039
-1.7036	-0.8856	0.092061
-1.6892	-0.8832	0.093484
-1.7116	-0.8996	0.095126
-1.6964	-0.8836	0.094608
-1.7024	-0.8962	0.093309
-1.7096	-0.8958	0.094212
-1.7188	-0.9046	0.095766
-1.7284	-0.8992	0.093581
-1.6924	-0.8866	0.094727
-1.7064	-0.8946	0.092274
-1.7016	-0.8946	0.091738
-1.6704	-0.8716	0.094413
-1.6828	-0.8884	0.094964
-1.7016	-0.8986	0.094957
-1.6868	-0.8798	0.092474
-1.7404	-0.904	0.093189
-1.6936	-0.8882	0.091619
-1.694	-0.8836	0.095635
-1.722	-0.8994	0.090329
-1.708	-0.8966	0.091334
-1.704	-0.8808	0.094303
-1.6724	-0.88	0.096304
-1.6852	-0.8768	0.09477
-1.706	-0.8874	0.095235
-1.7152	-0.896	0.096391
-1.7308	-0.9078	0.091955
-1.7136	-0.8984	0.094731
-1.716	-0.8868	0.094392
-1.7024	-0.8938	0.094093
-1.7292	-0.9066	0.091534
-1.6764	-0.8842	0.090522
-1.6756	-0.8738	0.093204
-1.6628	-0.87	0.094781
-1.7268	-0.9062	0.094985
-1.7232	-0.9048	0.091189
-1.72	-0.9034	0.093293
-1.6952	-0.8906	0.095816
-1.71	-0.8936	0.094837
-1.6824	-0.8752	0.096008
-1.6996	-0.8768	0.098146
-1.708	-0.8956	0.096678
-1.7268	-0.906	0.089644
-1.7008	-0.8904	0.091532
-1.7016	-0.8934	0.093087
-1.7188	-0.8946	0.091336
-1.6892	-0.8906	0.096154
-1.6948	-0.8882	0.092656
-1.7088	-0.8912	0.093645
-1.6984	-0.8842	0.096289
-1.6656	-0.8758	0.092096
-1.7104	-0.8942	0.097738
-1.6832	-0.8788	0.090517
-1.6948	-0.8918	0.094715
-1.7064	-0.8906	0.093288
-1.7048	-0.8956	0.093977
-1.6808	-0.8668	0.096684
-1.7268	-0.9076	0.096664
-1.702	-0.8946	0.092039
-1.708	-0.8874	0.09571
-1.73	-0.906	0.092549
-1.7148	-0.9014	0.091289
-1.6984	-0.8862	0.09545
-1.6536	-0.859	0.092384
-1.6872	-0.8844	0.097179
-1.7344	-0.9032	0.092614
-1.7072	-0.893	0.097691
-1.7164	-0.8996	0.089169
-1.6824	-0.8838	0.092657
-1.6932	-0.89	0.092207
-1.7256	-0.9036	0.095316
-1.7148	-0.9014	0.095161
-1.6976	-0.8936	0.091847
-1.7072	-0.8912	0.09621
-1.7308	-0.9074	0.090487
-1.7032	-0.8984	0.092643
-1.6856	-0.886	0.094748
-1.7112	-0.8994	0.091401
-1.6956	-0.8902	0.092944
-1.7092	-0.897	0.095474
-1.6732	-0.8874	0.09063
-1.6936	-0.8922	0.09391
-1.726	-0.9052	0.089585
-1.702	-0.888	0.094434
-1.7024	-0.8918	0.093271
-1.7028	-0.8878	0.093856
-1.6868	-0.8866	0.093948
-1.7172	-0.8992	0.094553
-1.7048	-0.8906	0.091887
-1.6828	-0.8862	0.091728
-1.7056	-0.897	0.093186
-1.7188	-0.901	0.092372
-1.7372	-0.906	0.088755
-1.6776	-0.8838	0.090311
-1.7212	-0.9026	0.092484
-1.7048	-0.8944	0.091045
-1.7012	-0.8864	0.091678
-1.7204	-0.9074	0.095941
-1.728	-0.9044	0.092259
-1.7208	-0.889	0.094501
-1.6884	-0.88	0.094867
-1.7104	-0.8892	0.09073
-1.6932	-0.8938	0.094677
-1.726	-0.9014	0.095204
-1.6984	-0.8948	0.093671
-1.6996	-0.8828	0.095972
-1.7172	-0.9002	0.094079
-1.7088	-0.884	0.094011
-1.738	-0.9084	0.093778
-1.6608	-0.8734	0.092555
-1.6856	-0.8774	0.095808
-1.6904	-0.8876	0.091161
-1.708	-0.892	0.094372
-1.7328	-0.9082	0.089013
-1.6928	-0.884	0.093485
-1.6964	-0.8984	0.091716
-1.694	-0.8852	0.091752
-1.694	-0.8726	0.097939
-1.7284	-0.908	0.097311
-1.7188	-0.9058	0.095093
-1.7148	-0.8982	0.093984
-1.702	-0.897	0.093988
-1.7132	-0.8992	0.096183
-1.7364	-0.9076	0.091162
-1.7092	-0.8984	0.09475
-1.6968	-0.8872	0.093718
-1.7088	-0.8916	0.092454
-1.7016	-0.889	0.095457
-1.6848	-0.8672	0.092891
-1.7516	-0.9182	0.097573
-1.6792	-0.8724	0.089417
-1.7196	-0.895	0.093395
-1.7072	-0.8928	0.091529
-1.752	-0.907	0.094289
-1.7096	-0.8996	0.094501
-1.7044	-0.888	0.092748
-1.7132	-0.8952	0.09158
-1.6852	-0.8796	0.0962
-1.6996	-0.8784	0.093938
-1.7016	-0.893	0.093695
-1.68	-0.869	0.096244
-1.6956	-0.8806	0.098874
-1.7236	-0.9024	0.097625
-1.7048	-0.89	0.095622
-1.7032	-0.8774	0.091579
-1.6984	-0.8854	0.095552
-1.6752	-0.8704	0.094951
-1.7036	-0.8944	0.093216
-1.718	-0.895	0.095817
-1.7192	-0.9018	0.091922
-1.6656	-0.8612	0.092601
-1.7076	-0.8932	0.096902
-1.706	-0.9062	0.093099
-1.6952	-0.8772	0.094831
-1.7216	-0.9004	0.093274
-1.6912	-0.8912	0.09031
-1.7264	-0.9034	0.090991
-1.7304	-0.9044	0.092029
-1.6848	-0.8786	0.091225
-1.7132	-0.8996	0.095515
-1.692	-0.8896	0.090178
-1.7144	-0.8912	0.09503
-1.6944	-0.886	0.095588
-1.7052	-0.8962	0.091511
-1.6836	-0.8866	0.093838
-1.714	-0.8956	0.094675
-1.694	-0.8894	0.092721
-1.6832	-0.867	0.100572
-1.7228	-0.9122	0.091982
-1.7176	-0.8994	0.091404
-1.686	-0.8856	0.093507
-1.7088	-0.899	0.092347
-1.6688	-0.8772	0.093923
-1.7512	-0.913	0.093597
-1.7296	-0.906	0.090787
-1.692	-0.879	0.095261
-1.6896	-0.8878	0.09408
-1.7448	-0.9118	0.092362
-1.7164	-0.8986	0.091024
-1.72	-0.899	0.092926
-1.7152	-0.8938	0.094964
-1.7232	-0.8996	0.092249
-1.7132	-0.889	0.091513
-1.7104	-0.895	0.094224
-1.6956	-0.8854	0.092778
-1.6888	-0.8818	0.093596
-1.7084	-0.9006	0.094506
-1.7176	-0.904	0.092379
-1.7132	-0.9026	0.093013
-1.7	-0.8892	0.093701
-1.7196	-0.9006	0.093129
-1.7048	-0.9028	0.093327
-1.686	-0.8862	0.093677
-1.7068	-0.8892	0.093023
-1.7308	-0.9068	0.094056
-1.7036	-0.8928	0.090816
-1.7012	-0.8896	0.092352
-1.736	-0.908	0.092312
-1.72	-0.9008	0.091134
-1.7228	-0.9062	0.088323
-1.6908	-0.888	0.093355
-1.6904	-0.889	0.091553
-1.6932	-0.8638	0.092908
-1.7028	-0.894	0.092415
-1.7112	-0.8916	0.09511
-1.7056	-0.8978	0.096703
-1.7292	-0.904	0.094365
-1.7072	-0.889	0.093871
-1.7112	-0.8882	0.095784
-1.6708	-0.8502	0.09629
-1.7564	-0.9114	0.098594
-1.7396	-0.9106	0.092692
-1.73	-0.9098	0.0902
-1.7036	-0.8874	0.091716
-1.7064	-0.8886	0.092984
-1.702	-0.8932	0.092523
-1.6672	-0.8624	0.093742
-1.6836	-0.8842	0.096033
-1.696	-0.8806	0.09253
-1.6772	-0.8828	0.091985
-1.7548	-0.9148	0.091596
-1.6932	-0.8908	0.09683
-1.7028	-0.8906	0.095487
-1.718	-0.9062	0.090526
-1.6808	-0.8788	0.093223
-1.7156	-0.8902	0.095395
-1.7328	-0.8978	0.095832
-1.6952	-0.8914	0.092078
-1.7208	-0.891	0.093832
-1.6912	-0.8808	0.094997
-1.7112	-0.8966	0.095219
-1.726	-0.8988	0.092383
-1.7104	-0.8944	0.094506
-1.6904	-0.8876	0.094416
-1.7048	-0.8926	0.093937
-1.754	-0.9108	0.091373
-1.6712	-0.8772	0.094612
-1.7012	-0.895	0.093985
-1.734	-0.9058	0.090964
-1.7256	-0.9086	0.0956
-1.714	-0.904	0.091741
-1.7028	-0.895	0.090861
-1.7128	-0.9036	0.094199
-1.7	-0.8812	0.092718
-1.7144	-0.9022	0.093609
-1.6548	-0.875	0.094424
-1.7124	-0.89	0.094657
-1.6944	-0.8776	0.094174
-1.678	-0.881	0.096163
-1.684	-0.8788	0.092459
-1.6924	-0.8892	0.092102
-1.6876	-0.8898	0.091425
-1.7044	-0.8966	0.09574
-1.7168	-0.895	0.093192
-1.6996	-0.8826	0.09422
-1.7104	-0.898	0.096105
-1.7256	-0.9072	0.09396
-1.6948	-0.8886	0.093393
-1.7396	-0.908	0.092217
-1.6832	-0.8846	0.090887
-1.702	-0.897	0.09292
-1.7168	-0.8966	0.09194
-1.7268	-0.9034	0.091514
-1.7048	-0.8972	0.096081
-1.6972	-0.8934	0.094799
-1.712	-0.8968	0.097829
-1.7144	-0.9022	0.094973
-1.6972	-0.8832	0.095219
-1.6932	-0.8932	0.093318
-1.7156	-0.8992	0.093284
-1.7088	-0.9022	0.092361
-1.7392	-0.9092	0.091395
-1.696	-0.889	0.091427
-1.7136	-0.8956	0.092665
-1.7312	-0.9042	0.094713
-1.704	-0.8934	0.092986
-1.7396	-0.9072	0.091447
-1.7144	-0.8962	0.092209
-1.68	-0.8806	0.094426
-1.6952	-0.8852	0.091615
-1.7088	-0.888	0.096548
-1.6992	-0.888	0.09607
-1.7092	-0.8922	0.094401
-1.6788	-0.8824	0.092129
-1.7176	-0.9002	0.095891
-1.7212	-0.8998	0.091
-1.73	-0.9042	0.096002
-1.6924	-0.8844	0.093605
-1.7096	-0.8936	0.0936
-1.7076	-0.8998	0.093651
-1.7168	-0.8892	0.093115
-1.6836	-0.8862	0.096253
-1.7292	-0.9052	0.093797
-1.68	-0.8732	0.093974
-1.7408	-0.9038	0.095261
-1.6876	-0.883	0.091262
-1.6972	-0.8912	0.095051
-1.7108	-0.8984	0.094138
-1.6912	-0.8902	0.091841
-1.7032	-0.895	0.090284
-1.7064	-0.89	0.091207
-1.6688	-0.865	0.095707
-1.7228	-0.9014	0.093016
-1.698	-0.8862	0.092846
-1.7244	-0.9004	0.094031
-1.7144	-0.901	0.090463
-1.7364	-0.9002	0.092514
-1.712	-0.9028	0.092065
-1.6996	-0.8936	0.092832
-1.7008	-0.8882	0.095543
-1.7048	-0.8876	0.091401
-1.6828	-0.8768	0.092132
-1.7296	-0.8984	0.094704
-1.6856	-0.8832	0.094598
-1.6568	-0.8546	0.096511
-1.6968	-0.8746	0.096066
-1.6764	-0.8804	0.099563
-1.7096	-0.889	0.093711
-1.6852	-0.878	0.093245
-1.694	-0.8932	0.09626
-1.71	-0.893	0.090001
-1.718	-0.8846	0.091092
-1.7244	-0.9042	0.094022
-1.6792	-0.885	0.09097
-1.6748	-0.8746	0.094946
-1.6876	-0.8846	0.093716
-1.732	-0.9074	0.095526
-1.7	-0.8872	0.092655
-1.726	-0.9022	0.094185
-1.7144	-0.9028	0.089139
-1.6984	-0.8826	0.099615
-1.6996	-0.9006	0.092636
-1.6864	-0.8808	0.093267
-1.7232	-0.9118	0.090659
-1.7008	-0.894	0.093307
-1.6964	-0.8916	0.0906
-1.6844	-0.8824	0.096104
-1.7144	-0.8992	0.090576
-1.7176	-0.8934	0.092911
-1.7356	-0.909	0.093826
-1.7088	-0.8912	0.095987
-1.7008	-0.8936	0.091022
-1.712	-0.9002	0.090869
-1.718	-0.904	0.090341
-1.7116	-0.8976	0.093292
-1.7208	-0.8946	0.092837
-1.7012	-0.8934	0.092792
-1.704	-0.8962	0.090742
-1.7004	-0.8942	0.092078
-1.7276	-0.9096	0.092291
-1.7056	-0.8828	0.093494
-1.712	-0.9042	0.093125
-1.688	-0.8824	0.093617
-1.712	-0.8968	0.093772
-1.7068	-0.8942	0.092581
-1.658	-0.8716	0.093117
-1.7068	-0.8988	0.093228
-1.7148	-0.8954	0.091763
-1.7052	-0.8984	0.092453
-1.6876	-0.8916	0.09298
-1.7024	-0.8928	0.094728
-1.7032	-0.8932	0.09309
-1.6904	-0.8862	0.092677
-1.7552	-0.918	0.092283
-1.6976	-0.8918	0.091327
-1.722	-0.891	0.090452
-1.708	-0.8966	0.093142
-1.7104	-0.8904	0.096161
-1.6808	-0.877	0.096331
-1.7132	-0.8964	0.094797
-1.7084	-0.8958	0.094449
-1.7276	-0.904	0.092543
-1.6968	-0.8888	0.089266
-1.7344	-0.9072	0.092034
-1.7472	-0.9188	0.089916
-1.71	-0.8968	0.094762
-1.7196	-0.9006	0.095729
-1.7112	-0.9016	0.093193
-1.6984	-0.8954	0.089859
-1.6932	-0.8938	0.090626
-1.7048	-0.8946	0.091584
-1.6904	-0.881	0.090736
-1.7004	-0.8946	0.093054
-1.6864	-0.8866	0.093694
-1.7208	-0.899	0.094814
-1.7124	-0.8998	0.091888
-1.6856	-0.8684	0.093847
-1.7256	-0.8966	0.096635
-1.6824	-0.8758	0.092726
-1.7128	-0.8976	0.092187
-1.726	-0.9062	0.091303
-1.7216	-0.8978	0.092252
-1.7048	-0.8672	0.096243
-1.6872	-0.8742	0.095101
-1.6944	-0.887	0.09401
-1.7132	-0.8994	0.094606
-1.688	-0.8822	0.092634
-1.6804	-0.875	0.093172
-1.6816	-0.8828	0.094899
-1.7344	-0.902	0.092016
-1.7136	-0.8934	0.090477
-1.7156	-0.8962	0.092334
-1.714	-0.9002	0.091576
-1.7116	-0.8892	0.093725
-1.69	-0.8878	0.094465
-1.7156	-0.8908	0.092611
-1.7252	-0.9088	0.090866
-1.7212	-0.8946	0.092551
-1.7036	-0.8938	0.094408
-1.698	-0.8928	0.092383
-1.714	-0.8972	0.094744
-1.7052	-0.8888	0.094174
-1.6828	-0.877	0.090257
-1.7268	-0.9078	0.094642
-1.6912	-0.8866	0.08996
-1.7048	-0.8942	0.093454
-1.6852	-0.8842	0.093652
-1.692	-0.8942	0.093984
-1.7148	-0.8994	0.091344
-1.7072	-0.9006	0.093234
-1.6824	-0.879	0.094636
-1.7096	-0.896	0.093603
-1.686	-0.884	0.093918
-1.696	-0.8826	0.095989
-1.7096	-0.9004	0.092481
-1.7208	-0.9072	0.092036
-1.7484	-0.9136	0.090976
-1.67	-0.8786	0.093009
-1.676	-0.8788	0.096083
-1.7032	-0.8906	0.092219
-1.6992	-0.8868	0.093317
-1.6916	-0.887	0.095475
-1.7116	-0.8954	0.094584
-1.6824	-0.8908	0.092055
-1.7176	-0.8946	0.091225
-1.6828	-0.8832	0.091829
-1.7072	-0.8968	0.094104
-1.6852	-0.8896	0.091104
-1.6744	-0.8806	0.095291
-1.7128	-0.8936	0.092227
-1.7116	-0.8934	0.094609
-1.6836	-0.8846	0.095474
-1.6992	-0.8748	0.093101
-1.734	-0.9028	0.093784
-1.7128	-0.8978	0.093579
-1.7272	-0.9036	0.091423
-1.716	-0.8964	0.09283
-1.6924	-0.89	0.096948
-1.7124	-0.894	0.090486
-1.69	-0.8848	0.093366
-1.7168	-0.8962	0.094653
-1.676	-0.8848	0.092747
-1.7032	-0.8878	0.092817
-1.6908	-0.885	0.09512
-1.7396	-0.9098	0.091806
-1.7312	-0.9026	0.093106
-1.706	-0.889	0.092484
-1.7116	-0.891	0.09305
-1.7364	-0.9104	0.095089
-1.7232	-0.9044	0.090054
-1.6676	-0.8558	0.093287
-1.6924	-0.8838	0.09559
-1.6976	-0.8868	0.096035
-1.7008	-0.895	0.095599
-1.6916	-0.884	0.095929
-1.684	-0.8826	0.093937
-1.71	-0.8962	0.094958
-1.7204	-0.9	0.091891
-1.69	-0.8914	0.093721
-1.7124	-0.8832	0.092121
-1.7168	-0.9	0.093176
-1.7012	-0.889	0.092429
-1.7216	-0.8992	0.095137
-1.7244	-0.9042	0.092333
-1.6976	-0.891	0.097376
-1.7276	-0.9064	0.093569
-1.728	-0.9044	0.092678
-1.756	-0.9158	0.092097
-1.7216	-0.897	0.095828
-1.7236	-0.9004	0.092817
-1.6824	-0.8844	0.092498
-1.6888	-0.8914	0.092473
-1.6816	-0.8758	0.091528
-1.6912	-0.8918	0.092104
-1.6744	-0.8778	0.094766
-1.7156	-0.8872	0.094947
-1.6892	-0.8808	0.094228
-1.7064	-0.9	0.093166
-1.6932	-0.8906	0.094573
-1.7188	-0.902	0.092791
-1.708	-0.8946	0.091977
-1.6972	-0.8872	0.094571
-1.6664	-0.8648	0.093944
-1.72	-0.8966	0.093059
-1.7032	-0.8944	0.094477
-1.6936	-0.8908	0.091322
-1.7048	-0.8916	0.093574
-1.6828	-0.8772	0.092864
-1.7188	-0.9012	0.096072
-1.6948	-0.8916	0.09418
-1.7164	-0.897	0.091485
-1.6888	-0.8868	0.094057
-1.7328	-0.9092	0.09143
-1.71	-0.897	0.093745
-1.67	-0.8766	0.093218
-1.6904	-0.8868	0.094325
-1.7028	-0.8934	0.093409
-1.6908	-0.8752	0.096543
-1.7064	-0.897	0.094585
-1.6692	-0.8696	0.093689
-1.7364	-0.905	0.092475
-1.7028	-0.8992	0.094569
-1.736	-0.8962	0.091321
-1.718	-0.905	0.094568
-1.7076	-0.8968	0.092093
-1.692	-0.8712	0.09477
-1.7108	-0.892	0.094984
-1.6856	-0.8776	0.093224
-1.704	-0.8884	0.093486
-1.7152	-0.895	0.091389
-1.7192	-0.9006	0.093058
-1.6944	-0.8894	0.095484
-1.7108	-0.8872	0.097027
-1.7256	-0.907	0.093813
-1.6912	-0.8778	0.094842
-1.7236	-0.9032	0.091839
-1.7236	-0.903	0.093943
-1.69	-0.8814	0.090566
-1.728	-0.9078	0.0919
-1.6844	-0.8758	0.092294
-1.704	-0.8974	0.094388
-1.6884	-0.8858	0.092128
-1.7416	-0.904	0.091609
-1.7172	-0.9022	0.090261
-1.6744	-0.8714	0.091492
-1.7008	-0.895	0.095284
-1.6972	-0.8958	0.093176
-1.716	-0.8924	0.093385
-1.7192	-0.8946	0.097081
-1.6956	-0.8918	0.09286
-1.7356	-0.9064	0.092181
-1.6852	-0.8852	0.095694
-1.6732	-0.8672	0.095018
-1.6988	-0.892	0.092128
-1.7188	-0.8998	0.093559
-1.6956	-0.889	0.09503
-1.7536	-0.9112	0.092855
-1.6772	-0.8824	0.094688
-1.686	-0.8864	0.09144
-1.7216	-0.9036	0.09309
-1.7236	-0.9066	0.093961
-1.6952	-0.8924	0.093285
-1.7112	-0.9024	0.095168
-1.732	-0.9076	0.091662
-1.7036	-0.886	0.090736
-1.6864	-0.8786	0.095683
-1.7152	-0.9024	0.095445
-1.68	-0.8832	0.094794
-1.6824	-0.8666	0.098973
-1.7156	-0.9012	0.091915
-1.6872	-0.869	0.092631
-1.7312	-0.904	0.094231
-1.7316	-0.9042	0.094999
-1.6972	-0.8828	0.090303
-1.7024	-0.8924	0.093452
-1.7236	-0.9024	0.095972
-1.7232	-0.908	0.090992
-1.6944	-0.8932	0.092052
-1.6968	-0.8766	0.093047
-1.7092	-0.8832	0.097083
-1.6948	-0.8794	0.097459
-1.7096	-0.8972	0.091203
-1.6836	-0.878	0.092968
-1.7292	-0.898	0.095726
-1.7024	-0.8976	0.092574
-1.698	-0.8882	0.091581
-1.7156	-0.9036	0.094583
-1.7084	-0.8862	0.096255
-1.7084	-0.8928	0.093853
-1.674	-0.8818	0.091875
-1.7308	-0.911	0.090846
-1.71	-0.8964	0.092549
-1.7072	-0.898	0.09096
-1.6928	-0.886	0.092326
-1.6848	-0.8816	0.094472
-1.7016	-0.8942	0.089475
-1.7172	-0.8976	0.092313
-1.6888	-0.8754	0.094903
-1.6748	-0.8806	0.096848
-1.7052	-0.8944	0.093565
-1.676	-0.871	0.094057
-1.672	-0.8764	0.098861
-1.7164	-0.9022	0.093067
-1.7084	-0.8906	0.092496
-1.7248	-0.9	0.094257
-1.7196	-0.8946	0.092791
-1.724	-0.9082	0.092638
-1.7068	-0.9	0.089621
-1.6948	-0.8948	0.093908
-1.71	-0.8956	0.091934
-1.6844	-0.8876	0.090472
-1.6796	-0.8802	0.091327
-1.6968	-0.881	0.094402
-1.6644	-0.879	0.094618
-1.714	-0.9052	0.092455
-1.7324	-0.9104	0.092086
-1.696	-0.8912	0.091398
-1.672	-0.8682	0.095907
-1.6872	-0.8906	0.095968
-1.7236	-0.9038	0.094118
-1.7104	-0.8936	0.092751
-1.692	-0.8904	0.091578
-1.6968	-0.8958	0.092413
-1.7056	-0.9014	0.090704
-1.71	-0.8998	0.091514
-1.7076	-0.8918	0.094242
-1.7104	-0.8894	0.092618
-1.7144	-0.9032	0.092601
-1.6952	-0.8922	0.092071
-1.6892	-0.8814	0.092098
-1.7148	-0.899	0.091952
-1.6768	-0.8748	0.096533
-1.72	-0.9004	0.091996
-1.666	-0.8664	0.095944
-1.6968	-0.8922	0.092791
-1.7064	-0.887	0.09399
-1.7112	-0.8928	0.095531
-1.7084	-0.8892	0.09464
-1.6848	-0.8854	0.093965
-1.7224	-0.9012	0.092921
-1.726	-0.9026	0.093409
-1.6908	-0.8766	0.09031
-1.6944	-0.885	0.094914
-1.7204	-0.905	0.094258
-1.6972	-0.8926	0.09346
-1.6924	-0.8908	0.093561
-1.702	-0.8862	0.091617
-1.7132	-0.897	0.09229
-1.7052	-0.895	0.092084
-1.6892	-0.8952	0.090257
-1.7092	-0.8964	0.093132
-1.6896	-0.8698	0.093893
-1.7164	-0.8976	0.093537
-1.7272	-0.9006	0.096175
-1.7388	-0.918	0.090677
-1.6964	-0.8848	0.091802
-1.7064	-0.8962	0.092827
-1.7352	-0.9082	0.094076
-1.7272	-0.9062	0.0937
-1.7284	-0.9016	0.091889
-1.6976	-0.8892	0.093346
-1.6964	-0.8914	0.090241
-1.7204	-0.896	0.094681
-1.7056	-0.8926	0.092965
-1.6968	-0.8902	0.092974
-1.6824	-0.8742	0.09663
-1.7308	-0.9118	0.093108
-1.7416	-0.9084	0.092715
-1.7272	-0.901	0.091389
-1.7012	-0.8944	0.089705
-1.7104	-0.8992	0.093364
-1.6856	-0.8758	0.093753
-1.7232	-0.9016	0.091759
-1.6808	-0.887	0.091295
-1.722	-0.9014	0.09241
-1.674	-0.8726	0.092392
-1.6848	-0.8856	0.094385
-1.7036	-0.894	0.091958
-1.7152	-0.8954	0.095481
-1.7044	-0.8938	0.09446
-1.716	-0.8932	0.097475
-1.6908	-0.8862	0.094145
-1.6808	-0.8766	0.097166
-1.7196	-0.8966	0.09376
-1.7132	-0.8884	0.090149
-1.684	-0.8872	0.09228
-1.6936	-0.889	0.092175
-1.7256	-0.9022	0.09326
-1.6964	-0.8912	0.092165
-1.692	-0.8932	0.093104
-1.684	-0.8876	0.092194
-1.7136	-0.8936	0.093962
-1.6932	-0.8858	0.091375
-1.706	-0.8904	0.093483
-1.7196	-0.9034	0.096035
-1.7148	-0.8946	0.094208
-1.74	-0.9032	0.093561
-1.7416	-0.9094	0.094117
-1.6768	-0.8714	0.097736
-1.6832	-0.8708	0.092281
-1.672	-0.8698	0.094039
-1.7372	-0.9074	0.093212
-1.7216	-0.9002	0.093036
-1.6988	-0.8882	0.092612
-1.7044	-0.8858	0.093832
-1.6688	-0.878	0.094253
-1.7028	-0.8834	0.092205
-1.692	-0.8844	0.093609
-1.6968	-0.8682	0.093993
-1.7216	-0.9006	0.096078
-1.7068	-0.8916	0.090213
-1.7136	-0.8958	0.092129
-1.724	-0.9074	0.090958
-1.6832	-0.8838	0.092292
-1.686	-0.8876	0.093227
-1.7216	-0.8984	0.093372
-1.7268	-0.8992	0.09281
-1.73	-0.898	0.092944
-1.7252	-0.8968	0.092948
-1.7264	-0.8982	0.092989
-1.6872	-0.8916	0.090523
-1.718	-0.9042	0.095759
-1.7096	-0.8904	0.095235
-1.7356	-0.9082	0.095241
-1.7092	-0.8954	0.093782
-1.6948	-0.876	0.096673
-1.6872	-0.8768	0.095886
-1.6864	-0.8816	0.094724
-1.6864	-0.8792	0.096248
-1.6836	-0.8816	0.094658
-1.694	-0.8866	0.092105
-1.6936	-0.8876	0.094375
-1.672	-0.8724	0.092812
-1.6692	-0.8648	0.09313
-1.6908	-0.8796	0.094314
-1.7156	-0.8912	0.09538
-1.7032	-0.8844	0.095122
-1.6936	-0.8834	0.094647
-1.698	-0.8872	0.093597
-1.7092	-0.8914	0.093401
-1.712	-0.8964	0.092913
-1.688	-0.8806	0.095455
-1.6932	-0.8906	0.094188
-1.7292	-0.903	0.094588
-1.7328	-0.906	0.090247
-1.736	-0.9128	0.09203
-1.7212	-0.902	0.093744
-1.706	-0.8898	0.092417
-1.726	-0.8992	0.094229
-1.6892	-0.8864	0.094654
-1.716	-0.8948	0.091932
-1.6816	-0.8754	0.093555
-1.6936	-0.875	0.093306
-1.712	-0.8996	0.096271
-1.7168	-0.8836	0.09371
-1.6552	-0.8496	0.095878
-1.69	-0.8844	0.092794
-1.6916	-0.8886	0.094767
