# nm = 1024 nc = 100 len = 40 extf = 0 beta = 0.443
#energy 	magnetization 	acceptance
-1.4175	-0.65	0.180969
-1.4875	-0.73625	0.200156
-1.54	-0.73625	0.17125
-1.445	-0.585	0.182456
-1.4775	-0.785	0.211075
-1.5825	-0.8325	0.162013
-1.3825	-0.58125	0.177256
-1.4225	-0.4025	0.196419
-1.3575	-0.28	0.220575
-1.4375	-0.30875	0.217756
-1.5	-0.75	0.194244
-1.4725	-0.76125	0.191969
-1.4025	-0.66	0.171056
-1.5825	-0.8425	0.173275
-1.5	-0.77375	0.165406
-1.54	-0.74875	0.169725
-1.425	-0.7075	0.181544
-1.5025	-0.7725	0.188388
-1.59	-0.8325	0.1661
-1.5025	-0.80375	0.157731
-1.385	-0.5875	0.202056
-1.4275	-0.74	0.189662
-1.2975	-0.49375	0.185119
-1.41	-0.69125	0.18125
-1.59	-0.8225	0.166881
-1.4725	-0.74	0.174625
-1.6	-0.8575	0.173225
-1.555	-0.82875	0.161531
-1.4025	-0.6425	0.188294
-1.455	-0.7225	0.174375
-1.615	-0.86	0.16895
-1.385	-0.66375	0.175644
-1.485	-0.7925	0.166681
-1.455	-0.7275	0.156425
-1.4875	-0.75	0.178612
-1.3625	-0.65375	0.174219
-1.385	-0.55875	0.18385
-1.465	-0.785	0.170506
-1.54	-0.77875	0.158306
-1.43	-0.7425	0.157881
-1.4225	-0.685	0.180987
-1.58	-0.7475	0.18375
-1.52	-0.79125	0.163331
-1.48	-0.73875	0.157312
-1.605	-0.8375	0.167106
-1.4275	-0.69	0.170813
-1.435	-0.44375	0.196406
-1.345	-0.50625	0.1942
-1.3825	-0.6575	0.221381
-1.5125	-0.78	0.178612
-1.4125	-0.6975	0.171812
-1.5625	-0.795	0.193
-1.5975	-0.82	0.165975
-1.5275	-0.67625	0.191294
-1.51	-0.75375	0.187838
-1.55	-0.805	0.167806
-1.3425	-0.6375	0.184325
-1.6275	-0.85125	0.170069
-1.34	-0.60625	0.193925
-1.415	-0.685	0.210219
-1.47	-0.71125	0.170956
-1.5225	-0.765	0.188956
-1.515	-0.74875	0.189269
-1.3225	-0.58125	0.191412
-1.46	-0.595	0.220406
-1.465	-0.63375	0.190056
-1.585	-0.83625	0.166137
-1.4575	-0.7575	0.173644
-1.3975	-0.57875	0.197169
-1.3775	-0.33	0.231344
-1.325	-0.20125	0.236131
-1.41	-0.39	0.230356
-1.2975	-0.00375	0.241731
-1.3125	0.0125	0.227656
-1.385	-0.1075	0.222337
-1.33	-0.35	0.209713
-1.36	-0.38875	0.220881
-1.3825	-0.2625	0.226406
-1.3375	-0.5775	0.203338
-1.5275	-0.805	0.205737
-1.475	-0.75875	0.163944
-1.5475	-0.83125	0.161988
-1.3625	-0.67625	0.176375
-1.3825	-0.4325	0.195469
-1.38	-0.46125	0.202131
-1.4425	-0.755	0.185406
-1.4225	-0.56	0.1795
-1.365	-0.6625	0.2054
-1.4175	-0.72875	0.181194
-1.39	-0.67625	0.188137
-1.4525	-0.6625	0.198894
-1.5275	-0.7525	0.185988
-1.4275	-0.64125	0.177256
-1.45	-0.7475	0.181006
-1.4025	-0.64375	0.206831
-1.46	-0.59875	0.205525
-1.4675	-0.71875	0.1896
-1.3775	-0.67625	0.16615
-1.4375	-0.58625	0.194912
-1.475	-0.70375	0.190688
-1.455	-0.70625	0.1851
-1.5875	-0.80875	0.158475
-1.46	-0.73375	0.1687
-1.465	-0.775	0.182519
-1.54	-0.7625	0.165375
-1.5125	-0.75625	0.169469
-1.4	-0.6075	0.178194
-1.465	-0.585	0.209475
-1.5	-0.775	0.190075
-1.4025	-0.72375	0.171144
-1.4725	-0.735	0.180456
-1.5125	-0.6975	0.1938
-1.5425	-0.79375	0.174694
-1.54	-0.76625	0.179962
-1.505	-0.78875	0.1743
-1.5125	-0.7575	0.181344
-1.46	-0.71875	0.174006
-1.415	-0.65	0.190706
-1.5175	-0.77	0.193375
-1.57	-0.8225	0.1762
-1.4925	-0.73625	0.181194
-1.525	-0.7775	0.170894
-1.5575	-0.83625	0.184619
-1.5425	-0.83375	0.168538
-1.53	-0.785	0.166944
-1.4825	-0.7425	0.167588
-1.54	-0.72875	0.185744
-1.5075	-0.7275	0.190581
-1.47	-0.76375	0.186719
-1.505	-0.80125	0.170837
-1.4675	-0.65125	0.197375
-1.41	-0.425	0.198744
-1.4025	-0.4275	0.2002
-1.2875	-0.33	0.22005
-1.24	-0.1075	0.212887
-1.2875	0.1125	0.236275
-1.295	0.01375	0.247731
-1.42	0.5225	0.234906
-1.515	0.74	0.178463
-1.4975	0.78625	0.180544
-1.4825	0.77625	0.178912
-1.5625	0.80625	0.156037
-1.425	0.67375	0.170063
-1.3825	0.59375	0.200138
-1.4975	0.75875	0.177075
-1.48	0.7375	0.181381
-1.5125	0.75625	0.197806
-1.5	0.8075	0.180406
-1.605	0.81375	0.173569
-1.44	0.68375	0.176838
-1.47	0.78	0.164331
-1.375	0.61	0.187062
-1.5375	0.76125	0.168469
-1.4925	0.75375	0.185475
-1.445	0.625	0.195081
-1.3925	0.55125	0.183594
-1.5225	0.7325	0.189656
-1.325	0.57375	0.173356
-1.3025	0.445	0.212731
-1.3975	0.6825	0.201425
-1.3025	0.5075	0.2007
-1.53	0.695	0.209737
-1.5325	0.78625	0.180244
-1.4675	0.685	0.174294
-1.43	0.71875	0.192481
-1.4825	0.6075	0.202269
-1.35	0.63625	0.194456
-1.5025	0.77375	0.169762
-1.59	0.8075	0.166781
-1.45	0.70625	0.179469
-1.3775	0.64375	0.182825
-1.3575	0.45125	0.193637
-1.4375	0.76625	0.178337
-1.38	0.70375	0.154787
-1.4525	0.755	0.167119
-1.4475	0.565	0.198888
-1.495	0.7425	0.185613
-1.5025	0.8	0.188238
-1.455	0.7275	0.168788
-1.425	0.635	0.18385
-1.395	0.7525	0.177725
-1.455	0.71	0.170387
-1.4125	0.64875	0.170394
-1.32	0.495	0.201644
-1.4225	0.39625	0.221969
-1.375	0.53125	0.20605
-1.5775	0.8	0.192906
-1.4525	0.6775	0.175287
-1.4	0.70375	0.173144
-1.365	0.58875	0.179487
-1.44	0.63375	0.20305
-1.2825	0.20625	0.226562
-1.415	0.56625	0.228963
-1.335	0.6025	0.188169
-1.3325	0.5625	0.198038
-1.5275	0.82875	0.168244
-1.305	0.52875	0.181675
-1.4575	0.72625	0.2094
-1.4475	0.755	0.173331
-1.48	0.71875	0.168919
-1.3275	0.43875	0.1868
-1.4275	0.68875	0.198862
-1.57	0.8325	0.163994
-1.5525	0.73625	0.173081
-1.4575	0.7625	0.181181
-1.3625	0.65375	0.186706
-1.38	0.66	0.180831
-1.4825	0.77625	0.170869
-1.3025	0.61375	0.182737
-1.4075	0.62375	0.189263
-1.4275	0.65	0.188856
-1.38	0.675	0.176613
-1.4775	0.625	0.188925
-1.395	0.5475	0.19825
-1.495	0.7725	0.197075
-1.5225	0.82875	0.149956
-1.3925	0.615	0.200994
-1.46	0.79875	0.174881
-1.54	0.80875	0.159838
-1.515	0.77125	0.159037
-1.3975	0.61125	0.187675
-1.405	0.4875	0.198894
-1.3925	0.48375	0.205956
-1.275	0.36375	0.229275
-1.4375	0.56125	0.216575
-1.3675	0.42875	0.222737
-1.4475	0.5625	0.198269
-1.4325	0.71625	0.201719
-1.5	0.77375	0.175937
-1.3925	0.64375	0.179138
-1.43	0.72625	0.18915
-1.475	0.76125	0.1679
-1.35	0.65125	0.17655
-1.3975	0.37	0.198694
-1.455	0.555	0.213188
-1.395	0.6825	0.189513
-1.4425	0.7025	0.185025
-1.545	0.81375	0.181206
-1.5825	0.8225	0.171481
-1.3675	0.56625	0.178481
-1.4975	0.785	0.204094
-1.4325	0.7	0.166875
-1.4175	0.73	0.17645
-1.48	0.76125	0.182894
-1.355	0.575	0.204356
-1.39	0.63625	0.203881
-1.4975	0.78875	0.186575
-1.535	0.80125	0.183787
-1.5025	0.76125	0.1606
-1.3	0.53125	0.187125
-1.59	0.82875	0.1937
-1.5475	0.81625	0.16165
-1.4025	0.65875	0.194337
-1.52	0.80375	0.1864
-1.5325	0.8075	0.160881
-1.4825	0.73	0.180138
-1.48	0.80625	0.180731
-1.4875	0.66625	0.191337
-1.3825	0.45375	0.208975
-1.49	0.7425	0.202169
-1.4975	0.785	0.16295
-1.44	0.7375	0.170338
-1.3275	0.66375	0.191194
-1.5325	0.83125	0.1918
-1.56	0.7625	0.161906
-1.45	0.70375	0.177281
-1.53	0.73875	0.169625
-1.405	0.75625	0.17795
-1.4175	0.4575	0.184606
-1.4825	0.31	0.204462
-1.4725	0.7125	0.223425
-1.4925	0.76875	0.177919
-1.4225	0.71625	0.157688
-1.5525	0.835	0.183919
-1.4125	0.70875	0.173181
-1.56	0.79375	0.184675
-1.41	0.625	0.193181
-1.49	0.7225	0.18865
-1.475	0.6875	0.164013
-1.4975	0.78	0.182462
-1.5175	0.785	0.171137
-1.46	0.7125	0.168188
-1.445	0.57375	0.176506
-1.3625	0.3775	0.211369
-1.4725	0.67875	0.206106
-1.36	0.61875	0.180862
-1.45	0.76625	0.187725
-1.4	0.64625	0.190275
-1.485	0.785	0.191594
-1.4475	0.7725	0.162788
-1.3625	0.5375	0.181788
-1.575	0.8375	0.178825
-1.4375	0.66	0.178675
-1.395	0.56125	0.195281
-1.4075	0.525	0.206956
-1.465	0.68625	0.188031
-1.43	0.69	0.187519
-1.45	0.7125	0.170463
-1.51	0.7325	0.170038
-1.46	0.76125	0.169556
-1.5175	0.73625	0.181212
-1.48	0.72625	0.1936
-1.57	0.8125	0.173981
-1.475	0.65	0.18795
-1.37	0.5225	0.198938
-1.5825	0.84375	0.183694
-1.3825	0.67625	0.174962
-1.3975	0.6725	0.168494
-1.285	0.56375	0.200844
-1.5075	0.73125	0.200112
-1.5075	0.78875	0.183263
-1.48	0.7775	0.164969
-1.44	0.68	0.165225
-1.4375	0.77	0.174363
-1.395	0.6725	0.18795
-1.5375	0.8325	0.167063
-1.5225	0.7975	0.173775
-1.3925	0.62125	0.185131
-1.4775	0.7975	0.172894
-1.495	0.78875	0.171519
-1.58	0.8375	0.165381
-1.3425	0.58375	0.185756
-1.4325	0.68125	0.194438
-1.57	0.8225	0.182519
-1.5625	0.80125	0.161556
-1.4225	0.54875	0.178337
-1.5975	0.82125	0.185025
-1.4825	0.75125	0.159075
-1.4225	0.6175	0.189719
-1.505	0.7475	0.172937
-1.5225	0.81875	0.176281
-1.46	0.745	0.158119
-1.4275	0.6275	0.182725
-1.3375	0.34	0.21525
-1.3475	0.24625	0.228994
-1.3475	0.0625	0.233069
-1.3125	0.05375	0.228556
-1.3325	-0.03875	0.21695
-1.345	-0.235	0.217294
-1.28	-0.2075	0.22095
-1.275	-0.14875	0.239044
-1.4175	0.25625	0.227875
-1.4025	0.51	0.209669
-1.4675	0.71625	0.187219
-1.4575	0.64875	0.194
-1.4925	0.74875	0.168513
-1.355	0.63125	0.175237
-1.41	0.66375	0.185675
-1.445	0.7525	0.174806
-1.4075	0.6975	0.1556
-1.4625	0.78	0.169887
-1.48	0.7025	0.1752
-1.475	0.73375	0.176744
-1.4575	0.74125	0.18195
-1.32	0.64375	0.179462
-1.56	0.84375	0.156575
-1.45	0.68375	0.1693
-1.3775	0.5475	0.179106
-1.52	0.825	0.184812
-1.4525	0.69125	0.160369
-1.47	0.75625	0.189763
-1.31	0.55375	0.188775
-1.385	0.57625	0.199075
-1.54	0.79625	0.177425
-1.345	0.68625	0.186775
-1.505	0.76375	0.176988
-1.52	0.725	0.171419
-1.4525	0.59875	0.188519
-1.46	0.71875	0.1839
-1.4575	0.74875	0.168088
-1.4425	0.69625	0.174312
-1.4425	0.70375	0.193788
-1.5025	0.78625	0.179062
-1.4875	0.74875	0.173162
-1.52	0.7725	0.167594
-1.59	0.855	0.175937
-1.475	0.6875	0.175712
-1.455	0.71875	0.184256
-1.415	0.7675	0.162931
-1.3475	0.5975	0.19845
-1.3075	0.4175	0.210925
-1.58	0.855	0.207338
-1.4875	0.6425	0.180138
-1.44	0.69	0.19665
-1.64	0.8725	0.1705
-1.475	0.67875	0.163944
-1.4175	0.65875	0.191862
-1.5275	0.83125	0.179437
-1.49	0.74125	0.187787
-1.505	0.74875	0.16715
-1.4125	0.70125	0.158175
-1.4375	0.73625	0.187075
-1.43	0.72625	0.177663
-1.49	0.7325	0.186469
-1.45	0.73	0.1762
-1.38	0.62625	0.186281
-1.4325	0.61875	0.18305
-1.4775	0.65	0.183819
-1.54	0.81375	0.159906
-1.4	0.66625	0.170137
-1.63	0.81375	0.189925
-1.3625	0.415	0.202806
-1.3675	0.28875	0.221894
-1.37	0.1225	0.229931
-1.32	0.0175	0.229575
-1.3425	-0.14	0.235525
-1.3125	-0.34	0.235425
-1.45	-0.60375	0.213831
-1.3975	-0.345	0.212069
-1.4925	-0.8025	0.189812
-1.5025	-0.81	0.166213
-1.5275	-0.83	0.16445
-1.37	-0.61875	0.171706
-1.54	-0.7675	0.183094
-1.57	-0.80625	0.171306
-1.4425	-0.7875	0.157781
-1.4575	-0.63	0.169575
-1.4225	-0.6875	0.19485
-1.5325	-0.78625	0.168781
-1.4475	-0.6375	0.185219
-1.5	-0.77625	0.185494
-1.375	-0.66125	0.163788
-1.44	-0.63625	0.1843
-1.5	-0.7975	0.182044
-1.47	-0.71625	0.173831
-1.54	-0.655	0.190369
-1.485	-0.76875	0.177056
-1.505	-0.74375	0.168912
-1.5525	-0.72375	0.171625
-1.45	-0.70375	0.185512
-1.5075	-0.6925	0.185169
-1.3975	-0.7025	0.172162
-1.495	-0.76875	0.170469
-1.59	-0.85875	0.164313
-1.595	-0.83625	0.158075
-1.4	-0.6725	0.189944
-1.5225	-0.765	0.163113
-1.4475	-0.71375	0.184981
-1.48	-0.65125	0.204613
-1.435	-0.73375	0.194887
-1.4	-0.67125	0.178325
-1.4625	-0.56	0.195531
-1.4075	-0.4425	0.211438
-1.3175	-0.435	0.216925
-1.32	-0.55125	0.204006
-1.3875	-0.585	0.213569
-1.4325	-0.69	0.188475
-1.535	-0.775	0.175525
-1.4125	-0.61125	0.194631
-1.355	-0.5925	0.197981
-1.3775	-0.5075	0.2159
-1.2725	-0.02	0.237375
-1.385	0.1475	0.218062
-1.3175	-0.1425	0.224575
-1.33	0.08125	0.224744
-1.305	0.005	0.226156
-1.2825	-0.09	0.223412
-1.3625	0.15375	0.223081
-1.4075	0.12875	0.224375
-1.295	0.29	0.234294
-1.3575	0.2975	0.231163
-1.2475	0.1025	0.242162
-1.275	0.23625	0.241181
-1.255	0.51	0.222631
-1.4425	0.4375	0.229175
-1.4075	0.60625	0.204569
-1.4625	0.595	0.208894
-1.4	0.625	0.211338
-1.4525	0.7	0.19675
-1.5575	0.81125	0.163794
-1.4275	0.7225	0.176381
-1.4875	0.73875	0.160419
-1.5525	0.775	0.163819
-1.48	0.70875	0.167931
-1.3575	0.52875	0.191637
-1.5025	0.535	0.209369
-1.3725	0.3875	0.202613
-1.4925	0.76625	0.203319
-1.375	0.675	0.177244
-1.4225	0.74	0.172187
-1.46	0.71	0.178025
-1.49	0.73625	0.189119
-1.5525	0.8075	0.158581
-1.48	0.7675	0.18405
-1.4125	0.72	0.162463
-1.4825	0.75	0.1806
-1.485	0.645	0.19265
-1.355	0.54875	0.196806
-1.4425	0.60125	0.198813
-1.4975	0.7375	0.181294
-1.515	0.69	0.196313
-1.54	0.755	0.189238
-1.5025	0.805	0.172662
-1.385	0.665	0.173712
-1.4525	0.5925	0.193038
-1.335	0.4925	0.1947
-1.2325	0.3575	0.231275
-1.4875	0.75375	0.210969
-1.565	0.84	0.170731
-1.4	0.6875	0.169788
-1.5375	0.81125	0.186381
-1.4375	0.7525	0.181369
-1.465	0.73625	0.182544
-1.4025	0.71625	0.18465
-1.395	0.635	0.191619
-1.5025	0.8	0.1892
-1.475	0.76	0.161863
-1.58	0.77	0.1582
-1.4025	0.61625	0.195644
-1.49	0.76625	0.192463
-1.435	0.72875	0.172638
-1.54	0.81	0.196094
-1.5125	0.725	0.1565
-1.42	0.51625	0.194631
-1.4125	0.4375	0.212356
-1.285	0.2425	0.229725
-1.3125	0.28875	0.215569
-1.29	0.29375	0.243175
-1.285	0.63	0.224281
-1.395	0.6625	0.181088
-1.43	0.7075	0.18515
-1.5625	0.80625	0.173494
-1.4325	0.66	0.184269
-1.5625	0.84125	0.184519
-1.465	0.805	0.157381
-1.48	0.72375	0.174681
-1.4975	0.65125	0.196013
-1.4175	0.7475	0.184244
-1.44	0.73	0.174962
-1.3575	0.65	0.199687
-1.4925	0.735	0.203662
-1.35	0.445	0.21805
-1.4275	0.70375	0.194431
-1.5575	0.82375	0.166513
-1.53	0.78375	0.1743
-1.4775	0.59	0.172319
-1.3525	0.43875	0.193131
-1.36	0.16875	0.222925
-1.41	0.42	0.210219
-1.42	0.68	0.2119
-1.4625	0.65375	0.192944
-1.445	0.72875	0.171513
-1.58	0.83875	0.1858
-1.4225	0.6475	0.178081
-1.5075	0.765	0.200312
-1.3425	0.66625	0.186369
-1.4125	0.59375	0.1862
-1.38	0.41625	0.2158
-1.305	0.48	0.213606
-1.3925	0.445	0.206887
-1.4725	0.645	0.21285
-1.395	0.57	0.215625
-1.505	0.65375	0.202919
-1.3975	0.52625	0.203437
-1.3675	0.5875	0.200081
-1.4325	0.74625	0.181644
-1.42	0.67375	0.192263
-1.365	0.6675	0.201981
-1.555	0.7975	0.16085
-1.385	0.73375	0.182994
-1.55	0.79875	0.1635
-1.4875	0.79375	0.1683
-1.3575	0.63875	0.179537
-1.58	0.83125	0.193975
-1.58	0.76875	0.166238
-1.4025	0.6475	0.174419
-1.5075	0.6725	0.198025
-1.55	0.7575	0.178062
-1.455	0.66	0.181975
-1.49	0.64	0.218537
-1.3975	0.42875	0.201906
-1.345	0.3	0.216881
-1.4675	0.78	0.209175
-1.52	0.79375	0.181506
-1.4875	0.73125	0.184775
-1.515	0.8075	0.183256
-1.47	0.77875	0.157831
-1.5075	0.725	0.177106
-1.34	0.5275	0.197775
-1.4325	0.42125	0.207919
-1.38	0.54	0.230294
-1.48	0.63625	0.198669
-1.4475	0.76375	0.191887
-1.48	0.725	0.165331
-1.4175	0.625	0.191175
-1.47	0.75875	0.195894
-1.4875	0.7675	0.188906
-1.54	0.76375	0.169756
-1.4325	0.7475	0.175881
-1.5775	0.84	0.1816
-1.5475	0.77	0.16915
-1.4825	0.81625	0.169106
-1.44	0.69	0.183031
-1.5975	0.84125	0.168594
-1.405	0.70875	0.16315
-1.4325	0.7325	0.175756
-1.505	0.70375	0.192756
-1.545	0.78375	0.188337
-1.545	0.81125	0.156812
-1.51	0.7475	0.161869
-1.48	0.7675	0.171563
-1.465	0.7325	0.173513
-1.41	0.5575	0.189337
-1.2625	0.61	0.191938
-1.4625	0.7225	0.178738
-1.3425	0.5425	0.186025
-1.58	0.805	0.18705
-1.4775	0.75125	0.173931
-1.435	0.74625	0.184312
-1.59	0.84125	0.160612
-1.375	0.57625	0.178225
-1.445	0.60625	0.186775
-1.48	0.73125	0.181938
-1.405	0.615	0.174256
-1.5175	0.77	0.183713
-1.3975	0.68125	0.180106
-1.49	0.77875	0.165912
-1.505	0.79875	0.172488
-1.4225	0.64	0.172219
-1.435	0.605	0.201762
-1.365	0.485	0.2012
-1.395	0.5075	0.202863
-1.385	0.5025	0.2049
-1.4175	0.71375	0.194519
-1.3625	0.64	0.171206
-1.5425	0.7825	0.181262
-1.4825	0.74625	0.175544
-1.335	0.595	0.198981
-1.595	0.85375	0.176069
-1.44	0.655	0.179769
-1.4925	0.7375	0.1964
-1.555	0.75375	0.182419
-1.615	0.8275	0.183681
-1.37	0.57125	0.187869
-1.4225	0.6275	0.187219
-1.4175	0.6975	0.172875
-1.2925	0.37375	0.208769
-1.56	0.81125	0.169825
-1.5075	0.7775	0.170344
-1.49	0.7975	0.171613
-1.5025	0.795	0.168
-1.53	0.8075	0.159787
-1.56	0.85125	0.147769
-1.545	0.835	0.167544
-1.4175	0.6925	0.154463
-1.4725	0.735	0.173687
-1.505	0.73875	0.202069
-1.44	0.65125	0.175888
-1.42	0.645	0.200081
-1.4975	0.7675	0.167862
-1.425	0.71	0.175187
-1.4625	0.7525	0.17885
-1.3725	0.57875	0.188819
-1.5625	0.80375	0.193137
-1.5125	0.76875	0.17815
-1.5525	0.81625	0.186112
-1.5425	0.73875	0.181812
-1.3725	0.62	0.217381
-1.375	0.25625	0.212219
-1.3725	0.5075	0.202444
-1.525	0.6925	0.1886
-1.4925	0.7725	0.181438
-1.5675	0.84625	0.163131
-1.4625	0.70875	0.187138
-1.37	0.49625	0.224325
-1.46	0.735	0.197819
-1.3825	0.655	0.189488
-1.4525	0.61375	0.188794
-1.475	0.78625	0.168313
-1.29	0.36375	0.19925
-1.3375	0.28375	0.2257
-1.395	0.45875	0.213037
-1.375	0.35375	0.217563
-1.4275	0.42875	0.217312
-1.33	0.0325	0.223531
-1.415	0.07125	0.230019
-1.45	-0.19	0.220094
-1.4325	0.23125	0.216944
-1.275	0.18125	0.2214
-1.2325	0.55125	0.212887
-1.485	0.79	0.188719
-1.37	0.65625	0.180556
-1.3875	0.6725	0.162131
-1.52	0.72125	0.189156
-1.28	0.595	0.197069
-1.46	0.66375	0.191206
-1.3625	0.52375	0.213563
-1.4425	0.43125	0.203788
-1.3975	0.5825	0.205769
-1.2925	0.52125	0.198244
-1.445	0.62625	0.20515
-1.3775	0.6725	0.188381
-1.4475	0.59375	0.192506
-1.4575	0.58625	0.192325
-1.38	0.37	0.212006
-1.4375	0.64875	0.197094
-1.38	0.6625	0.191656
-1.4675	0.64625	0.196506
-1.415	0.7075	0.183919
-1.3425	0.6475	0.179862
-1.4	0.64375	0.166181
-1.5375	0.73	0.192069
-1.2875	0.35375	0.205656
-1.4525	0.72625	0.207787
-1.505	0.765	0.184381
-1.51	0.77625	0.186719
-1.555	0.81875	0.173012
-1.305	0.645	0.172044
-1.535	0.78375	0.193794
-1.335	0.5225	0.170544
-1.5125	0.66375	0.181344
-1.4725	0.7	0.193531
-1.445	0.6775	0.1965
-1.3925	0.62375	0.190806
-1.47	0.72625	0.203212
-1.4625	0.7625	0.172581
-1.51	0.74875	0.175344
-1.415	0.66875	0.1763
-1.4725	0.69625	0.197862
-1.4975	0.695	0.183131
-1.4975	0.79875	0.178231
-1.45	0.7325	0.169719
-1.4675	0.7475	0.17045
-1.4575	0.72125	0.184181
-1.5325	0.6875	0.177269
-1.4225	0.65625	0.193569
-1.5	0.78	0.165969
-1.5175	0.8175	0.183363
-1.4825	0.77875	0.170744
-1.48	0.71375	0.18075
-1.525	0.6825	0.187956
-1.3825	0.73625	0.194694
-1.49	0.8025	0.182181
-1.515	0.805	0.16935
-1.445	0.71375	0.160806
-1.52	0.81	0.187956
-1.505	0.79375	0.172044
-1.555	0.7925	0.153794
-1.5175	0.7725	0.173775
-1.5425	0.825	0.169075
-1.39	0.71625	0.169644
-1.38	0.685	0.199856
-1.4775	0.78	0.168725
-1.4375	0.7725	0.16505
-1.33	0.625	0.170538
-1.415	0.71125	0.198819
-1.4725	0.55	0.205431
-1.4775	0.72875	0.177681
-1.5325	0.755	0.181194
-1.38	0.735	0.1698
-1.3425	0.59375	0.187344
-1.5375	0.77375	0.179387
-1.4875	0.75	0.162469
-1.43	0.7475	0.166213
-1.455	0.77	0.171187
-1.5725	0.845	0.168662
-1.35	0.60625	0.173806
-1.5175	0.79	0.175994
-1.4175	0.62875	0.177056
-1.4475	0.56375	0.195975
-1.3425	0.6075	0.200419
-1.425	0.5975	0.193487
-1.5025	0.7425	0.188512
-1.4375	0.68875	0.164706
-1.58	0.845	0.163006
-1.4375	0.76	0.156612
-1.4825	0.7475	0.151512
-1.48	0.785	0.161425
-1.525	0.8175	0.1652
-1.455	0.75625	0.170906
-1.4525	0.75125	0.179062
-1.4825	0.7425	0.176594
-1.4725	0.74625	0.161306
-1.4025	0.6125	0.189794
-1.5225	0.675	0.216038
-1.4625	0.65	0.208337
-1.575	0.79125	0.195406
-1.4675	0.65875	0.192838
-1.44	0.70875	0.184
-1.4975	0.76625	0.179475
-1.545	0.8425	0.169431
-1.545	0.79	0.1669
-1.5	0.755	0.167137
-1.525	0.76625	0.180781
-1.395	0.725	0.189381
-1.5225	0.6725	0.191425
-1.395	0.6625	0.189438
-1.5075	0.78	0.177725
-1.455	0.75	0.186413
-1.4825	0.79875	0.160344
-1.555	0.76875	0.1481
-1.565	0.81875	0.181563
-1.4525	0.68875	0.177013
-1.485	0.73625	0.199475
-1.3975	0.44375	0.198525
-1.325	0.2	0.231244
-1.345	0.36625	0.248294
-1.4125	0.49375	0.203725
-1.3175	0.5325	0.212856
-1.4475	0.7475	0.205512
-1.5575	0.785	0.18875
-1.53	0.7675	0.153187
-1.425	0.6575	0.188862
-1.5125	0.79875	0.168219
-1.4375	0.6525	0.171044
-1.385	0.57875	0.204694
-1.4175	0.70875	0.194537
-1.5175	0.7975	0.178544
-1.58	0.82	0.17005
-1.4375	0.72625	0.182356
-1.5025	0.7525	0.173144
-1.585	0.8225	0.167675
-1.4575	0.73125	0.177469
-1.4925	0.8025	0.171719
-1.41	0.725	0.158825
-1.475	0.7775	0.177525
-1.4425	0.73625	0.171981
-1.545	0.755	0.174094
-1.4	0.55375	0.187844
-1.575	0.84875	0.190475
-1.475	0.74875	0.175825
-1.5075	0.81625	0.170662
-1.475	0.73375	0.167525
-1.47	0.66875	0.186112
-1.3975	0.6575	0.188569
-1.35	0.525	0.203375
-1.485	0.71375	0.186331
-1.47	0.765	0.168669
-1.535	0.63625	0.193956
-1.4425	0.48875	0.204988
-1.4025	0.17	0.234181
-1.4575	0.465	0.227087
-1.2725	0.1975	0.225837
-1.36	0.11125	0.237231
-1.415	-0.1675	0.222644
-1.43	-0.36	0.212325
-1.325	-0.64625	0.181344
-1.4425	-0.69	0.177831
-1.545	-0.78375	0.182706
-1.5675	-0.83	0.166794
-1.52	-0.80125	0.154831
-1.5125	-0.72125	0.165875
-1.61	-0.84125	0.166187
-1.4625	-0.74875	0.153713
-1.4625	-0.72625	0.1819
-1.47	-0.74	0.179219
-1.46	-0.72625	0.176231
-1.525	-0.735	0.178531
-1.375	-0.68875	0.170056
-1.4225	-0.66875	0.176412
-1.52	-0.79875	0.174163
-1.6425	-0.87125	0.168675
-1.49	-0.78	0.178331
-1.5175	-0.755	0.18485
-1.4275	-0.57	0.20655
-1.4775	-0.7675	0.186975
-1.4775	-0.7925	0.162888
-1.4	-0.7	0.169912
-1.3625	-0.55125	0.194744
-1.4475	-0.73625	0.203212
-1.3675	-0.595	0.188894
-1.4825	-0.7275	0.2016
-1.415	-0.70375	0.164869
-1.5775	-0.83875	0.173563
-1.435	-0.64625	0.1822
-1.36	-0.44875	0.198612
-1.48	-0.54375	0.1963
-1.3075	-0.37125	0.220875
-1.2825	-0.0525	0.230806
-1.3675	0.405	0.220225
-1.4325	0.4025	0.20755
-1.5275	0.7475	0.2014
-1.3925	0.62375	0.187044
-1.485	0.6475	0.179419
-1.305	0.5375	0.191825
-1.425	0.53125	0.202706
-1.4425	0.68125	0.1817
-1.4175	0.66	0.195056
-1.3575	0.68625	0.196094
-1.375	0.67125	0.183862
-1.4325	0.4475	0.203881
-1.405	0.64125	0.204931
-1.4925	0.715	0.184944
-1.4775	0.63875	0.176569
-1.405	0.5475	0.183744
-1.385	0.40125	0.213944
-1.4275	0.7	0.190806
-1.4675	0.72	0.189887
-1.4475	0.74375	0.176331
-1.4075	0.5725	0.185869
-1.365	0.5575	0.19345
-1.455	0.75	0.1961
-1.445	0.76625	0.162306
-1.575	0.83	0.154831
-1.4325	0.64625	0.182181
-1.4075	0.72375	0.181938
-1.545	0.81125	0.1569
-1.5025	0.80125	0.157662
-1.3675	0.63625	0.166025
-1.36	0.67125	0.186138
-1.4825	0.75875	0.18245
-1.45	0.67	0.187656
-1.58	0.8475	0.163188
-1.5375	0.775	0.18455
-1.3925	0.72875	0.170856
-1.4725	0.7375	0.178706
-1.4025	0.53625	0.193631
-1.42	0.5075	0.211719
-1.2825	0.405	0.208437
-1.3875	0.18	0.230125
-1.3475	0.03375	0.221306
-1.28	0.28375	0.224825
-1.495	0.73875	0.196375
-1.515	0.80625	0.17385
-1.48	0.77625	0.16775
-1.405	0.59375	0.191262
-1.46	0.74625	0.1857
-1.5775	0.7575	0.178406
-1.375	0.65375	0.185869
-1.4825	0.71125	0.186462
-1.4225	0.7125	0.176231
-1.4	0.67875	0.184406
-1.5025	0.77125	0.1672
-1.5775	0.81875	0.198875
-1.5175	0.785	0.168531
-1.5025	0.78625	0.176006
-1.625	0.875	0.168606
-1.3375	0.57125	0.165169
-1.48	0.7525	0.183731
-1.565	0.8075	0.1696
-1.3575	0.48	0.22135
-1.485	0.77875	0.180494
-1.5425	0.81375	0.1728
-1.3875	0.6925	0.174456
-1.425	0.62125	0.203431
-1.415	0.58875	0.194988
-1.475	0.73125	0.1852
-1.575	0.82625	0.182938
-1.5025	0.76	0.170056
-1.4525	0.72875	0.170356
-1.4175	0.7125	0.168381
-1.5625	0.81625	0.163906
-1.3975	0.69625	0.171088
-1.5175	0.8125	0.172256
-1.445	0.66	0.181138
-1.47	0.7225	0.177175
-1.5225	0.7275	0.180637
-1.4275	0.69625	0.198944
-1.3925	0.5725	0.176781
-1.47	0.78	0.177537
-1.4975	0.775	0.168287
-1.4575	0.54	0.192312
-1.4525	0.58625	0.197419
-1.4725	0.665	0.184244
-1.44	0.7275	0.197538
-1.4475	0.68125	0.178994
-1.5725	0.815	0.173294
-1.5175	0.805	0.151225
-1.525	0.8225	0.177775
-1.4625	0.67875	0.179844
-1.3825	0.59625	0.189213
-1.33	0.4925	0.216056
-1.4425	0.685	0.199825
-1.4625	0.73375	0.183681
-1.45	0.7275	0.182931
-1.5675	0.83625	0.179531
-1.3525	0.65125	0.168188
-1.56	0.75	0.183394
-1.5475	0.815	0.163825
-1.425	0.6525	0.186863
-1.3575	0.34375	0.204906
-1.5225	0.72625	0.201125
-1.4775	0.71625	0.1888
-1.485	0.425	0.194744
-1.345	0.49375	0.209306
-1.31	0.285	0.223544
-1.3575	0.3475	0.220662
-1.42	0.42875	0.215644
-1.4125	0.2925	0.226569
-1.355	-0.0525	0.22805
-1.41	-0.365	0.218588
-1.3575	-0.0875	0.223137
-1.33	-0.35375	0.221494
-1.46	-0.71125	0.21055
-1.4525	-0.69125	0.1952
-1.485	-0.725	0.179081
-1.5325	-0.80125	0.166531
-1.545	-0.775	0.171056
-1.5475	-0.78125	0.179781
-1.4325	-0.68	0.189056
-1.4425	-0.77375	0.189744
-1.4675	-0.71625	0.188188
-1.4875	-0.78875	0.1638
-1.4025	-0.68125	0.171462
-1.425	-0.7075	0.178706
-1.5475	-0.75875	0.171844
-1.5825	-0.8425	0.162856
-1.5025	-0.69375	0.163431
-1.4025	-0.74375	0.200588
-1.4775	-0.68125	0.185287
-1.45	-0.7375	0.181094
-1.395	-0.66	0.196112
-1.5125	-0.745	0.180138
-1.4075	-0.69125	0.182019
-1.44	-0.7525	0.181181
-1.56	-0.79125	0.171081
-1.5025	-0.72375	0.164325
-1.5775	-0.82	0.166906
-1.5775	-0.79	0.169988
-1.51	-0.82	0.164763
-1.34	-0.6275	0.169425
-1.505	-0.7475	0.187112
-1.56	-0.78125	0.168319
-1.4625	-0.78375	0.169387
-1.5575	-0.8375	0.169294
-1.4975	-0.75125	0.163944
-1.465	-0.58625	0.192688
-1.445	-0.72125	0.208062
-1.445	-0.75375	0.1665
-1.57	-0.825	0.176744
-1.49	-0.68375	0.163944
-1.6025	-0.83375	0.161525
-1.495	-0.78875	0.15905
-1.46	-0.71875	0.167525
