# nm = 1024 nc = 100 len = 50 extf = 0 beta = 0.432
#energy 	magnetization 	acceptance
-1.2256	-0.032	0.25438
-1.28	-0.1112	0.243836
-1.2224	-0.1192	0.243352
-1.2688	-0.1512	0.243544
-1.2432	-0.0752	0.237628
-1.272	-0.2968	0.26034
-1.216	-0.3016	0.247456
-1.3872	-0.312	0.240276
-1.328	-0.5656	0.234652
-1.368	-0.5928	0.216728
-1.416	-0.6944	0.215324
-1.408	-0.6712	0.20934
-1.4032	-0.5752	0.211072
-1.3632	-0.6672	0.216068
-1.3504	-0.6224	0.212568
-1.3712	-0.4856	0.222884
-1.2496	-0.3672	0.248368
-1.2672	-0.3184	0.25074
-1.3312	-0.176	0.250104
-1.2944	-0.4576	0.24028
-1.2944	-0.156	0.261564
-1.3088	-0.0912	0.247308
-1.3136	-0.0032	0.250448
-1.288	0.1816	0.252964
-1.2832	0.1712	0.245388
-1.3136	0.2088	0.24326
-1.3872	0.4576	0.253596
-1.3936	0.4632	0.21674
-1.3744	0.4984	0.22688
-1.3408	0.444	0.222864
-1.304	0.1896	0.253152
-1.3728	0.3144	0.217936
-1.2896	0.3576	0.225784
-1.4256	0.668	0.21816
-1.2944	0.5568	0.221484
-1.4448	0.7576	0.217812
-1.368	0.6432	0.20242
-1.4832	0.7032	0.213484
-1.3984	0.6456	0.219544
-1.3344	0.5	0.216984
-1.3504	0.6064	0.214148
-1.3712	0.632	0.214696
-1.2896	0.4032	0.22752
-1.3856	0.5048	0.232892
-1.3856	0.6944	0.204364
-1.3824	0.6872	0.201348
-1.3616	0.5808	0.22818
-1.2656	0.3536	0.24744
-1.3584	0.6088	0.238532
-1.344	0.5792	0.219804
-1.3104	0.5192	0.216708
-1.3392	0.5056	0.232804
-1.3168	0.6592	0.235688
-1.3584	0.66	0.201996
-1.4192	0.6488	0.21092
-1.3968	0.6224	0.221044
-1.2864	0.4336	0.241048
-1.304	0.4544	0.221232
-1.376	0.4888	0.222228
-1.4496	0.744	0.202756
-1.3312	0.6496	0.199416
-1.3488	0.5176	0.213172
-1.4	0.4968	0.241288
-1.328	0.6088	0.220552
-1.4016	0.712	0.207708
-1.4112	0.5344	0.212256
-1.4208	0.596	0.223444
-1.3952	0.6472	0.205976
-1.2656	0.4984	0.233632
-1.3792	0.5072	0.230452
-1.312	0.4368	0.229384
-1.3616	0.484	0.241572
-1.2192	0.4336	0.228724
-1.3504	0.564	0.226852
-1.2368	0.3408	0.231124
-1.336	0.2256	0.252768
-1.3008	0.044	0.239508
-1.2912	-0.0336	0.2447
-1.2864	0.1816	0.230812
-1.3232	0.3944	0.250816
-1.352	0.3544	0.233904
-1.336	0.1664	0.24146
-1.2992	0.2744	0.232444
-1.3136	0.1128	0.256552
-1.2912	0.0536	0.251936
-1.3008	0.1608	0.251896
-1.3168	0.2304	0.232804
-1.2912	0.4056	0.239788
-1.2416	0.1848	0.244104
-1.2896	-0.0824	0.252056
-1.2592	-0.3336	0.242008
-1.352	-0.656	0.229452
-1.44	-0.6856	0.195044
-1.3456	-0.484	0.228696
-1.4208	-0.6912	0.221324
-1.576	-0.7464	0.212996
-1.2128	-0.3432	0.227248
-1.3312	-0.3952	0.245092
-1.2944	-0.332	0.24178
-1.3104	-0.2632	0.234192
-1.3056	-0.2128	0.244252
-1.2464	-0.3392	0.245264
-1.2752	-0.208	0.243
-1.2832	-0.38	0.2429
-1.2512	-0.2832	0.233484
-1.3264	-0.2304	0.245976
-1.1808	-0.088	0.24844
-1.2752	-0.1856	0.27036
-1.3248	-0.3568	0.252208
-1.3488	-0.2112	0.23256
-1.256	-0.0176	0.250888
-1.3728	-0.3208	0.249628
-1.2672	-0.356	0.22908
-1.3648	-0.56	0.234036
-1.3696	-0.552	0.226264
-1.3152	-0.5736	0.220468
-1.3616	-0.5488	0.208124
-1.3712	-0.6096	0.226024
-1.3184	-0.5664	0.224704
-1.296	-0.548	0.234652
-1.2848	-0.4016	0.241692
-1.3792	-0.6648	0.214084
-1.3248	-0.5584	0.220196
-1.3072	-0.6296	0.211988
-1.3824	-0.5488	0.22542
-1.376	-0.5936	0.232856
-1.3856	-0.548	0.222004
-1.3504	-0.5752	0.228152
-1.4096	-0.6392	0.215552
-1.3504	-0.6568	0.215904
-1.4176	-0.6592	0.214788
-1.48	-0.7312	0.219936
-1.2608	-0.5624	0.208812
-1.36	-0.6584	0.21264
-1.3744	-0.68	0.199636
-1.3664	-0.6424	0.213324
-1.3296	-0.5456	0.212988
-1.3344	-0.5896	0.221668
-1.3792	-0.3968	0.2379
-1.296	-0.1872	0.24164
-1.3408	-0.412	0.2403
-1.2736	-0.3536	0.225156
-1.3264	-0.3384	0.224116
-1.2288	-0.268	0.243744
-1.352	-0.4264	0.255624
-1.368	-0.6176	0.237828
-1.2784	-0.2648	0.234396
-1.3008	-0.2792	0.238688
-1.3232	-0.248	0.24026
-1.264	-0.136	0.248184
-1.2912	-0.392	0.251984
-1.3376	-0.44	0.232568
-1.3296	-0.544	0.233832
-1.3536	-0.568	0.231976
-1.3328	-0.3096	0.237324
-1.1616	0.0336	0.250804
-1.248	-0.2608	0.24956
-1.3344	-0.6376	0.225436
-1.3872	-0.6368	0.202652
-1.328	-0.34	0.226004
-1.4128	-0.6144	0.22782
-1.4016	-0.5488	0.210504
-1.3408	-0.4568	0.232556
-1.2816	-0.3648	0.24566
-1.2064	-0.0184	0.270732
-1.28	0.1488	0.261588
-1.3744	0.352	0.243344
-1.1856	0.1464	0.252804
-1.2288	-0.0984	0.264064
-1.24	0.0232	0.258216
-1.2768	0.1568	0.250372
-1.36	0.2936	0.245044
-1.3072	-0.0568	0.236944
-1.264	-0.02	0.235936
-1.2144	0.1616	0.253444
-1.3728	0.2568	0.243724
-1.3824	0.4088	0.223168
-1.3088	0.3624	0.233152
-1.2528	0.1872	0.24846
-1.3232	0.1984	0.252056
-1.2864	0.2592	0.240864
-1.2032	0.2136	0.234612
-1.328	0.104	0.240052
-1.3536	0.104	0.252992
-1.2784	-0.1336	0.252156
-1.3024	-0.32	0.24738
-1.3168	-0.2792	0.253076
-1.288	-0.2152	0.24764
-1.3056	-0.4344	0.245824
-1.3408	-0.6488	0.233776
-1.3424	-0.6224	0.213732
-1.3888	-0.56	0.21024
-1.3808	-0.6584	0.216836
-1.344	-0.6688	0.223524
-1.4096	-0.6808	0.20986
-1.4672	-0.6992	0.192404
-1.3248	-0.468	0.205188
-1.2832	-0.524	0.241664
-1.3824	-0.6768	0.203956
-1.5632	-0.8248	0.188428
-1.2672	-0.448	0.2155
-1.2912	-0.2264	0.261412
-1.2	-0.1624	0.249968
-1.3248	-0.3528	0.236584
-1.3296	-0.2096	0.22626
-1.3184	-0.3784	0.246212
-1.2656	-0.288	0.24394
-1.28	-0.224	0.24756
-1.3152	-0.2584	0.256924
-1.2528	-0.044	0.24996
-1.264	0.108	0.2484
-1.3296	0.128	0.255052
-1.1984	0.2448	0.263528
-1.2608	0.2632	0.250812
-1.2784	0.2824	0.24132
-1.336	0.3504	0.243452
-1.3104	0.4832	0.228592
-1.3488	0.284	0.229836
-1.3728	0.5416	0.23324
-1.4112	0.5512	0.221768
-1.3408	0.6328	0.21392
-1.392	0.6472	0.206784
-1.368	0.5856	0.222732
-1.4208	0.4672	0.208032
-1.2528	0.4424	0.222836
-1.216	0.3544	0.251
-1.2496	0.3864	0.260352
-1.36	0.396	0.243488
-1.3408	0.4592	0.238932
-1.3232	0.5848	0.243972
-1.4368	0.7104	0.201044
-1.3984	0.5736	0.205716
-1.3744	0.224	0.233972
-1.3184	0.416	0.235104
-1.3328	0.4024	0.228004
-1.3328	0.5368	0.224824
-1.3936	0.6832	0.219708
-1.488	0.768	0.192032
-1.3664	0.5368	0.202644
-1.384	0.5968	0.242116
-1.3424	0.4408	0.224276
-1.3296	0.4688	0.245204
-1.3472	0.3528	0.24174
-1.3248	0.3352	0.239296
-1.3136	0.1144	0.247464
-1.3232	0.1136	0.24006
-1.2688	0.2784	0.248504
-1.2848	0.056	0.258688
-1.304	0.0192	0.24468
-1.2368	0.1088	0.241232
-1.2496	0.2792	0.245692
-1.3536	0.468	0.245296
-1.3568	0.1736	0.21896
-1.2816	0.1744	0.245564
-1.3808	-0.5048	0.240868
-1.3488	-0.4584	0.232824
-1.3568	-0.5776	0.212908
-1.336	-0.5016	0.230764
-1.3952	-0.636	0.21764
-1.4272	-0.6808	0.231824
-1.344	-0.4872	0.212584
-1.3056	-0.428	0.237536
-1.4256	-0.712	0.215092
-1.4336	-0.7528	0.197692
-1.3472	-0.6024	0.196552
-1.392	-0.6152	0.219688
-1.3712	-0.6168	0.224768
-1.3232	-0.4928	0.22418
-1.3376	-0.5184	0.241472
-1.3616	-0.5632	0.223744
-1.368	-0.5648	0.221112
-1.3808	-0.5816	0.21134
-1.3536	-0.6032	0.210876
-1.4976	-0.732	0.22142
-1.424	-0.6264	0.213432
-1.4368	-0.728	0.212124
-1.2464	-0.4944	0.21456
-1.3392	-0.636	0.236012
-1.4096	-0.6896	0.215564
-1.32	-0.584	0.21044
-1.3024	-0.572	0.208644
-1.3408	-0.572	0.227608
-1.3296	-0.5344	0.2191
-1.4736	-0.6504	0.215844
-1.368	-0.4776	0.217048
-1.36	-0.6528	0.23786
-1.3616	-0.6	0.234208
-1.336	-0.5368	0.215268
-1.3568	-0.6368	0.211116
-1.3616	-0.3912	0.225148
-1.2944	-0.2152	0.23992
-1.3056	0.0064	0.247388
-1.3584	0.2816	0.241816
-1.3008	0.204	0.242092
-1.3856	0.2896	0.243324
-1.3552	0.4192	0.221048
-1.2448	-0.0184	0.244036
-1.2528	-0.2112	0.239108
-1.4112	-0.4736	0.23728
-1.1824	-0.2456	0.23998
-1.2704	-0.3216	0.255028
-1.3376	-0.3328	0.257296
-1.3184	-0.3408	0.240352
-1.272	-0.1912	0.219412
-1.3568	-0.4688	0.221164
-1.2992	-0.2464	0.234352
-1.336	-0.2808	0.22842
-1.296	-0.3344	0.239628
-1.2896	-0.3888	0.229512
-1.3184	-0.5128	0.23398
-1.3408	-0.4968	0.236392
-1.2864	-0.2976	0.233012
-1.2768	-0.2872	0.238836
-1.2448	-0.3064	0.243624
-1.2832	-0.284	0.255632
-1.28	-0.5264	0.241924
-1.344	-0.4192	0.236984
-1.2784	-0.3928	0.243228
-1.2992	-0.4072	0.232832
-1.376	-0.6024	0.230048
-1.3264	-0.66	0.20272
-1.4464	-0.6904	0.209296
-1.3856	-0.6504	0.210168
-1.3872	-0.6016	0.230916
-1.368	-0.632	0.211632
-1.3296	-0.4536	0.21738
-1.2832	-0.3472	0.244908
-1.3088	-0.5344	0.242744
-1.2864	-0.5832	0.232708
-1.3872	-0.644	0.219376
-1.4352	-0.6824	0.18872
-1.3264	-0.5792	0.220092
-1.5824	-0.8288	0.192424
-1.3936	-0.6544	0.215408
-1.4368	-0.7144	0.2081
-1.3616	-0.6304	0.216852
-1.3984	-0.7064	0.201524
-1.3536	-0.52	0.204204
-1.3664	-0.5864	0.214852
-1.3856	-0.5072	0.229012
-1.3824	-0.5008	0.225248
-1.32	-0.4432	0.240264
-1.3232	-0.3976	0.240924
-1.2976	-0.38	0.240376
-1.328	-0.4552	0.228232
-1.2832	-0.5488	0.23562
-1.4208	-0.7112	0.224996
-1.4368	-0.68	0.204604
-1.3712	-0.5904	0.223848
-1.3696	-0.5544	0.221564
-1.3376	-0.5256	0.224592
-1.28	-0.4976	0.217412
-1.272	-0.5008	0.215272
-1.4	-0.72	0.225984
-1.3568	-0.6256	0.21736
-1.448	-0.7352	0.207132
-1.4464	-0.7192	0.200912
-1.3904	-0.6648	0.185496
-1.3136	-0.6104	0.21556
-1.4464	-0.6	0.221124
-1.4192	-0.6376	0.227204
-1.3008	-0.5192	0.240896
-1.4192	-0.7472	0.214956
-1.424	-0.6992	0.211688
-1.3264	-0.5344	0.216032
-1.2432	-0.2656	0.24376
-1.4368	-0.608	0.223288
-1.3952	-0.54	0.2223
-1.3504	-0.2584	0.231296
-1.208	0.016	0.261212
-1.2016	-0.1024	0.268888
-1.2256	-0.3376	0.268136
-1.2208	-0.3656	0.255292
-1.264	-0.1344	0.262444
-1.2992	-0.244	0.252172
-1.2688	-0.476	0.237624
-1.3888	-0.6104	0.23192
-1.4112	-0.7336	0.218392
-1.5088	-0.7584	0.192204
-1.448	-0.7376	0.204528
-1.4032	-0.6912	0.187928
-1.3808	-0.5992	0.200948
-1.2944	-0.124	0.235696
-1.328	-0.2552	0.229888
-1.2592	-0.232	0.23758
-1.36	-0.3872	0.227784
-1.2	-0.1768	0.233876
-1.232	-0.424	0.245436
-1.2672	-0.4728	0.229004
-1.2768	-0.2608	0.238396
-1.3456	-0.212	0.252516
-1.2608	-0.0976	0.249532
-1.36	-0.4032	0.243664
-1.344	-0.4352	0.23192
-1.3104	-0.4152	0.224284
-1.2928	-0.5016	0.24156
-1.3168	-0.388	0.214896
-1.304	-0.4648	0.23108
-1.4096	-0.6344	0.221248
-1.3616	-0.5832	0.207568
-1.3472	-0.6192	0.220468
-1.4032	-0.6736	0.202488
-1.2784	-0.5608	0.212636
-1.5168	-0.752	0.20714
-1.4288	-0.6696	0.193508
-1.4608	-0.6992	0.204436
-1.4336	-0.6696	0.198532
-1.4176	-0.6432	0.213148
-1.2848	-0.3344	0.23008
-1.3664	-0.4296	0.238036
-1.312	-0.4016	0.23318
-1.3888	-0.5944	0.2181
-1.28	-0.2592	0.23982
-1.3856	-0.0112	0.254424
-1.3792	0.1312	0.231792
-1.232	-0.3576	0.244044
-1.352	-0.5416	0.225096
-1.4768	-0.7288	0.217952
-1.1952	-0.2584	0.213136
-1.28	0.0072	0.260608
-1.24	-0.2528	0.248836
-1.304	0.044	0.237476
-1.3312	-0.1392	0.245964
-1.3184	-0.3264	0.247048
-1.264	-0.2304	0.24224
-1.3392	-0.0272	0.235408
-1.2304	0.0384	0.24508
-1.24	0.1944	0.253052
-1.3984	0.1832	0.233056
-1.3488	0.16	0.234764
-1.2592	0.4176	0.2344
-1.384	0.2768	0.23236
-1.2944	0.272	0.231608
-1.272	0.0144	0.23956
-1.2704	-0.1192	0.251556
-1.2688	-0.2944	0.252804
-1.2896	-0.3632	0.252752
-1.3248	-0.6144	0.231784
-1.3056	-0.4808	0.232444
-1.3776	-0.6224	0.22298
-1.3408	-0.648	0.211
-1.3424	-0.6096	0.2286
-1.424	-0.6296	0.194508
-1.4768	-0.7384	0.194008
-1.424	-0.7456	0.196804
-1.3856	-0.6664	0.204828
-1.3712	-0.4496	0.219148
-1.3376	-0.3168	0.222192
-1.3984	-0.3512	0.228844
-1.4544	-0.732	0.217576
-1.2992	-0.556	0.212552
-1.3824	-0.5288	0.231096
-1.336	-0.5072	0.243084
-1.2192	-0.4672	0.227184
-1.3232	-0.644	0.22846
-1.36	-0.5568	0.21582
-1.3424	-0.5648	0.216248
-1.2192	-0.4512	0.234296
-1.3776	-0.584	0.23352
-1.4	-0.6368	0.213064
-1.4512	-0.688	0.205528
-1.4128	-0.7224	0.209092
-1.3776	-0.5832	0.219656
-1.3664	-0.6552	0.219664
-1.4272	-0.6608	0.20742
-1.416	-0.7144	0.201028
-1.3296	-0.5432	0.207288
-1.3824	-0.5864	0.221936
-1.3888	-0.5832	0.221888
-1.3808	-0.608	0.21854
-1.3664	-0.608	0.21148
-1.384	-0.5792	0.217344
-1.3552	-0.504	0.236832
-1.3952	-0.7376	0.204784
-1.3664	-0.4024	0.222236
-1.3072	-0.5176	0.215944
-1.3312	-0.436	0.25152
-1.2704	-0.284	0.248968
-1.2528	-0.1456	0.242572
-1.3616	0.2144	0.240392
-1.2496	0.016	0.264768
-1.3408	0.3664	0.24228
-1.32	0.1664	0.235912
-1.2576	0.2048	0.254304
-1.2752	0.3088	0.24124
-1.24	0.2104	0.245196
-1.3168	0.2176	0.24658
-1.3312	0.3216	0.23492
-1.3648	0.3112	0.244004
-1.2976	0.18	0.236768
-1.3264	0.2512	0.253004
-1.232	0.3256	0.239052
-1.2192	0.2648	0.25528
-1.2272	0.2328	0.257424
-1.2416	-0.104	0.26614
-1.288	-0.268	0.24982
-1.3488	-0.4248	0.24508
-1.3232	-0.584	0.227628
-1.4032	-0.5752	0.210836
-1.3504	-0.4424	0.216512
-1.2864	-0.468	0.243992
-1.3104	-0.568	0.233372
-1.3584	-0.4152	0.231404
-1.3856	-0.556	0.239656
-1.3616	-0.4992	0.22246
-1.4272	-0.6808	0.224596
-1.4416	-0.6576	0.2215
-1.3584	-0.3704	0.219876
-1.2192	-0.1976	0.224832
-1.3232	-0.3656	0.241368
-1.304	-0.336	0.24838
-1.4224	-0.5808	0.238008
-1.3152	-0.5056	0.22272
-1.3008	-0.432	0.233904
-1.296	-0.4072	0.247668
-1.3568	-0.4128	0.2333
-1.3904	-0.5456	0.231912
-1.4384	-0.6664	0.220748
-1.4176	-0.6816	0.206772
-1.2976	-0.5256	0.221044
-1.4272	-0.6696	0.214584
-1.3792	-0.492	0.221776
-1.352	-0.3504	0.237588
-1.3824	-0.268	0.233404
-1.336	-0.4448	0.23278
-1.328	-0.3968	0.231072
-1.3408	-0.5584	0.233512
-1.3168	-0.5688	0.206988
-1.3376	-0.5632	0.2269
-1.2208	-0.4	0.242448
-1.3568	-0.5288	0.245444
-1.3824	-0.592	0.227876
-1.3392	-0.6208	0.21424
-1.3664	-0.5488	0.217064
-1.3008	-0.3328	0.227232
-1.2096	-0.132	0.254788
-1.3408	-0.5	0.240176
-1.3968	-0.7032	0.21052
-1.3216	-0.5688	0.226232
-1.368	-0.604	0.213
-1.4176	-0.6736	0.210692
-1.4016	-0.5648	0.221512
-1.3952	-0.6568	0.211524
-1.3072	-0.364	0.220608
-1.3424	-0.1832	0.246168
-1.1984	-0.0576	0.253604
-1.2512	0.104	0.258648
-1.2992	0.212	0.248356
-1.2096	0.2512	0.256316
-1.3344	0.3816	0.268308
-1.4336	0.3424	0.243796
-1.2912	0.4016	0.236936
-1.3024	0.5616	0.225696
-1.336	0.4384	0.228264
-1.376	0.6096	0.229256
-1.3408	0.596	0.219188
-1.384	0.648	0.222476
-1.3472	0.6264	0.199612
-1.3024	0.4528	0.210556
-1.3104	0.4288	0.223016
-1.2816	0.46	0.225468
-1.2224	0.3504	0.241228
-1.2816	0.3664	0.251664
-1.368	0.492	0.239412
-1.3936	0.5496	0.22552
-1.3888	0.6	0.209596
-1.3728	0.3928	0.227716
-1.3408	0.4952	0.239384
-1.2112	0.2176	0.228932
-1.2976	0.2096	0.2412
-1.3104	-0.0784	0.247488
-1.2992	-0.1032	0.254852
-1.3232	-0.116	0.259128
-1.3904	-0.38	0.240936
-1.3136	-0.392	0.238628
-1.2736	-0.2568	0.24518
-1.2464	-0.3776	0.249412
-1.3632	-0.5776	0.2526
-1.3184	-0.5368	0.227756
-1.28	-0.4592	0.247108
-1.4032	-0.64	0.230552
-1.4096	-0.4624	0.234968
-1.2656	-0.4712	0.236508
-1.2432	-0.2296	0.244104
-1.264	0.2728	0.258632
-1.3792	0.436	0.23724
-1.3184	0.4368	0.24162
-1.2592	0.4248	0.235052
-1.392	0.5656	0.236088
-1.4528	0.6432	0.22242
-1.3248	0.5952	0.201544
-1.4192	0.6952	0.206844
-1.3824	0.6968	0.207448
-1.408	0.5672	0.211152
-1.3504	0.3776	0.225868
-1.3104	0.1944	0.24498
-1.3152	0.0872	0.246632
-1.2448	-0.2048	0.25726
-1.3072	-0.296	0.242608
-1.3344	-0.4328	0.24382
-1.4256	-0.4368	0.233116
-1.3056	-0.4024	0.234996
-1.4048	-0.552	0.232164
-1.2736	-0.2912	0.232016
-1.3008	-0.2528	0.245296
-1.32	-0.2536	0.242612
-1.264	-0.2784	0.237388
-1.336	-0.268	0.240388
-1.248	-0.4784	0.241076
-1.296	-0.544	0.227496
-1.3776	-0.604	0.215132
-1.2992	-0.5328	0.2085
-1.3296	-0.5768	0.217772
-1.4496	-0.7528	0.206352
-1.4368	-0.6976	0.21038
-1.376	-0.5936	0.219576
-1.2736	-0.464	0.239464
-1.3552	-0.5592	0.229396
-1.2704	-0.2936	0.235632
-1.36	-0.288	0.232468
-1.224	-0.2952	0.25082
-1.2144	0.0456	0.243744
-1.2944	-0.2616	0.256976
-1.3408	-0.1808	0.236596
-1.36	-0.2392	0.243028
-1.3488	-0.3256	0.24732
-1.3424	-0.4968	0.230168
-1.3152	-0.392	0.222588
-1.2416	-0.2384	0.254552
-1.256	-0.392	0.261112
-1.304	-0.3848	0.25754
-1.2688	-0.2992	0.24582
-1.3248	-0.2136	0.233884
-1.3072	-0.0072	0.246504
-1.2048	-0.1136	0.245452
-1.2896	-0.38	0.25406
-1.2288	-0.3464	0.22768
-1.3088	-0.1576	0.246504
-1.2608	-0.1632	0.2441
-1.3216	-0.0896	0.243192
-1.256	0.2064	0.246472
-1.2848	0.1088	0.241504
-1.352	0.3608	0.242276
-1.2624	0.4528	0.216796
-1.3184	0.38	0.235244
-1.3088	0.3328	0.240196
-1.304	0.2672	0.249456
-1.2752	0.3048	0.254524
-1.2896	0.0824	0.240432
-1.3248	0.0248	0.25276
-1.224	-0.0456	0.252872
-1.2736	-0.3088	0.258844
-1.3376	-0.4856	0.232164
-1.2608	-0.3536	0.248876
-1.2976	-0.3768	0.254692
-1.3456	-0.4544	0.231004
-1.4448	-0.716	0.21882
-1.3168	-0.5112	0.215392
-1.4128	-0.676	0.211456
-1.4784	-0.7672	0.191784
-1.448	-0.7152	0.193596
-1.288	-0.6416	0.218728
-1.3344	-0.5088	0.22044
-1.2448	-0.524	0.222452
-1.3824	-0.6872	0.215256
-1.4064	-0.7072	0.209164
-1.4704	-0.7424	0.203544
-1.3136	-0.388	0.224452
-1.2128	-0.3528	0.22952
-1.2864	-0.2672	0.240188
-1.3184	-0.2576	0.25128
-1.3552	-0.4528	0.235784
-1.2784	-0.0808	0.246108
-1.1952	0.0344	0.259552
-1.3424	-0.2408	0.253936
-1.2736	-0.5472	0.2271
-1.408	-0.58	0.222116
-1.3616	-0.6448	0.20894
-1.3344	-0.6968	0.20846
-1.5056	-0.8064	0.203748
-1.376	-0.62	0.192836
-1.3856	-0.6088	0.218992
-1.3632	-0.6176	0.216572
-1.3728	-0.6104	0.232908
-1.4544	-0.5784	0.223248
-1.2608	-0.3296	0.23382
-1.296	-0.4144	0.242264
-1.256	-0.1072	0.247008
-1.3888	-0.0472	0.251652
-1.2976	0.052	0.24432
-1.3008	-0.0184	0.2562
-1.2576	-0.1	0.254448
-1.3088	-0.2576	0.2495
-1.2752	-0.1848	0.242468
-1.2736	-0.1376	0.244508
-1.3184	0.0848	0.238192
-1.312	0.2432	0.246736
-1.2864	0.38	0.249604
-1.3744	0.6208	0.219804
-1.4368	0.6936	0.213996
-1.2832	0.572	0.216752
-1.4016	0.6632	0.215608
-1.312	0.5312	0.214252
-1.3136	0.5592	0.237964
-1.304	0.6088	0.197896
-1.3184	0.532	0.220816
-1.3168	0.4528	0.226924
-1.4496	0.604	0.238684
-1.4	0.6856	0.210344
-1.3952	0.5776	0.210252
-1.3552	0.432	0.227712
-1.2928	0.1856	0.25344
-1.2384	0.0408	0.242324
-1.28	0.076	0.2486
-1.3216	0.1816	0.243568
-1.2272	-0.028	0.248256
-1.2416	-0.304	0.243428
-1.3168	-0.416	0.241928
-1.2448	-0.304	0.240752
-1.2944	-0.1904	0.24072
-1.288	-0.456	0.228632
-1.3008	-0.5208	0.227124
-1.4416	-0.4848	0.2285
-1.208	-0.172	0.24174
-1.2	-0.256	0.262412
-1.2272	-0.1992	0.256372
-1.32	-0.4928	0.229884
-1.2832	-0.3632	0.237512
-1.3456	-0.46	0.238188
-1.3424	-0.3816	0.238744
-1.3792	-0.6272	0.215148
-1.3824	-0.3752	0.223116
-1.2544	-0.304	0.24434
-1.3488	-0.4856	0.245844
-1.4	-0.484	0.237664
-1.3488	-0.3216	0.217212
-1.2912	-0.488	0.2304
-1.2624	-0.3736	0.228452
-1.3856	-0.5064	0.230376
-1.2912	-0.4976	0.226804
-1.3168	-0.384	0.223744
-1.2784	-0.3448	0.249412
-1.296	-0.1576	0.23532
-1.296	0.3208	0.254664
-1.312	0.3136	0.24638
-1.432	0.6144	0.217744
-1.5008	0.7944	0.202436
-1.2912	0.3456	0.220428
-1.4272	0.5984	0.234528
-1.2864	0.4672	0.22624
-1.336	0.3936	0.233008
-1.264	0.0776	0.2485
-1.3024	0.1808	0.2419
-1.248	0.2976	0.237912
-1.2944	0.3032	0.254516
-1.2512	0.1984	0.250884
-1.312	0.3432	0.24638
-1.3904	0.468	0.235608
-1.3568	0.4936	0.23968
-1.272	0.4416	0.23394
-1.4192	0.7096	0.216428
-1.3696	0.6656	0.213228
-1.3408	0.4472	0.227156
-1.4224	0.624	0.223388
-1.3616	0.484	0.23146
-1.4432	0.5856	0.2283
-1.3184	0.5408	0.218832
-1.3632	0.7168	0.219472
-1.3088	0.5704	0.211756
-1.4656	0.6944	0.1985
-1.3888	0.592	0.22608
-1.3232	0.524	0.21822
-1.3488	0.6128	0.235556
-1.4064	0.7	0.2165
-1.3664	0.6072	0.18924
-1.2592	0.3952	0.234356
-1.224	0.3	0.236084
-1.2992	0.3576	0.253296
-1.2272	0.0032	0.254892
-1.3328	0.2488	0.251004
-1.2512	-0.0344	0.257376
-1.3376	0.0688	0.24566
-1.408	-0.2768	0.237424
-1.2432	-0.1312	0.246456
-1.3504	-0.2208	0.245816
-1.2928	-0.3192	0.246844
-1.3664	-0.4896	0.223972
-1.3328	-0.5088	0.232848
-1.4048	-0.5584	0.227408
-1.3504	-0.488	0.217464
-1.4384	-0.5944	0.228324
-1.3472	-0.5144	0.20208
-1.3104	-0.412	0.233496
-1.3456	-0.5216	0.233724
-1.3952	-0.6344	0.20918
-1.3184	-0.6184	0.213472
-1.392	-0.7112	0.208296
-1.4544	-0.76	0.200796
-1.3696	-0.6088	0.19794
-1.416	-0.6376	0.218872
-1.3664	-0.5856	0.213588
-1.3376	-0.5512	0.22814
-1.2832	-0.5232	0.224204
-1.2944	-0.3312	0.24584
-1.3456	-0.4824	0.25082
-1.4496	-0.492	0.233024
-1.3808	-0.5616	0.225108
-1.424	-0.724	0.213212
-1.4672	-0.7584	0.199556
-1.4432	-0.6896	0.209032
-1.3744	-0.656	0.224616
-1.3952	-0.648	0.221352
-1.304	-0.396	0.227084
-1.3376	-0.4592	0.23974
-1.3504	-0.5688	0.223972
-1.3456	-0.2328	0.229848
-1.264	-0.5168	0.233612
-1.3504	-0.5592	0.226588
-1.3632	-0.5848	0.214352
-1.36	-0.64	0.215404
-1.4288	-0.72	0.202344
-1.376	-0.6576	0.202848
-1.4064	-0.6936	0.215092
-1.328	-0.3904	0.22702
-1.3072	-0.116	0.234868
-1.3088	-0.2904	0.236088
-1.2976	-0.3816	0.236072
-1.24	-0.1856	0.253212
-1.392	-0.4296	0.236228
-1.304	-0.5696	0.23174
-1.3072	-0.5784	0.234996
-1.3888	-0.6688	0.216204
-1.3632	-0.6512	0.215528
-1.3536	-0.5288	0.217764
-1.3376	-0.3856	0.220004
-1.2832	-0.2752	0.232912
-1.2912	-0.3192	0.230628
-1.3536	-0.0632	0.259392
-1.2704	-0.1472	0.248764
-1.2672	-0.2976	0.23904
-1.3456	-0.3936	0.236904
-1.312	-0.3688	0.233868
-1.2592	-0.2128	0.246772
-1.2704	-0.2096	0.253264
-1.3376	-0.4768	0.240072
-1.3376	-0.4232	0.23526
-1.4256	-0.44	0.220972
-1.3216	-0.3784	0.233004
-1.1712	-0.0952	0.247368
-1.2848	0.0864	0.248372
-1.3312	0.0368	0.250576
-1.2512	-0.144	0.245672
-1.3584	-0.0048	0.262064
-1.2656	0.0376	0.259012
-1.328	-0.048	0.2559
-1.3392	-0.2792	0.244796
-1.3072	-0.2376	0.232336
-1.2624	-0.1128	0.245488
-1.2528	-0.2304	0.24542
-1.3008	-0.2	0.263904
-1.336	-0.4064	0.249824
-1.3872	-0.4808	0.227796
-1.2624	-0.2288	0.241412
-1.3696	-0.3376	0.23956
-1.384	-0.5704	0.21246
-1.3344	-0.5568	0.21654
-1.3376	-0.496	0.214544
-1.3616	-0.4136	0.227548
-1.4144	-0.7096	0.21184
-1.52	-0.7848	0.198504
-1.488	-0.7416	0.196056
-1.5152	-0.692	0.206816
-1.4112	-0.6712	0.20372
-1.2256	-0.3912	0.229416
-1.3392	-0.3248	0.246804
-1.2976	-0.2176	0.24296
-1.304	-0.4904	0.224212
-1.3408	-0.5864	0.216312
-1.3696	-0.6144	0.210796
-1.304	-0.52	0.234312
-1.3952	-0.5456	0.2384
-1.3968	-0.4736	0.224784
-1.3248	-0.4872	0.247412
-1.4448	-0.656	0.238076
-1.3472	-0.5512	0.224884
-1.376	-0.4904	0.231552
-1.2816	-0.1608	0.24604
-1.3536	-0.4344	0.261848
-1.2688	-0.3168	0.237892
-1.2944	-0.2896	0.251824
-1.3136	-0.2936	0.237956
-1.384	-0.5456	0.224484
-1.4624	-0.7344	0.213776
-1.2432	-0.5504	0.216192
-1.3744	-0.7104	0.223032
-1.4528	-0.7648	0.193312
-1.448	-0.7424	0.204368
-1.392	-0.6944	0.201688
-1.3344	-0.6504	0.196444
-1.4176	-0.6928	0.204364
-1.2496	-0.34	0.233724
-1.2496	-0.4208	0.257156
-1.4768	-0.6208	0.230376
-1.3168	-0.5184	0.233368
-1.256	-0.2888	0.24854
-1.3536	-0.2776	0.239224
-1.4176	-0.5112	0.239872
-1.424	-0.7336	0.205184
-1.432	-0.5496	0.210816
-1.3456	-0.5864	0.218216
-1.272	-0.3504	0.240524
-1.2112	-0.2216	0.230444
-1.3728	-0.3768	0.233792
-1.3712	-0.444	0.244816
-1.2384	-0.5192	0.240872
-1.4096	-0.7128	0.203096
-1.3744	-0.5576	0.215768
-1.2896	-0.5528	0.234512
-1.2448	-0.4904	0.225952
-1.432	-0.6888	0.234792
-1.4224	-0.6624	0.214844
-1.3664	-0.6376	0.21094
-1.4256	-0.7472	0.209252
-1.4272	-0.6384	0.211696
-1.2688	-0.544	0.22312
-1.352	-0.5648	0.23512
-1.4592	-0.7296	0.207304
-1.3808	-0.6864	0.193504
-1.344	-0.6632	0.2207
-1.3984	-0.7024	0.204324
-1.3904	-0.6248	0.20642
-1.3536	-0.5352	0.211424
-1.2912	-0.3968	0.216372
-1.3712	-0.4856	0.219292
-1.392	-0.628	0.213712
-1.3888	-0.644	0.217576
-1.3024	-0.2304	0.24474
-1.3024	-0.4216	0.237404
-1.2528	-0.2816	0.244796
-1.296	0.1904	0.264144
-1.2928	-0.032	0.2522
-1.3872	-0.216	0.255768
-1.2688	-0.116	0.245524
-1.2816	0.0256	0.260876
-1.2784	-0.2016	0.250808
-1.3152	-0.2208	0.226152
-1.3552	-0.16	0.237256
-1.2816	-0.0904	0.2415
-1.1824	-0.272	0.256916
-1.3328	-0.3824	0.245272
-1.3344	-0.2968	0.233532
-1.288	-0.5176	0.230632
-1.3344	-0.332	0.252152
-1.2848	-0.3736	0.24136
-1.2832	-0.2944	0.246652
-1.2784	-0.3416	0.248084
-1.264	-0.056	0.260396
-1.3072	-0.0608	0.261336
-1.3952	-0.188	0.248652
-1.44	-0.4792	0.239904
-1.3808	-0.6728	0.221256
-1.3504	-0.596	0.212232
-1.272	-0.5344	0.21526
-1.3296	-0.632	0.22428
-1.368	-0.588	0.216796
-1.3008	-0.3144	0.231816
-1.2736	-0.4136	0.243704
-1.256	-0.3368	0.240168
-1.3056	-0.4608	0.240244
-1.4512	-0.6832	0.207536
-1.4192	-0.688	0.212632
-1.4752	-0.7304	0.191436
-1.4016	-0.5424	0.211628
-1.2896	-0.3968	0.229408
-1.2832	-0.44	0.241416
-1.272	-0.2488	0.228092
-1.256	-0.1088	0.246932
-1.336	-0.3368	0.236524
-1.264	-0.36	0.23422
-1.3584	-0.524	0.239356
-1.4512	-0.652	0.218008
-1.3056	-0.5024	0.227492
-1.4016	-0.548	0.225436
-1.28	-0.3888	0.232724
-1.2912	-0.3968	0.237016
-1.2576	-0.5032	0.228244
-1.136	-0.228	0.24848
-1.3984	-0.4608	0.245284
-1.3376	-0.5232	0.229976
-1.376	-0.6312	0.22946
-1.4176	-0.6904	0.190936
-1.384	-0.6032	0.200036
-1.4496	-0.688	0.217696
-1.3408	-0.5024	0.224416
-1.3568	-0.4016	0.251608
-1.4512	-0.7512	0.216964
-1.512	-0.7752	0.17832
-1.3648	-0.656	0.201076
-1.3824	-0.6752	0.21416
-1.4416	-0.7	0.211156
-1.3984	-0.6456	0.20128
-1.296	-0.544	0.224052
-1.3664	-0.5912	0.214524
-1.3024	-0.2536	0.238944
-1.2768	0.0272	0.243676
-1.2688	0.0912	0.239456
-1.3456	0.3008	0.26228
-1.3056	0.0648	0.248756
-1.3344	0.1016	0.252264
-1.272	0.2	0.237572
-1.36	0.3496	0.225116
-1.2784	0.2752	0.253684
-1.3168	0.0744	0.251828
-1.3088	-0.1136	0.236852
-1.3744	-0.4408	0.232732
-1.4192	-0.7208	0.220616
-1.4256	-0.708	0.200856
-1.4416	-0.6768	0.195916
-1.4096	-0.6992	0.203056
-1.28	-0.424	0.215752
-1.2672	-0.3504	0.238352
-1.3712	-0.424	0.243424
-1.3152	-0.38	0.209388
-1.3264	-0.4112	0.231852
